-0.177549 -11.447024
2.431556 -10.754101
7.945842 -10.235597
8.175949 -10.247325
7.945842 -10.235597
8.175949 -10.247325
7.945844 -10.235599
8.175950 -10.247326
7.945847 -10.235603
8.175953 -10.247329
7.945845 -10.235632
8.175951 -10.247354
7.945796 -10.235781
8.175909 -10.247478
7.945406 -10.236509
8.175574 -10.248080
7.943050 -10.240002
8.173558 -10.250966
7.930142 -10.256413
8.162803 -10.264224
7.866817 -10.330247
8.107161 -10.322746
8.358090 -10.277026
8.344808 -10.276025
8.666769 -10.282288
11.400766 -10.423333
19.052376 -10.957038
