12.025108 -7.498530
8.004464 -9.552516
8.278852 -10.314637
8.071357 -10.316776
7.846624 -10.369510
8.090515 -10.354707
7.853381 -10.370656
8.096153 -10.355756
7.855807 -10.370262
8.098166 -10.355466
7.856703 -10.370078
8.098910 -10.355327
7.857036 -10.370006
8.099185 -10.355272
7.857159 -10.369980
8.099287 -10.355252
7.857204 -10.369970
8.099324 -10.355246
7.857221 -10.369967
8.099339 -10.355243
7.857228 -10.369966
8.099345 -10.355242
2.163167 -10.850573
-1.013700 -11.314762
-4.326690 -13.008801
-12.239249 -18.212942
