-0.257170 13.271136
0.403803 9.193274
0.881775 5.957495
1.311367 2.570681
6.376206 -7.574198
8.098134 -9.544711
8.053749 -9.513299
8.098047 -9.544690
8.053634 -9.513269
8.097841 -9.544633
8.053362 -9.513184
8.097359 -9.544457
8.052727 -9.512925
8.096241 -9.543917
8.051267 -9.512119
8.093704 -9.542201
8.047990 -9.509570
8.088113 -9.536687
8.040901 -9.501348
8.076406 -9.518646
8.026663 -9.474411
8.054418 -9.459085
8.001974 -9.386128
8.021647 -9.260988
7.976813 -9.092698
8.052801 -8.579878
10.094060 -10.110045
14.368219 -14.372149
