-4.873239 17.876364
-6.783545 10.039132
-7.547384 7.111321
-7.835364 6.550201
-7.957178 6.328774
-8.082336 6.107934
-8.117577 6.054804
-8.168482 5.963412
-8.170431 5.966679
-8.195950 5.917562
-8.388374 5.321920
-10.882752 -1.265645
-10.535374 -2.954183
-9.174553 -8.173772
-9.245778 -8.071807
-9.174560 -8.173766
-9.245787 -8.071800
-9.174585 -8.173748
-9.245815 -8.071780
-9.174663 -8.173695
-9.245902 -8.071717
-9.174905 -8.173529
-9.246179 -8.071528
-9.175682 -8.173034
-9.247063 -8.070963
-9.178323 -8.171859
-9.250092 -8.069686
-9.189602 -8.173434
-9.263369 -8.072537
-9.268459 -8.254722
-9.370205 -8.145030
-9.614660 -8.118480
-9.481173 -8.220842
-10.532722 -8.040664
-9.974316 -8.136699
-9.822833 -8.189282
-10.105452 -8.065457
-9.938772 -8.124356
-10.160185 -8.029004
-9.987617 -8.091514
-9.811323 -8.175254
-10.009095 -8.076741
-9.820107 -8.169039
-10.018684 -8.070142
-9.823950 -8.166343
-10.022930 -8.067225
-9.825658 -8.165149
-10.024824 -8.065923
-9.826420 -8.164617
-10.025669 -8.065344
-9.826761 -8.164380
-10.026047 -8.065084
-13.698803 -7.521530
-17.263670 -13.648634
