2.487417 -17.508554
5.622880 -13.336463
8.312460 -11.138459
8.218284 -11.196803
8.312424 -11.138822
8.218190 -11.197299
8.312138 -11.139808
8.217657 -11.198663
8.310740 -11.142549
8.215272 -11.202487
8.304826 -11.150319
8.205604 -11.213430
8.281293 -11.172983
8.167738 -11.245786
8.197443 -11.239312
8.040171 -11.339044
7.927816 -11.425567
8.187644 -11.223902
8.277876 -10.986085
8.069756 -11.107722
7.909269 -10.494417
8.144699 -10.454913
8.028517 -9.471438
7.964013 -9.221686
7.947627 -9.039430
7.929372 -9.042760
7.928717 -8.981048
7.920666 -9.018880
7.924753 -8.973128
7.918836 -9.015661
7.923995 -8.972031
7.918486 -9.015214
7.923857 -8.971873
7.918422 -9.015149
7.923833 -8.971849
7.918410 -9.015140
7.923829 -8.971847
7.918409 -9.015138
7.923828 -8.971846
7.918408 -9.015138
7.382419 -7.982351
8.177044 -5.380511
9.977926 0.523097
9.853530 0.242592
9.816326 -0.024596
9.717011 -0.150114
9.977822 0.522711
9.853438 0.242151
9.816206 -0.025402
9.716918 -0.150958
9.977694 0.521047
9.853391 0.240222
9.816645 -0.029022
9.717712 -0.154935
9.980037 0.512912
9.856378 0.230580
9.828524 -0.048599
9.733932 -0.177876
10.021491 0.464739
9.905671 0.167924
10.028436 -0.200911
10.131124 0.272933
10.423410 0.302970
10.616816 0.168543
10.606936 -1.257393
13.107537 -0.029459
