-18.479160 -2.696922
-13.067438 -5.589270
-9.517261 -8.167334
-9.609412 -8.115335
-9.517242 -8.167346
-9.609390 -8.115349
-9.517191 -8.167378
-9.609330 -8.115387
-9.517043 -8.167473
-9.609159 -8.115497
-9.516621 -8.167739
-9.608669 -8.115808
-9.515426 -8.168490
-9.607285 -8.116690
-9.512066 -8.170577
-9.603392 -8.119124
-9.502537 -8.176194
-9.592390 -8.125574
-9.474888 -8.189726
-9.560399 -8.140303
-9.386358 -8.207042
-9.454985 -8.153326
-9.041582 -8.050427
-7.784234 -8.944347
-5.781217 -10.427652
-2.706770 -13.659556
