11.307551 18.008047
7.596837 11.544686
6.060046 8.655654
4.240149 5.972208
-5.969719 -4.976448
-7.573071 -6.862134
-8.351804 -8.221352
-8.369212 -8.236298
-8.351811 -8.221353
-8.369226 -8.236299
-8.351842 -8.221355
-8.369283 -8.236302
-8.351966 -8.221367
-8.369512 -8.236317
-8.352468 -8.221405
-8.370437 -8.236359
-8.354502 -8.221531
-8.374197 -8.236462
-8.362803 -8.221871
-8.389543 -8.236547
-8.396876 -8.222455
-8.452318 -8.235070
-8.537919 -8.221385
-8.718830 -8.225186
-9.125736 -8.209760
-9.938032 -8.219241
-11.648238 -8.647684
-16.463369 -11.810284
