1.601780 13.724640
-1.586851 10.011217
-3.875870 7.641244
-5.462442 6.344163
-6.948907 6.069581
-7.122128 6.165565
-7.914640 6.201533
-7.816419 6.335336
-7.951818 6.165750
-7.853443 6.299654
-7.789118 6.383620
-7.890758 6.251953
-7.837626 6.323658
-7.937549 6.190464
-7.905149 6.237469
-7.803284 6.369558
-7.925707 6.200373
-7.826049 6.333624
-7.753694 6.426806
-7.857081 6.295231
-7.793443 6.378303
-7.895003 6.246385
-7.843381 6.316556
-7.943052 6.183197
-7.913227 6.226843
-7.811714 6.359111
-8.797791 2.674857
-11.044804 0.507065
-15.655807 -2.915617
