-3.915553 -4.456607
-4.083555 -0.830374
-4.379942 0.747588
-7.852652 6.071548
-7.778597 6.216421
-7.854053 6.310696
-7.954376 6.177726
-7.922441 5.974674
-7.852043 6.118003
-7.860691 6.291428
-7.757448 6.422848
-7.920252 6.064375
-7.838747 6.205088
-7.889656 6.259983
-7.787190 6.391024
-7.816065 5.998695
-7.755540 6.148950
-7.810214 6.352665
-7.910346 6.219795
-7.774337 6.055377
-7.712282 6.204527
-7.781925 6.360334
-7.878640 6.225896
-6.684053 6.010968
-6.732068 6.253915
-6.863925 6.970376
-8.360219 9.542459
-12.244530 16.920713
