-19.483713 11.059613
-7.823896 7.532912
-7.602738 7.546961
-7.824052 7.532769
-7.602877 7.546838
-7.824434 7.532411
-7.603214 7.546531
-7.825358 7.531526
-7.604031 7.545767
-7.827544 7.529295
-7.605986 7.543812
-7.832399 7.523412
-7.610382 7.538657
-7.840900 7.506309
-7.618330 7.523803
-7.839591 7.445047
-7.620866 7.469584
-7.680095 7.183735
-7.860992 7.126881
-7.847088 6.355081
-7.953638 6.225166
-7.909493 6.226492
-7.808534 6.359022
-7.778245 6.391295
-7.879247 6.259670
-7.864536 6.284481
-7.761796 6.415918
-7.930285 6.184939
-7.832054 6.318972
-7.810817 6.351069
-7.910777 6.218116
-7.903755 6.233399
-7.802635 6.365836
-7.771917 6.399020
-7.873272 6.267416
-7.856921 6.294007
-7.753729 6.425651
-7.923266 6.194127
-7.824780 6.327951
-8.828712 2.907042
-8.327362 2.008144
-8.323524 1.459952
-8.630661 1.391862
-8.729185 1.356944
-8.530206 1.207144
-8.236126 1.063597
-8.243690 1.055376
-8.585643 1.178810
-8.698196 1.216223
-8.510632 1.148144
-8.226901 1.040635
-8.237556 1.045553
-8.580456 1.172417
-8.695186 1.212388
-8.508930 1.146353
-8.226192 1.039916
-8.237115 1.045215
-8.580101 1.172165
-8.694971 1.212236
-8.508813 1.146275
-8.226145 1.039883
-8.237086 1.045198
-8.580079 1.172151
-8.694958 1.212228
-7.381638 0.789776
-6.449584 0.335445
-5.814284 0.084603
-4.683881 -1.154408
