-6.488094 9.994786
-4.210111 8.107631
-2.245904 6.738102
-0.161952 4.995584
8.412479 2.708239
11.471818 3.443056
11.443619 3.413301
11.471818 3.443056
11.443620 3.413303
11.471818 3.443056
11.443619 3.413301
11.471818 3.443056
11.443619 3.413302
11.471817 3.443058
11.443617 3.413304
11.471802 3.443099
11.443601 3.413353
11.471739 3.443550
11.443540 3.413870
11.472363 3.447471
11.444390 3.418283
11.492271 3.469205
11.468284 3.442144
11.830666 3.429857
11.797232 3.489367
12.121440 3.490581
12.042112 3.569371
12.145908 3.526254
12.267593 3.422850
12.172509 3.519207
12.082331 3.599001
12.149312 3.535287
12.271593 3.432394
12.172687 3.521236
12.297778 3.414140
12.175655 3.520355
12.301128 3.412786
12.176012 3.520421
12.301533 3.412814
12.176049 3.520462
12.301577 3.412855
12.176053 3.520472
12.301580 3.412866
14.481380 1.191951
19.481260 -3.419996
