13.201831 -4.790092
10.526409 -3.031753
11.661459 3.436762
11.655895 3.479859
11.661459 3.436762
11.655895 3.479859
11.661459 3.436762
11.655895 3.479859
11.661459 3.436762
11.655895 3.479859
11.661459 3.436762
11.655895 3.479859
11.661460 3.436761
11.655896 3.479859
11.661461 3.436758
11.655897 3.479856
11.661485 3.436618
11.655917 3.479741
11.660939 3.433957
11.655482 3.477480
11.619567 3.432225
11.620755 3.472642
11.609826 3.446190
11.612380 3.483787
11.609690 3.446220
11.612264 3.483803
11.609690 3.446217
11.612265 3.483799
11.609690 3.446217
11.612265 3.483799
11.609690 3.446217
11.612265 3.483799
11.609690 3.446217
11.612265 3.483799
11.609690 3.446217
11.612265 3.483799
11.609690 3.446217
11.612265 3.483799
11.609690 3.446217
11.612265 3.483799
8.933343 0.090888
5.302382 0.078021
3.956650 0.236772
2.742310 0.406531
1.304326 1.358400
0.026362 3.460103
