-10.071173 -10.799365
-9.491894 -8.199336
-9.622629 -8.098880
-9.480006 -8.160965
-9.607083 -8.050702
-9.497721 -8.148396
-9.626397 -8.036427
-9.516138 -8.135374
-9.646931 -8.021189
-9.536010 -8.121259
-9.412683 -8.222930
-9.544120 -8.068200
-9.423557 -8.177707
-9.571541 -8.048639
-9.449316 -8.159872
-9.594746 -8.032274
-9.470901 -8.145226
-9.616406 -8.016561
-9.490749 -8.131555
-9.389377 -8.221993
-9.510739 -8.117462
-10.691145 -2.259105
-11.042084 -0.529673
-10.459247 2.787864
-10.108727 3.445612
-9.692966 3.481249
-9.721813 3.497748
-7.911515 6.238997
-7.787610 6.391846
-7.737823 6.458629
-7.834906 6.336513
-7.797550 6.389086
-7.892252 6.267918
-7.868628 6.303323
-7.758630 6.437431
-7.948062 6.194463
-7.825385 6.348276
-7.786877 6.404677
-7.882232 6.284337
-7.866289 6.326402
-7.926566 6.246654
-7.745273 6.596241
-7.835694 6.527456
-7.842480 7.080752
-7.663369 7.146824
-7.618455 7.729960
-7.883622 7.759159
-7.649467 7.772635
-7.922104 7.803802
-7.655935 7.774776
-7.929821 7.805739
-7.657311 7.774680
-7.931423 7.805583
-7.657603 7.774620
-7.931762 7.805509
-7.657667 7.774602
-7.931835 7.805489
-7.657679 7.774601
-7.931849 7.805485
-7.657682 7.774600
-7.931852 7.805484
-10.566212 8.591582
-14.268304 17.429968
