13.489955 10.584373
11.586906 5.613967
11.651175 3.466861
11.655678 3.421822
11.650043 3.478261
11.654463 3.435633
11.649988 3.478580
11.654402 3.436021
11.649986 3.478588
11.654400 3.436031
11.649987 3.478588
11.654400 3.436030
11.649987 3.478588
11.654400 3.436030
11.649987 3.478588
11.654400 3.436030
11.649987 3.478588
11.654400 3.436030
11.649987 3.478588
11.654400 3.436030
11.649987 3.478588
11.654400 3.436030
11.649987 3.478588
11.654400 3.436030
9.467825 -5.315146
9.215627 -6.828167
9.122232 -8.417878
9.138346 -10.575533
