18.404427 -8.633803
9.268010 -9.305964
7.580289 -8.955981
-6.655460 -8.043611
-8.573421 -8.060514
-9.472775 -8.064157
-9.604963 -8.163068
-9.743989 -8.134352
-9.803914 -8.174147
-9.983489 -8.084100
-9.896793 -8.118609
-10.084703 -8.022797
-9.946455 -8.085988
-9.779964 -8.170964
-9.811840 -8.171008
-9.992237 -8.080832
-9.900653 -8.116218
-10.088865 -8.020162
-9.948372 -8.084731
-9.781701 -8.169851
-9.812555 -8.170556
-9.993017 -8.080327
-9.901030 -8.115977
-10.089272 -8.019896
-9.948559 -8.084607
-9.781870 -8.169744
-15.245001 -7.449275
