-5.027174 -16.448872
-2.276858 -8.368178
-2.010107 -10.292846
1.783572 -9.709805
0.779617 -7.418229
1.642185 -4.150151
-0.262875 -4.430506
-1.112973 -4.627109
1.267529 -2.767449
1.505990 -0.593616
1.511613 0.134514
1.572700 0.957478
3.539817 1.909543
2.756351 1.243091
5.358125 1.439863
7.489412 1.700444
5.630117 2.069167
3.530076 2.354347
6.037714 2.232511
5.313806 4.586701
6.341735 1.941140
3.886708 2.120515
4.613817 1.490900
6.344762 1.160939
6.565919 1.079033
7.420588 1.505658
7.688095 -0.074383
6.895443 -1.569891
8.132738 0.500908
7.661136 0.095914
