5.173813 18.638741
8.241323 15.158360
7.882388 11.454306
0.700582 9.762862
-0.993250 7.600644
-2.451893 4.353696
-1.811641 3.156337
-0.220175 4.467126
-1.501745 3.679308
-2.275397 3.749119
-2.280780 4.469820
-0.839194 6.165921
-1.974162 8.604072
-3.379380 8.829718
-1.666839 8.022928
-3.369213 6.985107
-1.062488 5.690136
-0.561942 2.300514
-0.567949 4.050974
-1.362077 6.110663
-2.464704 4.848130
-5.356838 7.354802
-3.561294 7.928163
-2.745547 7.598319
-3.675102 6.404121
-4.374623 7.787820
-3.324133 6.857156
-2.874718 6.384653
-0.588940 5.047138
-1.713172 5.010977
-1.874482 5.919373
1.019349 3.663556
-2.433592 4.432643
-1.232122 9.056142
-3.982306 8.189387
-3.772751 7.296133
-4.539559 7.692525
-4.670006 7.784904
-5.033522 6.419756
-3.639802 6.547835
-1.184734 6.363513
-0.848331 4.902534
-2.420576 3.566652
-1.113255 0.411878
-3.490272 0.934304
-3.385044 -0.050976
-1.839922 1.884330
-1.600891 0.530289
-3.148401 1.243193
-3.746607 -1.738084
-4.785799 -6.622408
