8.690478 -10.777925
7.964624 -10.089056
8.732928 -6.138113
3.979067 -6.640427
4.922848 -4.755155
3.303302 -5.415453
0.716286 -3.175330
1.068474 -1.037168
1.555687 0.757531
1.690389 1.853368
4.077769 1.082845
8.039693 1.820257
8.367747 0.557819
7.397011 -2.651188
8.146743 -0.772476
7.382984 0.028271
7.758217 -0.538896
8.094969 -3.429119
4.091466 -6.399089
0.003942 -5.667683
1.571896 -5.596523
1.022386 -2.563885
-0.427287 -2.056349
1.780687 -2.759234
1.685932 -0.249454
3.421366 1.199790
2.915560 1.633270
2.808286 2.918731
2.889758 1.264158
-0.406211 0.633393
0.663190 0.116332
1.322705 -0.580032
1.141195 -0.510090
1.090090 -1.160205
0.302002 -2.452379
1.333357 -1.340188
0.782706 -3.222965
1.649631 -0.846098
7.780064 -0.315516
6.924387 1.400764
7.098636 0.534436
4.843252 1.136466
6.455773 2.089377
8.012668 2.621702
9.159750 4.021688
8.957397 1.998378
5.971805 1.302083
5.533916 2.308950
8.121254 0.215984
6.470461 1.468640
4.899888 1.992401
6.494051 1.288627
7.237763 0.118789
7.281536 -2.477802
6.880192 -0.668728
7.747486 1.124935
6.147147 1.212314
6.409538 2.012014
5.064681 1.287100
7.693575 1.274862
8.268135 0.063642
7.801474 -0.595195
2.290563 1.183837
2.813723 1.794726
2.771379 1.299714
3.989660 1.452445
1.344815 1.071260
3.616084 2.439484
2.674719 4.013000
4.195456 2.586103
3.437956 2.473036
4.555426 1.696753
5.317734 1.618113
5.563718 1.412003
3.527917 1.266303
3.893347 1.395559
4.551374 1.809232
1.204838 -2.061515
0.584335 -2.207428
1.344665 -2.973249
1.440646 -2.955074
1.418912 -1.145998
-0.303076 -0.117520
0.244939 0.225240
0.981085 -0.458349
1.519495 0.082147
0.084928 -2.221047
1.706501 -0.799605
0.746559 1.094890
2.570703 1.771177
3.738144 1.183077
4.686473 1.662371
6.388201 1.320601
2.811562 1.186933
2.355205 1.580888
5.058582 1.423732
4.420302 2.099864
6.785551 1.474899
7.695228 0.138040
6.964491 2.123971
8.281499 0.512654
7.726800 -1.621564
8.154968 -3.076875
7.038745 -3.465590
8.022022 -5.442080
4.495664 -7.789880
3.546320 -5.445364
2.853543 -8.105678
2.510306 -5.074990
1.479811 -8.455628
2.272175 -11.098393
1.224960 -14.500369
0.869984 -17.028120
11.721365 -13.595608
11.533804 -12.936144
10.461159 -15.150208
15.283865 -16.291260
19.047110 -12.821289
