16.119417 -4.630428
10.765887 -6.878777
7.014259 -6.554808
4.325978 -6.976283
1.855250 -5.238406
3.478907 -7.983180
-2.375724 -9.903287
-0.845220 -10.252431
-0.507785 -10.349299
2.585940 -13.325340
2.066869 -10.417092
2.753663 -10.320751
0.866256 -10.500497
1.490318 -12.646468
0.895905 -10.440248
1.313961 -8.728434
0.951630 -7.350158
4.851658 -7.749082
5.493987 -7.659660
6.216783 -6.442669
3.184992 -7.719230
4.181178 -7.441458
1.085467 -8.825727
2.642021 -11.894518
8.692762 -9.782640
9.085861 -8.947505
8.048056 -10.517304
7.926946 -8.512876
15.544483 -9.516610
17.100298 -5.857283
9.192597 -5.897923
11.951908 -6.169659
4.522216 -14.397585
4.336205 -13.876983
4.777858 -13.617949
8.550985 -11.954698
8.104971 -11.222436
7.950322 -12.802828
10.328326 -13.206673
9.034540 -10.600326
8.217350 -8.271276
9.239849 -8.376201
7.848477 -9.963474
8.706052 -11.032044
8.336455 -10.080878
9.868656 -12.875003
2.608399 -9.284234
0.950832 -6.797816
7.259537 -7.743063
7.431700 -5.687860
5.728672 -8.114438
2.300957 -6.192711
2.120533 -8.336699
2.477167 -10.032808
2.419855 -9.877029
2.919901 -6.590106
7.145361 -4.296082
9.070538 -10.233344
8.563190 -7.884839
7.898431 -9.963621
7.642290 -15.994107
8.776127 -15.069911
15.141960 -13.936578
18.159096 -14.445779
14.905936 -11.934881
11.782805 -6.689536
9.031326 -6.961125
7.220314 -7.657394
8.544243 -6.462837
10.733411 -6.833851
16.630569 -13.039701
14.522161 -12.702426
16.898836 -14.143397
9.499210 -14.382827
8.396818 -10.123353
8.396542 -9.885327
9.339738 -10.534278
11.759462 -13.252267
15.608788 -13.646357
17.228079 -15.602621
14.491306 -13.732322
15.295617 -11.671098
18.219727 -14.014235
13.578969 -14.507062
9.685214 -13.324565
7.845814 -16.976305
3.881156 -14.023398
13.382942 -19.076365
9.657745 -18.087574
8.433917 -5.910296
8.786310 -4.135117
12.064790 -6.064920
8.056524 -6.640735
13.010228 -7.729886
10.033360 -7.436935
3.929863 -6.473825
2.752058 -8.119848
5.801800 -4.811876
3.750151 -7.835413
3.454425 -5.892538
-1.351429 -7.455905
2.025438 -12.065657
-2.849682 -10.008742
3.580286 -13.891795
7.355078 -13.373891
6.410282 -14.862277
8.295690 -12.804661
8.818278 -10.588340
8.335010 -10.072584
8.379609 -11.622407
13.244333 -13.541184
9.209495 -13.608932
11.325159 -13.064893
10.719868 -6.831637
7.310256 -7.856550
11.018136 -4.090999
7.434433 -5.891053
9.441690 -6.209921
4.463457 -7.637563
4.859281 -7.332455
3.928452 -7.568517
-3.479077 -11.335070
2.815689 -14.391624
5.932563 -15.370855
-0.162855 -12.521267
3.367885 -14.433999
2.132790 -12.283717
2.185580 -11.407102
1.674419 -11.463055
0.625697 -11.964638
2.581673 -10.666787
2.721068 -10.293454
2.739496 -7.660321
6.974957 -7.816513
7.907141 -7.390496
7.254537 -7.939703
0.748003 -7.294485
2.721349 -8.511869
1.783675 -9.593697
3.533642 -6.767383
-0.124163 -9.886912
2.701275 -11.014079
-0.455149 -10.938497
1.656631 -8.980894
1.936315 -8.909904
2.549029 -12.524623
0.489827 -16.573120
1.494339 -11.423232
2.207812 -12.101940
1.735651 -9.148694
-0.313283 -12.000254
9.162355 -15.707368
8.287609 -12.745366
1.537724 -6.794425
-1.408114 -9.319253
2.291091 -7.820640
1.845077 -7.815024
5.064981 -13.723897
1.824432 -11.890775
0.698434 -10.648156
8.738520 -14.224624
9.879316 -14.379258
13.976387 -13.726055
0.915926 -10.776686
2.716157 -11.871020
7.217057 -13.455670
4.176914 -15.854488
8.211308 -17.055836
3.649551 -18.666027
5.472284 -13.436154
0.486433 -10.097179
1.879578 -9.435668
1.707995 -7.339223
2.468034 -6.879288
1.595386 -9.563436
0.846287 -8.874913
6.265866 -6.401103
5.719354 -6.577466
4.239717 -6.931903
1.405565 -9.043979
1.364003 -9.918601
4.498731 -6.210978
0.989011 -8.768380
1.626644 -10.789210
1.162486 -8.490890
0.928543 -11.255198
1.589183 -9.877864
1.569488 -9.829332
1.815898 -10.272904
1.943135 -13.543388
4.125165 -13.663360
5.892027 -14.222425
8.608382 -13.335162
8.429965 -11.303448
8.307871 -10.656337
9.961209 -5.362695
10.837987 -4.939318
9.881049 -7.530156
8.907789 -7.902786
9.337990 -13.918055
9.138530 -12.972993
8.737030 -10.732017
8.936988 -8.170288
7.866315 -11.617394
8.961738 -14.564151
7.522360 -14.558430
8.557316 -11.263095
1.216001 -11.194776
2.683453 -7.341168
4.422152 -7.907365
1.250076 -9.908054
0.530056 -9.251603
2.833724 -9.574313
1.665782 -9.505800
0.186663 -9.069455
1.865104 -9.282422
-0.395721 -9.175462
1.511752 -8.541467
0.987032 -10.202055
3.384247 -8.096250
4.161679 -6.363469
4.907913 -7.021613
3.849428 -8.136739
5.005190 -7.616612
5.669767 -7.518964
1.520728 -8.173053
4.882545 -6.619760
4.682549 -14.335879
5.696303 -14.042077
6.424883 -14.121183
2.268316 -11.540752
8.700076 -10.065785
8.057269 -8.545989
9.605246 -14.186444
13.026203 -14.979944
14.714283 -15.497058
4.234660 -13.800452
7.968935 -9.012383
7.838371 -13.785332
7.941755 -10.796106
9.329260 -12.655588
8.629934 -12.161899
4.035683 -14.007138
4.181024 -15.739800
2.184026 -9.399646
0.508190 -12.522998
0.265358 -10.819594
0.058803 -10.804773
4.175216 -8.027980
2.014248 -8.511246
3.810528 -6.980013
7.366599 -6.003744
8.545547 -11.794586
1.098747 -9.990358
8.545691 -9.198461
15.346292 -7.623651
12.667069 -7.736640
9.179165 -10.847281
6.308862 -14.487952
11.864969 -15.139297
11.676569 -14.873067
16.316191 -15.091256
13.672349 -15.040324
15.069588 -15.425958
10.797066 -13.806314
10.256542 -13.843212
10.118636 -14.082408
11.949960 -12.923021
9.765731 -14.362449
7.963109 -9.189561
8.042045 -13.917048
12.813598 -13.211851
12.157628 -13.848155
9.286503 -12.904598
7.862605 -9.932182
1.968987 -11.722469
-0.760899 -6.705478
5.380437 -14.437503
2.654811 -14.741524
1.281236 -10.555337
1.909491 -11.632696
1.349655 -10.930325
1.620056 -10.415507
-0.357191 -10.554179
2.366671 -8.162896
3.700250 -8.109889
5.795578 -7.019103
7.542498 -4.393990
8.324339 -9.339709
7.980728 -9.629508
8.212893 -9.930173
7.623091 -8.194213
1.569646 -9.742904
1.869278 -8.588868
11.550344 -7.271358
10.662588 -2.903592
11.131777 -6.266751
10.850897 -6.084136
6.218693 -6.702811
8.876777 -9.116473
9.078957 -5.679892
9.697953 -7.779746
11.355021 -7.526320
5.040865 -8.050651
-0.056466 -5.025492
-1.905724 -11.752751
-2.097020 -13.803561
3.916308 -13.507324
9.174462 -16.250978
17.101074 -16.159189
16.120913 -12.896592
12.875333 -16.274572
12.005291 -13.117864
15.758450 -16.016966
16.266287 -11.030867
16.627754 -16.624681
14.089184 -14.033763
11.219645 -14.089659
19.266926 -15.033796
14.883768 -8.247610
15.113051 -11.435909
13.126379 -5.610605
12.628260 -5.151416
7.626879 -7.362795
9.063406 -8.762740
8.678957 -8.981433
8.354803 -13.529287
9.829306 -13.007937
12.298203 -12.931999
2.761698 -10.678894
1.254497 -11.036276
7.017014 -13.257825
8.838395 -10.637309
12.131873 -6.518682
12.555106 -13.104907
11.071527 -14.179708
8.762132 -10.676343
9.164144 -13.635032
11.798105 -14.117650
9.058730 -15.942260
9.081991 -10.440854
7.856275 -9.349019
7.984546 -10.807607
8.504964 -7.334254
11.440189 -7.235964
15.383720 -12.788455
9.429083 -15.057309
13.034150 -14.079930
5.561419 -13.268282
9.804045 -15.699794
8.177572 -14.106503
1.174731 -13.383862
-0.277601 -13.235827
1.806467 -10.153562
2.643821 -9.526101
6.252501 -14.955063
6.690310 -13.467967
6.917677 -8.192712
9.613903 -13.644183
8.014698 -13.559523
5.221077 -13.380909
2.316606 -10.320641
2.909992 -5.981944
2.601916 -8.677865
8.423667 -9.563014
9.198237 -9.257657
7.267848 -6.664769
9.156630 -7.641818
9.157802 -8.855242
8.754973 -9.162372
9.047703 -14.319045
9.123220 -12.231658
3.226390 -14.073279
6.275432 -13.343375
1.746665 -9.255354
1.868826 -8.479564
1.375050 -8.874486
2.193479 -8.174670
2.316852 -8.961190
8.125360 -10.276149
9.900530 -15.801908
9.228023 -14.922069
2.529749 -9.816790
2.498332 -8.952415
3.683428 -6.104370
4.711055 -6.417751
1.514546 -7.790105
2.560570 -10.465058
2.915842 -7.154975
4.717867 -8.148336
6.857369 -6.077905
2.228627 -6.588584
2.331873 -10.017286
-0.102655 -10.057130
2.623141 -11.093747
0.359382 -9.996867
4.319654 -6.831178
3.619208 -7.124428
3.607910 -8.200911
3.834008 -5.431718
1.796922 -10.742026
0.519586 -9.913596
-0.600039 -10.703438
2.220327 -12.586380
1.946327 -10.667561
2.303179 -12.159728
0.931191 -11.693715
2.461927 -9.426916
5.256420 -8.073091
6.784265 -4.721963
7.301804 -8.026015
8.964376 -10.810967
14.980682 -11.350234
15.254858 -12.166469
14.629121 -8.900608
6.156656 -13.975905
7.033582 -15.730769
8.438429 -8.386920
12.075310 -12.847608
12.236225 -13.031880
11.823532 -7.251067
12.985210 -5.891463
15.339978 -13.311616
11.402750 -13.198384
11.727054 -13.808699
15.177317 -10.260283
13.516016 -4.655575
14.166424 -7.712610
9.329210 -8.162129
8.185410 -15.160640
10.953280 -13.385241
8.490025 -11.357123
8.138671 -9.426620
7.691444 -7.132506
8.012089 -8.679601
9.047004 -9.041771
14.010291 -15.128329
7.376899 -8.051138
10.327452 -13.157901
15.318739 -13.285524
7.344153 -8.008698
5.278066 -6.794215
6.983331 -7.019460
6.283219 -5.750650
5.906949 -7.402187
5.679626 -6.931736
8.210658 -7.096812
4.616709 -7.967594
2.125873 -7.917475
1.826534 -8.428934
1.837682 -9.678346
2.282991 -11.249656
-0.766943 -11.021670
3.326600 -7.044228
6.375364 -8.143631
2.519301 -7.712916
2.666023 -7.875534
1.477385 -9.433499
0.604451 -10.106066
1.538547 -9.454264
4.726303 -6.212699
6.977420 -7.908270
6.467474 -13.523358
3.089505 -14.898641
9.343927 -12.281118
8.487941 -13.901183
13.946798 -18.350164
13.462917 -13.597713
9.790536 -14.646100
6.012151 -14.527214
6.012442 -13.235703
5.206420 -14.249946
9.125281 -16.471910
8.207100 -11.520308
8.583467 -11.542114
8.263917 -9.566546
8.725198 -10.741455
9.043326 -6.229829
6.255311 -5.336749
8.556850 -6.395556
6.862762 -7.960248
8.504666 -8.357100
9.371670 -10.288033
8.272824 -11.028715
9.055448 -12.753519
7.974252 -13.386147
6.327104 -13.679204
2.928487 -14.674675
5.104962 -13.507800
7.766916 -13.203787
-1.010173 -11.234220
2.837905 -11.663903
0.894912 -13.050976
0.487191 -13.033398
1.509197 -8.986732
0.445533 -8.172288
3.906001 -7.914085
8.903785 -10.478558
8.859575 -16.335928
8.490987 -15.185507
7.142214 -13.288962
8.477320 -8.303179
9.153090 -9.223082
-2.607580 -9.090813
1.156911 -10.270852
10.023674 -13.666950
12.103174 -12.984780
15.107290 -14.953126
4.980688 -16.680346
0.177572 -8.883825
2.143102 -8.262799
7.479779 -6.932728
6.939977 -6.117623
7.676522 -5.584053
7.989054 -8.268756
7.949554 -9.782718
8.173867 -11.945050
9.017018 -11.011456
9.131219 -10.631161
8.054810 -10.406698
8.457703 -10.820985
8.332013 -6.879174
3.779850 -6.159617
-0.012060 -11.606477
2.793575 -11.293679
2.509357 -9.509610
1.139106 -9.368057
2.713860 -7.011908
6.586069 -5.744521
9.234485 -6.403493
8.667454 -6.765668
7.977696 -10.372745
8.855030 -10.735814
8.570652 -9.787301
9.073675 -11.040263
8.505732 -6.817887
7.098348 -6.693190
4.928883 -7.113616
7.480950 -7.878184
7.748671 -7.748433
5.762225 -7.174666
6.689759 -6.519867
7.740548 -7.947865
6.414114 -7.862031
6.555982 -7.594808
7.864511 -6.064149
6.478310 -6.722988
7.918569 -8.824414
4.447566 -7.886669
3.485018 -6.271629
4.905105 -7.521833
7.100953 -5.610579
5.343277 -8.197227
7.653889 -13.401626
9.353553 -13.896622
6.466229 -14.633021
13.766729 -14.611199
9.106666 -13.334387
10.106963 -14.053025
12.736439 -12.933496
13.557833 -13.092004
13.366080 -14.590886
10.800562 -14.409802
18.971436 -12.566032
13.166037 -6.231657
7.913171 -6.068661
8.413492 -7.351971
8.330797 -10.338655
8.728768 -12.878387
9.967349 -13.531259
2.585978 -13.876689
0.686945 -12.332936
0.557443 -8.858808
1.686343 -7.418135
1.559027 -10.307763
2.543217 -8.995996
2.136879 -9.512258
0.098687 -9.982118
3.420128 -6.527799
5.488179 -6.674895
5.959581 -7.989170
7.047300 -5.929089
6.034016 -6.106872
7.474881 -4.909410
7.568210 -7.971215
9.542662 -6.032352
9.766776 -7.039560
13.315323 -6.838322
4.897960 -7.789695
0.708187 -8.029736
2.314549 -14.648730
6.055226 -14.042535
1.192846 -16.091370
1.151150 -12.455520
0.826920 -10.832808
2.218162 -12.581564
0.015595 -11.170594
2.736853 -10.391100
-1.823865 -12.484321
2.590389 -10.756189
5.906206 -13.361020
5.789627 -13.789721
2.455947 -13.904200
6.882381 -8.174560
4.383997 -7.895244
4.244063 -7.025285
1.067469 -6.992961
5.659790 -7.723094
5.546779 -7.848856
7.881851 -10.597215
8.581748 -9.155704
9.209640 -12.596554
9.067322 -10.054842
6.428850 -5.741342
0.820207 -6.985178
1.453618 -10.142022
2.559683 -9.659445
0.928244 -10.380714
3.004288 -13.631193
-0.869861 -10.129303
1.006002 -9.035690
-1.075028 -7.740863
-1.087596 -10.657932
3.305848 -8.097115
7.857301 -9.026517
8.001068 -11.270343
11.755334 -14.624463
10.054691 -15.297907
13.835398 -16.580566
10.127669 -13.357741
12.869463 -13.639779
7.043670 -13.271429
12.932533 -15.830256
14.603778 -13.342373
15.601098 -9.731805
17.083752 -10.480986
15.660002 -12.571855
18.132364 -14.489923
15.748894 -10.809590
14.470892 -8.952154
15.309944 -10.348289
18.790649 -10.757943
14.572544 -9.973156
17.019026 -10.187705
19.542923 -9.987090
14.222857 -5.861743
11.910257 -6.794734
14.155962 -7.721236
11.258769 -6.239819
13.456200 -6.648515
12.668829 -5.091422
12.290417 -5.444477
10.537463 -5.907080
8.835701 -2.055963
10.410110 -6.205441
6.716202 -6.517226
7.380736 -5.993528
8.620144 -10.655978
9.098093 -8.187117
7.713505 -17.689957
7.437099 -13.593342
5.133056 -13.609387
4.552636 -14.376350
0.375321 -11.878692
0.523153 -8.921560
2.390594 -12.236842
1.028285 -10.498729
0.169707 -7.065145
2.809079 -6.363931
8.276047 -8.274996
9.633186 -14.327451
4.983444 -13.494369
0.426505 -14.542354
2.148534 -9.474616
2.400780 -10.240211
2.617619 -9.588756
2.294979 -8.020951
3.576171 -5.714752
6.296832 -8.202169
4.662299 -8.112630
4.238688 -6.190176
3.261385 -8.075644
3.766505 -8.187518
4.859015 -5.479663
7.992884 -8.336809
8.466870 -12.960318
6.058205 -14.020805
1.414120 -15.079209
2.703533 -11.117385
1.814564 -16.684099
8.791993 -15.844045
8.362076 -14.763083
6.310609 -15.140410
9.033134 -14.193849
8.352164 -11.879017
8.112226 -14.288699
3.994783 -13.808525
0.101327 -12.450057
2.105315 -11.447841
2.401390 -12.774809
0.030899 -12.949450
3.110557 -14.090808
9.160880 -13.909635
9.850141 -13.445095
9.359280 -13.768559
8.603672 -9.956525
8.203205 -11.283050
8.896715 -10.679550
9.560097 -4.871364
6.903769 -1.926798
6.633270 -8.154614
4.287505 -7.325744
5.982456 -7.775850
5.906535 -5.780458
7.635854 -6.827957
8.832006 -10.072948
8.010442 -13.579564
5.490331 -14.983974
5.915683 -14.331480
8.946509 -13.192341
8.313084 -11.632311
7.945787 -9.863862
8.148848 -12.700304
9.404478 -5.850892
5.217206 -7.178631
7.432127 -7.774764
4.914085 -7.660196
6.102962 -7.019389
3.154202 -7.877978
0.050310 -10.972358
1.919442 -10.745021
0.486308 -10.810966
2.188686 -13.961993
0.165141 -10.326844
-1.673640 -10.425695
2.195705 -10.048963
2.695208 -11.543059
2.659391 -11.462842
1.116527 -10.826741
1.494617 -13.887061
4.148758 -13.585973
6.924536 -13.806767
5.177219 -13.342379
2.129181 -9.366124
1.893119 -8.257499
7.868928 -4.808728
8.304108 -8.275632
4.845541 -7.949448
7.153388 -7.989150
2.661325 -8.958430
2.771022 -10.949944
2.786742 -10.925232
0.518138 -11.258611
-0.366153 -9.655190
-1.388906 -12.529029
5.515589 -14.218884
-0.389673 -14.422795
5.503061 -14.434054
1.389864 -11.199685
2.425177 -9.211874
4.505718 -14.031154
9.217811 -14.825870
8.318096 -10.209486
8.715236 -9.194499
6.214482 -4.678019
1.055073 -9.289577
0.437916 -11.822344
1.125761 -12.200243
-0.673530 -9.954172
1.987459 -11.187549
2.230968 -11.006710
5.611507 -15.093823
4.820870 -14.695834
7.038817 -13.650699
9.144149 -14.531705
8.658262 -11.329123
7.904195 -13.590110
6.691350 -13.327864
11.698828 -14.557882
7.986576 -12.328438
1.974375 -15.886787
1.344668 -14.277326
2.037901 -11.549229
2.355788 -9.789214
2.219404 -7.877976
4.359020 -7.749190
7.906532 -7.435146
9.052253 -9.900149
9.381911 -12.112307
8.786558 -10.905910
9.201877 -14.810053
10.005905 -12.998472
11.336028 -15.236350
9.448071 -12.924818
8.788414 -13.551200
8.403506 -9.383687
8.738747 -11.525214
7.943391 -8.957410
8.364528 -5.907682
2.240116 -8.922841
2.212656 -9.036004
1.651461 -9.255669
1.749216 -9.692821
2.226481 -7.136675
4.603489 -7.934417
2.588477 -12.754366
3.394662 -14.510793
2.035285 -11.676210
2.314237 -8.922117
3.618347 -14.906941
9.148724 -14.077897
10.266827 -14.287261
9.012466 -9.309740
15.331465 -13.628798
17.539658 -13.742579
14.455207 -13.592175
8.685934 -8.375933
12.227110 -5.172628
13.272120 -7.359167
9.266134 -7.107403
8.809180 -15.006347
10.114143 -15.179034
10.067976 -13.226148
11.727823 -15.043082
14.124828 -13.330195
14.018089 -15.204959
12.819854 -13.492326
9.239127 -14.810157
8.112458 -10.911592
8.010706 -9.842813
7.873792 -8.758748
8.310522 -9.136102
8.900557 -11.795988
0.994972 -8.476483
2.785112 -11.190317
8.375671 -10.118049
8.974498 -9.695710
8.609520 -9.460059
9.033010 -7.663848
8.426713 -9.540905
5.808887 -7.984209
3.725689 -7.844995
1.631415 -10.551637
4.833886 -8.137618
3.066230 -7.476815
7.300234 -8.077174
15.571788 -14.550419
13.123333 -15.257764
12.787077 -13.318164
14.012138 -13.080846
13.613500 -13.196162
10.463298 -13.166116
11.426071 -16.232016
12.521809 -15.680881
12.253765 -13.064128
7.873581 -8.686063
8.313152 -11.247326
8.932543 -8.085660
8.809482 -9.151953
8.282903 -7.538027
7.949963 -12.051320
7.900711 -5.510758
11.858721 -14.540262
12.809258 -13.242183
13.168550 -13.623517
14.976710 -16.881069
17.212225 -12.137221
14.885447 -10.213218
15.678158 -7.248663
15.786682 -12.815658
12.483660 -16.174921
9.441175 -13.152721
2.818146 -11.495593
0.132353 -10.095423
11.954792 -6.553249
8.420052 -9.511098
5.477609 -6.997658
2.145197 -6.484607
2.708292 -9.503810
6.159761 -8.094468
8.039000 -10.104734
12.470293 -13.268665
13.988774 -13.920520
11.195313 -14.954725
7.225927 -13.247142
5.967168 -14.003337
2.875281 -7.893091
3.792138 -7.866141
8.730223 -9.362823
8.186397 -9.281679
1.571159 -7.642041
6.798563 -3.991482
7.842350 -5.830781
12.122691 -7.820137
8.489285 -6.386405
9.502720 -15.480969
1.814093 -13.776161
-3.000515 -11.473714
11.517968 -18.393248
8.054255 -12.734447
8.680691 -11.658994
2.371500 -13.344660
0.992599 -16.109341
3.079489 -14.036074
3.788584 -7.683065
1.912942 -9.528391
2.740934 -8.808645
2.630971 -10.828436
2.116581 -9.792818
2.368036 -10.788159
2.718083 -9.292950
2.298219 -9.916980
1.405025 -9.084764
3.111535 -6.137387
4.373418 -5.029725
4.141098 -7.230731
4.545204 -7.305804
5.434548 -6.959806
7.116224 -6.785958
3.198942 -5.990294
-0.438112 -12.486632
8.694973 -14.725503
4.214000 -13.809383
4.006223 -15.078077
6.665208 -13.670917
9.915293 -13.994553
7.599036 -15.918283
9.762263 -15.209966
8.759495 -10.245508
7.910425 -8.793976
9.172795 -5.877915
5.526703 -7.055124
5.402488 -7.501964
6.948820 -7.573057
5.271774 -7.615215
7.591608 -8.020592
10.604506 -7.199727
6.404537 -6.131421
6.058645 -7.303082
5.467254 -6.349319
2.373577 -7.955090
5.381499 -4.199036
8.212540 -9.833741
7.924754 -8.762639
6.650469 -7.405781
3.792025 -6.450522
1.374973 -9.482762
6.200240 -5.226160
6.719587 -8.026099
8.313222 -9.830094
8.865500 -13.916885
10.063981 -15.285884
7.463770 -13.461180
6.204211 -13.976748
-0.197004 -10.550993
2.385605 -11.299884
2.019919 -12.585767
9.001554 -10.753766
9.360107 -11.703288
8.530042 -10.458508
8.251248 -8.586938
8.347732 -9.707147
8.554263 -8.262767
5.174014 -6.681610
5.138299 -7.345035
3.658900 -8.039656
2.828244 -7.213964
2.536248 -8.568524
-0.026498 -9.238376
0.565898 -8.855926
2.332666 -8.755206
2.204950 -10.447540
1.099402 -11.603755
1.812322 -9.832151
1.687911 -10.429606
2.629899 -8.543818
1.787732 -10.607706
-0.384511 -10.105999
2.639079 -12.142850
1.453245 -10.946053
-5.813274 -14.791263
