1.081862 17.151762
-2.611277 15.870893
0.561286 16.544796
3.534944 17.904852
3.074975 16.582874
7.040338 18.028997
8.860406 10.156454
6.768982 8.067296
6.805386 11.249009
5.816447 7.909050
2.776878 9.447511
4.405181 11.227501
5.015084 6.634882
0.470447 9.597088
-2.620617 10.842023
4.798917 9.485499
6.252563 9.494209
5.412292 13.110335
5.872626 12.868838
5.815289 13.409846
5.971453 12.235396
9.344930 11.876064
2.050692 9.617303
3.025824 9.939508
0.204422 6.658835
-1.210398 9.570656
-2.699169 11.605484
-3.543096 13.754815
-1.618473 10.304753
-1.199040 10.854907
-1.873637 9.516150
-4.443253 10.701577
-0.670087 10.371770
-3.248892 11.044694
-2.011374 11.521519
-0.913851 15.930643
-1.872104 18.001568
-3.635577 15.840167
4.690893 18.394545
