-19.150442 -2.618803
-10.236662 -2.799299
-10.579471 -1.018497
-9.629779 -0.840937
-11.505604 2.637857
-7.836801 1.249182
-7.882771 1.537050
-2.174334 4.197287
-3.839493 6.380888
-2.188666 7.549266
-3.542013 6.662138
-2.160722 4.881789
-1.379538 5.761267
-1.831346 5.451274
-4.866017 8.016421
-5.604677 7.486196
-6.693613 6.473499
-5.109571 6.874374
-6.107832 6.528225
-1.088583 1.712481
-2.741790 0.263628
-2.229208 0.995872
-4.552446 0.382975
-4.250512 -0.648290
-2.726318 -2.290148
-3.157844 -1.342445
-2.637144 -0.367834
-2.174207 -1.880858
-3.814155 -1.682902
-4.340042 -0.993421
-3.541893 -0.907956
-1.857012 -0.174234
-3.641359 -2.311332
-3.969878 -3.683531
-6.338274 -4.688681
-7.763419 -8.659511
-6.770182 -7.732271
-10.677378 -9.398196
-6.212856 -8.528472
-6.487340 -5.694407
-5.859301 -5.733021
-6.631676 -4.331670
-5.095387 -4.361563
-2.366033 -2.944415
-2.723862 -0.652515
-2.950666 -0.153037
-3.361855 -1.228109
-3.700117 -0.879740
-2.727646 0.169529
-0.765759 1.289723
-5.384562 1.250806
-4.952101 1.297660
-3.126003 1.007837
-3.836900 -0.259904
-1.608525 0.025536
-1.232068 3.101332
-2.108367 2.281171
-1.755163 3.113306
-1.741577 2.368600
-0.764928 0.908762
-3.054730 1.248267
-3.345575 -0.259825
-4.491245 0.701106
-2.913736 0.489152
-4.262536 -2.128284
-4.276525 -6.674623
-5.769845 -3.962128
-5.473107 -5.329078
-3.684079 -3.332017
-3.747218 -1.112976
-3.227192 -0.421621
-3.368253 -0.436083
-4.354510 -2.072084
-4.482175 -1.861060
-4.228113 -3.564136
-5.021833 -5.791042
-7.027437 -4.179683
-6.750213 -4.585242
-5.823073 -7.194747
-3.619169 -3.459516
-3.815038 -3.229769
-3.622790 -2.189126
-3.326945 -1.933754
-4.229653 -2.002057
-3.590304 -0.616264
-2.119401 1.543007
-1.036642 5.986014
-3.896857 7.598412
-4.554977 6.345441
-4.211132 6.769982
-5.837353 6.928259
-10.015035 5.430082
-7.917009 1.835144
-8.664266 1.249760
-9.486322 2.488609
-10.685738 -2.651939
-11.143944 -1.901574
-10.536767 0.553467
-11.119268 2.271562
-8.925646 1.414204
-4.347950 7.110941
-3.624119 7.754951
-0.419170 4.511402
-0.568897 3.152068
-0.665057 3.468112
-1.114532 4.852124
-0.830531 3.251777
0.195681 3.944188
-2.207421 5.257452
-4.183832 7.891122
-4.457819 8.198431
-3.787052 7.264896
-7.496016 2.363085
-5.709156 -4.002330
-6.411200 -5.472010
-6.636577 -4.424055
-4.593456 -4.412990
-6.751108 -5.069945
-9.077124 -8.490724
-11.506863 -8.210147
-5.703776 -5.416729
-7.651958 -6.420315
-7.579360 3.125755
-8.326307 6.129358
-9.375071 5.402850
-7.786052 6.559341
-7.494923 6.009007
-4.354223 6.884393
-1.197604 6.330277
-1.186672 1.797073
-3.588069 -1.827567
-2.760662 -1.707481
-3.927765 -0.775991
-4.028512 0.075013
-3.784969 -2.412755
-5.099778 -4.279081
-6.089352 -4.583510
-6.076994 -4.067294
-5.578130 -6.600545
-7.522446 -7.860487
-8.473925 -9.795155
-9.525880 -9.976556
-8.931588 -10.940492
-9.825559 -10.444635
-9.475683 -8.878907
-8.745491 -8.945908
-6.751128 -8.531728
-7.185210 -3.921802
-7.797388 -7.981479
-8.314693 -8.697958
-10.097589 -9.833617
-7.904963 -9.468011
-8.173167 -9.828700
-10.659957 -8.176438
-17.009590 -10.562591
-16.051876 -5.949744
-18.233322 -4.742854
-19.156244 -4.385608
