-9.347683 16.529079
-3.391640 7.432503
-1.312805 4.882280
0.686379 3.312495
6.421247 -3.254577
7.998639 -4.129264
10.873597 -6.159388
13.243571 -6.426497
12.135746 -4.389558
9.862984 -5.501551
9.171751 -8.642084
7.506171 -11.297763
7.214639 -10.411279
5.730048 -9.546106
9.286208 -10.852096
8.900874 -10.208484
8.558440 -10.183963
7.899317 -8.781974
7.367471 -8.802287
6.271144 -10.849007
7.989663 -8.343382
5.224896 -7.538161
13.684980 -7.142256
15.031902 -7.207421
16.319363 -11.450410
15.219400 -10.869623
