-9.799184 18.428383
-9.297132 8.701434
-7.613416 4.731332
-8.229678 4.009708
-7.973913 3.336450
-8.027744 4.720088
-8.449414 3.286663
-7.511959 6.798233
-5.954017 6.520287
-9.441999 7.127810
-7.618847 5.901022
-8.571899 5.432245
-6.578680 6.574149
-6.924162 6.616019
-6.137053 7.344436
-6.047981 8.124522
-5.247717 7.063369
-5.043105 7.235752
-7.351260 6.485655
-6.309829 6.418031
-5.590416 7.464944
-0.904196 5.772282
-1.767473 3.578066
-1.422098 2.143465
-2.336212 0.723862
-3.960984 1.237825
-3.760650 -0.048380
-3.991601 0.172479
-2.622956 1.162535
-4.331636 -1.710899
-4.052088 -1.197012
-3.622047 -2.164582
-5.631248 -6.137545
-7.326415 -4.239094
-4.110714 -2.819648
-3.521634 -2.227172
-4.342335 0.812815
-7.160449 6.795732
-5.378872 7.198529
-4.945854 7.156892
-8.487756 3.470074
-9.916180 4.306704
-8.313150 3.526231
-8.200848 4.208789
-8.670572 3.467365
-12.672626 3.431231
-10.637730 0.245313
-6.283492 1.125895
-4.457603 -0.212864
-4.491286 -1.711297
-6.275183 -4.001710
-9.820808 -2.597678
-7.629210 -4.197838
-10.506270 -2.089134
-13.848528 -0.483996
-14.394282 -4.137394
-10.239188 -0.475172
-10.396961 -2.350111
-11.388698 -2.244046
-12.412093 -0.258092
-10.255110 0.926110
-10.159506 1.083362
-11.985609 0.789331
-10.467225 0.943330
-8.125147 1.681538
-10.240683 1.866736
-9.789779 -0.754231
-8.553269 1.563323
-8.239077 1.574293
-4.775678 -5.955669
-4.684934 -4.621982
-3.964199 -2.203686
-4.554051 -0.515377
-3.889677 -0.707285
-3.153338 -0.398677
-1.538620 2.125150
-1.588700 6.335605
-2.706273 6.810990
-1.305305 6.335348
-3.763020 8.415915
-1.153028 4.889573
-2.422196 2.710153
-8.213405 1.161018
-10.594795 4.543204
-7.663033 1.879139
-8.497257 3.487073
-11.758708 -1.409988
-11.842736 -0.999532
-7.687782 3.150606
-8.205391 2.681089
-4.332919 0.756005
-3.610909 -0.640816
-3.637414 -0.102198
-2.023241 -0.841910
-1.819645 0.610070
-4.112815 -0.873121
-2.979010 -0.118963
-3.572116 0.876482
-2.058301 2.046104
-4.607572 1.137176
-4.974760 1.175347
-7.048380 1.186743
-8.381329 4.821771
-8.294069 5.871438
-8.360268 8.473207
-6.030641 6.325453
-6.162204 7.289217
-9.531872 6.916485
-8.077013 3.311158
-8.595240 5.573271
-8.340018 3.817405
-8.831923 3.230426
-8.302174 3.613322
-7.857371 2.165872
-9.215239 1.904194
-8.539511 2.892322
-8.312610 3.778737
-8.356820 4.535703
-8.586182 4.243896
-8.991591 4.961006
-9.362740 4.120967
-6.604448 7.852769
-8.521918 7.524420
-4.961031 7.907253
-2.885025 6.353784
-3.075968 8.650790
-0.455625 4.432208
-1.812791 2.904470
-1.121207 2.118568
-0.709174 1.920285
-0.247172 1.875698
-1.821651 3.553555
-0.278252 3.218334
0.517374 1.705652
-2.461719 1.094094
-3.179884 1.288065
-3.139926 -1.441166
-3.097594 -1.379096
-3.832506 -0.923475
-3.183563 -1.224581
-4.363269 -3.136249
-4.479757 -4.432944
-3.998737 -3.724277
-4.519096 -2.170384
-3.945685 -2.741092
-3.751546 -4.392978
-7.236394 -4.783051
-5.546955 -4.252555
-7.465100 -5.642298
-6.341873 -6.852761
-4.730771 -5.847003
-7.776061 -6.669262
-7.579144 -5.626250
-7.146532 -4.053474
-6.531953 -4.480666
-6.245764 -6.503121
-4.867233 -4.585010
-5.162678 -5.098664
-5.107673 -5.317964
-2.302739 0.944414
-1.940373 3.125609
-1.747144 1.070313
-0.348495 1.131884
-3.146246 0.326973
-3.060271 -0.484032
-2.874401 0.196800
-3.395657 0.704018
-3.962505 0.514505
-2.707455 -0.146538
-2.679936 -0.268332
-3.209451 0.549711
-4.381092 0.969192
-3.214730 1.247125
-6.106265 1.251901
-3.689420 -1.334315
-3.147176 -1.307849
-7.817562 -6.380617
-7.466889 -6.523911
-5.288885 -4.866486
-6.733692 -5.241714
-6.829252 -4.508966
-5.163692 -5.127416
-3.643480 -3.761275
-3.939231 -2.209649
-4.314715 -0.815375
-9.691175 0.412134
-10.041654 1.257762
-8.639086 1.795805
-9.575966 2.073472
-9.542569 2.163533
-7.850232 2.684371
-3.966376 -2.891735
-6.019681 -6.320286
-6.238669 -4.602178
-7.807614 -4.258780
-7.438670 -6.589373
-5.268150 -4.870005
-5.982318 -5.841284
-6.243535 -9.155946
-9.124667 -8.352094
-9.021022 -8.560598
-14.126314 -5.829785
-11.294428 -2.409491
-10.119398 -1.146924
-12.438936 0.183609
-10.844602 2.287619
-8.691863 3.399033
-9.810553 0.042643
-12.994919 1.731260
-9.105293 1.747136
-7.254051 -4.027163
-5.912364 -4.639187
-4.570113 -5.930244
-4.000208 -3.696731
-4.098362 -2.485312
-3.328099 0.042711
-2.340907 -1.543785
-2.884346 1.284233
-2.309499 -0.103110
-4.590224 -1.020538
-4.091133 -1.527465
-3.502951 -0.300215
-3.735747 -2.041248
-3.059040 -1.854814
-2.929386 -3.484543
-4.488472 -4.363374
-3.071663 -4.949200
-3.599358 -3.234741
-3.847809 -2.688705
-3.910733 -2.362117
-2.186028 -2.367522
-7.339323 1.288607
-6.408199 1.215160
-8.403989 1.187982
-7.840381 1.407831
-8.286821 2.993108
-7.953877 3.059453
-9.020410 5.632583
-8.821006 5.432399
-7.117296 7.879781
-8.318417 9.664133
0.973181 4.024455
-1.326538 2.606847
-1.594681 1.536367
-2.584481 -0.043527
-3.639780 -0.531070
-3.852494 -1.974434
-3.344552 -1.686122
-3.430285 -3.372091
-2.858341 -1.521448
-3.322835 -0.416366
-4.093312 -1.147777
-3.968689 -2.919693
-2.876039 -0.548254
-4.431520 -0.224915
-3.170361 -1.681532
-4.277256 -0.195939
-3.496938 -0.706134
-2.665493 1.229004
-4.436914 -0.190766
-6.565839 1.158107
-4.484348 1.246272
-3.210778 1.155595
-3.721840 1.204039
-4.335378 0.790341
-4.596135 0.926811
-8.693703 1.370953
-8.031822 1.258844
-7.392992 1.176970
-3.906878 1.226132
-4.563518 -0.302375
-3.982700 -2.407494
-5.515106 -6.731175
-5.361209 -6.126324
-5.562243 -4.713172
-4.309053 -4.148897
-3.795417 -3.563746
-4.745860 -5.387489
-3.884919 -3.938374
-5.881818 -4.004817
-3.886942 -0.662049
-4.360328 -1.061455
-4.590022 -1.179288
-8.370426 2.260947
-9.063449 3.672576
-9.684736 2.248021
-7.781827 3.607664
-8.071816 6.496260
-6.747676 7.673468
-5.210143 9.012463
-7.052376 6.753263
-6.631011 6.741584
-5.417678 9.261271
-8.683102 5.529624
-3.677930 6.771292
-5.307471 6.355518
-6.452722 6.470892
-6.328692 6.907529
-8.928429 6.583748
-8.171403 3.868345
-8.811249 5.940288
-7.640656 1.748906
-10.164567 3.731275
-11.533360 1.156797
-10.878683 -0.149521
-10.499504 -1.231813
-11.415026 0.194374
-8.974210 2.283773
-9.148167 2.264988
-7.827783 1.616578
-10.725814 1.652596
-9.861025 1.053065
-9.271921 3.065355
-8.340809 3.250293
-7.485184 4.612477
-5.921527 7.102390
-3.701594 6.487032
-1.838543 5.582279
-1.830752 5.142470
-1.789923 2.688532
-1.544966 3.043756
-5.212572 7.164492
-7.805006 7.690856
-5.161656 6.381649
-5.747584 8.038368
-2.136845 7.270607
-1.358823 7.793251
-3.102101 7.649528
-4.913715 6.492508
-4.052015 6.415922
-6.604350 7.912136
-3.962687 7.340568
-1.820826 9.131616
-2.220838 5.445156
-2.099556 3.954375
-2.634434 7.448798
-3.998793 8.238179
-2.796072 8.050851
-3.283453 7.218078
-4.599528 8.180974
-6.341856 6.661790
-5.755065 6.952662
-6.136264 7.737591
-2.994754 6.352582
-1.925464 6.476498
-2.339385 7.040214
-2.138368 5.474503
-1.854121 6.735198
-1.908533 8.020735
5.903085 9.366381
5.215584 7.523034
8.464102 10.519459
6.748496 9.609610
2.860501 4.162129
2.683604 5.311779
1.267851 5.498940
-1.598175 11.433480
1.119673 15.589595
-0.851577 7.364216
-1.171473 6.907375
-1.650595 4.862736
-1.857752 5.300475
-1.924213 7.743000
-2.730187 6.480704
-2.664853 6.556214
-2.965191 6.576123
-5.881076 8.096639
-8.060326 6.895649
-8.340950 4.053101
-8.153791 4.353920
-7.627819 2.198072
-9.610041 0.415347
-12.937805 -5.402249
-13.563940 -6.808474
-11.808994 -2.170139
-6.576998 -4.710079
-7.146029 -6.464311
-7.150125 -7.757863
-7.490252 -4.322361
-3.715177 -5.422334
-4.166233 -4.954719
-4.356666 0.637130
-6.167235 1.168111
-9.124187 4.272301
-10.735178 6.009332
-9.704874 3.059940
-9.907316 -1.855413
-6.524244 -6.199295
-4.739899 -5.008294
-4.505851 -1.743151
-3.613043 -1.181815
-4.463912 -0.443530
-3.592939 -0.203586
-4.561367 -2.218452
-2.379975 -1.345095
-4.066041 -1.138636
-2.680025 -1.185603
-3.444702 -2.371407
-2.715418 -2.742330
-2.368267 -2.403079
-5.256918 -5.659892
-6.816414 -4.808166
-6.070758 -4.933560
-5.689001 -3.966735
-6.037954 -4.419146
-7.073388 -5.902976
-6.576506 -4.395681
-6.079739 -5.857056
-5.194677 -5.942005
-5.990072 -4.875893
-4.152691 -1.916687
-4.200184 -0.747601
-4.070987 -0.964504
-4.085307 -0.230929
-4.039576 -2.174977
-2.983935 -0.823650
-4.846057 6.519019
-3.276223 6.866766
-3.889468 6.939373
-7.319965 6.435184
-10.174098 6.320510
-8.425606 4.945507
-7.740250 5.682536
-7.721493 3.815820
-9.755565 4.070805
-9.771591 2.018297
-8.712335 3.959654
-9.115469 1.703932
-9.266307 3.153163
-11.201675 0.421720
-9.937591 1.859198
-11.386648 -1.171734
-11.156377 -2.620096
-6.721861 -6.873796
-5.244343 -7.878350
-7.456547 -4.608792
-7.900338 -6.003924
-5.881778 -5.519569
-7.717228 -4.680975
-5.022546 -3.921012
-4.465710 -2.587746
-4.258382 -1.969565
-4.246517 0.187986
-4.125396 0.209997
-3.983859 0.639687
-5.235115 -4.328752
-3.835557 -3.976739
-3.280529 -3.967823
-5.557011 1.279075
-3.835053 -0.494580
-4.067964 -1.816708
-2.745644 -3.079480
-1.940858 -1.959969
-3.192504 -2.302101
-4.381312 -2.694939
-2.988977 -2.364423
-4.385238 -2.677491
-4.370276 -1.714163
-3.118020 -0.708589
-4.478648 -1.568754
-4.062903 -4.906784
-6.353866 -5.053940
-5.582972 -4.250368
-4.184285 -1.419807
-3.584512 -1.464635
-2.797363 0.272209
-2.265580 -1.125075
-1.183149 3.041950
-0.662462 1.353654
-0.045888 0.856065
-1.701443 0.720165
-2.028603 1.422130
-2.270262 2.891635
-0.628235 0.833586
-3.228727 -1.775828
-4.340445 -2.293825
-3.631898 -3.337797
-4.549366 -2.217526
-3.994807 -5.947739
-5.811949 -4.024252
-5.157683 -4.151549
-5.716516 -4.266194
-5.443138 -4.056051
-6.648666 -5.130095
-5.122519 -6.131682
-4.213555 -2.765504
-1.887129 -2.604221
-7.117685 -6.027870
-8.779508 -11.186931
-6.780326 -5.618417
-7.800943 -6.551791
-5.053671 -6.253248
-6.480875 -5.633384
-6.291440 -7.161773
-7.078146 -6.831604
-6.798612 -10.198723
-13.745518 -9.621472
-12.338004 -9.171342
-9.149153 -9.775789
-7.834885 -10.086423
-7.503072 -6.468871
-7.170964 -5.996648
-7.269176 -6.739051
-7.394238 -6.195953
-7.757793 -7.643632
-7.620817 -9.045026
-11.138326 -9.504006
-7.299192 -7.528264
-9.827616 -2.503256
-12.683501 0.655145
-11.460699 1.420397
-7.125649 1.278479
-6.301914 6.484262
-9.409660 6.953129
-8.284459 5.860911
-7.372242 7.209788
-8.964687 6.013084
-8.052689 4.262915
-8.412977 4.775192
-9.112005 1.504794
-8.327295 1.535002
-8.301057 1.466211
-3.789951 0.834540
-2.169590 1.519108
-2.035731 0.413247
-4.109750 0.842286
-3.876981 -1.131243
-3.278250 -4.021115
-5.018556 -4.437235
-7.767939 -4.460471
-7.527159 -4.560626
-6.348023 -5.165508
-5.463831 -5.494458
-4.504691 -6.798944
-3.899780 -1.619337
-4.579865 1.209077
-4.033589 0.478087
-3.617384 -1.254104
-3.490665 -3.500281
-4.232936 -2.134232
-3.990788 -2.233156
-3.078106 -2.639245
-2.963665 -2.907317
-5.568347 -5.756164
-5.082646 -4.175466
-7.341475 -5.074736
-6.036339 -6.470969
-4.817624 -4.126516
-7.742570 -4.308081
-7.414365 -4.677831
-6.328515 -7.953665
-7.826291 -6.873681
-7.310935 -10.769650
-9.967697 -8.930760
-6.934104 -8.849587
-6.664914 -4.568314
-10.089372 4.679041
-12.312021 -0.000325
-14.075260 -5.333303
-13.383121 -7.508275
-8.491718 -10.215022
-11.430224 -11.704597
-9.816746 -8.619815
-7.706625 -8.972829
-7.814110 -9.912182
-9.352510 -9.554616
-10.281221 -8.055172
-11.377935 -10.725965
-14.411042 -8.928071
-10.717203 -8.184908
-11.137072 -8.465948
-7.251649 -8.239804
-7.123399 -7.260109
-7.564211 -6.774815
-6.672688 -8.739400
-4.858360 -6.392811
-5.426384 -5.334180
-6.195986 -6.879765
-4.792612 -4.604218
-5.103143 -5.018363
-7.524338 -6.917227
-6.619288 -9.754888
-9.891540 -8.462626
-11.027877 -2.690020
-6.230629 -5.211945
-6.733066 -5.325021
-6.938691 -7.507969
-4.672879 -5.878589
-6.398772 -6.842683
-11.534925 -2.720367
-10.258648 -1.948509
-8.141016 -8.572598
-10.076504 -8.546250
-9.267611 -9.475837
-6.669014 -6.353048
-6.587020 -8.082887
-4.415239 -6.166628
-7.245008 -5.178969
-7.030477 -4.937482
-7.762971 -5.789299
-4.748916 -6.761072
-6.188831 -5.467805
-5.591010 -4.909006
-5.637356 -6.125612
-6.806378 -7.416577
-6.466089 -7.438865
-7.496134 -7.233273
-5.970455 -8.530400
-11.666975 -9.436604
-11.783839 -9.525407
-11.090361 -9.594687
-9.567411 -8.089520
-11.842193 -9.579053
-11.644391 -9.741611
-12.225118 -12.119115
-4.340408 -6.060105
-9.044489 -9.440339
-8.210443 -8.667150
-12.943122 -7.236663
-13.892409 -2.660724
-11.261315 -0.684422
-10.631865 0.795598
-11.157139 -1.273058
-9.867975 -1.131055
-14.937934 -0.646746
-11.285019 -1.452609
-13.887886 0.425530
-12.478674 -0.944170
-12.023784 1.401984
-11.306091 0.359300
-7.798558 2.054911
-10.354125 4.170511
-10.662306 0.430614
-14.082014 -2.653508
-15.832270 -3.478688
-14.138925 -3.748561
-19.411869 -4.485832
-11.949363 -9.856851
-8.804512 -9.061378
-11.934052 -10.918603
-10.138998 -10.239124
-8.986861 -8.147043
-9.658034 -8.987187
-9.288973 -9.542968
-10.355500 -10.215308
-11.776155 -9.193785
-10.311784 -10.106952
-9.727210 -10.853732
-10.899938 -8.200964
-9.717961 -9.885081
-9.054590 -8.475334
-12.022038 -8.594189
-13.355669 -8.809550
-13.387971 -7.077711
-14.884996 -3.696931
-14.111363 0.261288
-11.913845 -0.849292
-13.572834 -1.918110
-12.647715 0.545522
-9.582567 1.112316
-12.565678 1.526389
-13.252327 -5.007868
-13.719246 -6.198118
-11.901139 -9.494720
-13.393772 -7.342677
-10.028244 -12.020252
-6.614637 -8.571363
-8.412138 -9.523630
-8.496844 -9.718825
-7.738798 -7.573069
-8.014760 -8.734597
-7.152506 -6.702984
-5.108152 -5.564006
-4.024494 -5.030514
-2.884359 -2.622499
-4.338067 -5.350914
-5.539822 -5.352920
-4.360931 -4.461698
-2.383537 -2.079558
-4.755759 -5.713192
-5.708920 -7.291250
-6.601788 -6.832688
-6.238456 -5.866215
-6.329902 -7.198400
-2.331411 -1.216102
-3.128568 -2.370388
-3.971787 -1.243810
-2.162012 1.494218
-2.402938 1.270910
-2.315618 -0.333062
-1.977792 -0.435319
-0.724469 -2.636519
-2.130726 -4.429077
-2.468103 -2.626962
-2.751673 -4.029811
-4.461568 -6.063295
-4.594787 -7.393264
-5.297457 -9.749728
-10.017717 -18.001060
