8.636400 8.258964
12.199347 3.038997
16.606672 1.086315
11.444071 -5.861780
10.536561 -7.286443
6.615575 -8.090095
9.356697 -12.891533
9.878598 -13.104320
13.252228 -13.140328
7.640197 -14.622880
7.686077 -9.908877
7.700512 -5.250318
9.631666 -7.152712
10.693270 -6.667130
11.281601 -7.474399
11.217464 -6.820632
12.995034 -5.258048
15.890162 -8.294970
14.149952 -13.557015
14.860877 -12.328780
14.397449 -5.174753
11.331450 -5.043410
8.785189 -5.375610
9.213297 -8.847915
9.504481 -4.997513
6.967312 -7.059760
9.276855 -10.817737
9.046495 -11.794677
8.271220 -11.931067
5.587790 -11.701051
8.221991 -8.798370
8.864163 -9.354545
6.236541 -7.758521
6.139113 -4.882818
7.327944 -10.116887
9.818857 -16.889589
11.559513 -14.357236
2.133323 -17.509928
13.501080 -15.632493
12.982658 -14.146132
13.844811 -14.191193
