-13.693597 -17.680080
-11.598292 -12.250286
-11.028006 -10.456938
-11.123348 -10.591809
-11.275034 -10.969029
-11.402775 -11.358966
-11.591867 -12.246589
-11.014820 -10.448304
-11.105029 -10.578969
-11.249115 -10.947495
-11.368515 -11.328467
-11.543310 -12.194493
-10.921903 -10.320335
-10.984735 -10.381242
-11.101558 -10.614749
-11.206785 -10.832362
-11.361065 -11.371453
-10.794934 -8.025466
-10.017493 -4.307413
-9.720242 -0.508512
-9.500196 2.175399
-9.521633 3.236268
-7.931917 6.973608
-7.867891 7.063081
-7.931762 6.973789
-7.867737 7.063262
-7.931458 6.974144
-7.867432 7.063619
-7.930863 6.974839
-7.866835 7.064315
-7.929707 6.976194
-7.865673 7.065670
-7.927448 6.978834
-7.863423 7.068286
-7.923048 6.983964
-7.859017 7.073363
-7.914302 6.994053
-7.850279 7.083340
-7.896712 7.014444
-7.832698 7.103446
-7.864180 7.056178
-7.923805 6.968655
-7.828897 7.154534
-7.896123 7.075381
-7.774335 9.609769
-7.672352 18.531763
