13.282415 4.497001
10.248831 2.952782
8.202909 1.809502
6.131109 1.177352
1.218310 0.454113
1.397679 0.531592
1.708710 0.579932
0.950978 0.425489
1.332775 0.536188
1.786380 0.585016
1.255461 0.516043
1.687348 0.566334
1.159613 0.491178
1.565507 0.541332
1.792850 0.607669
1.418875 0.505806
1.634436 0.574890
1.229946 0.456034
1.411690 0.532706
1.724273 0.579978
0.968807 0.422832
1.351912 0.530255
1.808329 0.547763
1.276051 0.481541
1.710899 0.400514
1.174258 0.321695
1.601064 -0.240640
0.477439 -1.099466
-3.582261 -4.662867
-5.664539 -6.404347
-7.628393 -7.417870
-10.494862 -8.887144
-11.635775 -9.512244
-13.715698 -10.476733
-14.124069 -10.756688
-14.784179 -11.104826
-14.830693 -11.220090
-15.102259 -11.360683
-15.032068 -11.394101
-15.194799 -11.454274
-15.089498 -11.457429
-15.221911 -11.486974
-15.106553 -11.479056
-15.230139 -11.497933
-15.111822 -11.486239
-15.232703 -11.501542
-15.113477 -11.488591
-15.233514 -11.502717
-15.114001 -11.489354
-15.233770 -11.503097
-15.114168 -11.489601
-15.233854 -11.503221
-17.935183 -14.631118
