18.465508 4.217046
12.649640 1.083442
10.099607 0.197556
8.508595 0.439741
6.978950 0.499067
1.465601 0.433903
0.999091 0.354505
1.484675 0.438201
1.018002 0.359939
1.505231 0.442911
1.038306 0.366009
1.527154 0.448490
1.059678 0.372839
1.550820 0.454438
1.082666 0.380592
1.576646 0.460660
1.107959 0.388930
1.604360 0.467033
1.134932 0.397465
1.634275 0.475252
1.164047 0.407598
1.666246 0.492654
1.196168 0.427829
1.699455 0.569730
1.259671 0.494301
1.653086 -1.455561
1.793298 -1.927968
1.387975 -4.469687
0.108490 -6.814973
-1.322816 -8.691174
-3.169597 -11.007531
-7.558299 -16.434231
