-6.749443 -19.225990
-1.476893 -12.306767
0.532678 -9.581754
2.132304 -7.980637
5.361619 -5.182557
9.108097 0.487503
8.992934 0.288511
8.597221 -0.199550
9.109660 0.487345
8.994398 0.288425
8.598671 -0.199695
9.112507 0.486987
8.997057 0.288184
8.601295 -0.200070
9.117627 0.486056
9.001811 0.287401
8.605968 -0.201189
9.126756 0.483268
9.010793 0.284864
8.615611 -0.204108
9.145348 0.475981
9.030154 0.278124
8.637707 -0.211084
9.187740 0.458723
9.074929 0.262432
9.289144 0.422407
9.186168 0.228471
9.554033 0.361284
9.485288 0.185433
10.318360 0.370229
10.165383 0.061078
10.835020 0.084806
11.230688 -1.137907
