9.158525 13.258806
6.113182 10.275254
4.469691 8.578906
2.878438 5.498415
2.880683 5.341234
2.876390 5.500141
2.877930 5.343541
2.872193 5.503128
2.872371 5.347562
2.863828 5.508361
2.861346 5.354673
2.847460 5.517590
2.839818 5.367387
2.815239 5.534203
2.797229 5.390363
2.752074 5.564065
2.713481 5.431962
2.627683 5.617761
2.544447 5.507973
2.384937 5.709923
2.216425 5.636654
1.905306 5.864426
1.521750 5.855391
-0.466134 5.921866
-1.998341 5.847837
-3.369017 6.641885
-3.390211 6.695860
-3.367369 6.640799
-3.388457 6.694680
-3.365540 6.639593
-3.386511 6.693365
-3.363518 6.638260
-3.384362 6.691910
-3.361290 6.636786
-3.381990 6.690304
-3.358843 6.635156
-3.379391 6.688522
-3.356191 6.633332
-3.376608 6.686521
-3.353437 6.631219
-3.373849 6.684175
-3.351036 6.628485
-3.371973 6.681007
-3.350818 6.623940
-3.374369 6.675372
-3.360043 6.613046
-3.394875 6.661108
-3.408720 6.578222
-4.294984 6.574040
-7.915804 7.060909
-7.846931 7.141567
-7.815326 7.184110
-7.883242 7.109683
-7.884522 7.130540
-7.815029 7.201824
-7.860762 7.158026
-7.933659 7.080600
-7.895908 7.117050
-7.825812 7.190094
-7.863942 7.154386
-7.937160 7.076333
-7.897056 7.115659
-7.826900 7.188887
-7.864264 7.154018
-7.937515 7.075902
-7.897171 7.115519
-7.827008 7.188766
-7.864296 7.153979
-7.937551 7.075857
-13.005226 4.647629
-19.404430 1.777424
