13.137539 -14.653176
8.611145 -10.885378
6.639855 -9.228698
4.866969 -8.274383
-6.639277 0.786010
-7.864154 1.459523
-8.336346 2.258615
-10.198526 3.444055
-7.892472 7.058593
-7.825995 7.141061
-7.824390 7.148468
-7.889948 7.068354
-7.953819 6.986635
-7.885394 7.073670
-7.944742 6.997265
-7.876445 7.084140
-7.927335 7.017525
-7.859170 7.104160
-7.892214 7.058884
-7.825747 7.141322
-7.823827 7.149084
-7.889362 7.069054
-7.952793 6.988092
-7.884391 7.075044
-7.944312 7.000648
-7.875724 7.087317
-7.943843 7.030997
-7.872997 7.114738
-7.926271 7.145504
-7.849883 7.213524
-7.903433 7.173890
-7.827748 7.239175
-7.896090 7.182429
-7.820521 7.247139
-7.893703 7.185183
-7.818166 7.249712
-7.892954 7.186051
-7.817425 7.250521
-7.892715 7.186326
-7.817191 7.250779
-7.892641 7.186414
-7.817117 7.250860
-7.892616 7.186441
-7.817093 7.250885
-7.892609 7.186450
-7.817085 7.250894
-14.318253 5.607085
