14.776065 10.236362
11.704285 4.985680
10.396169 2.134531
9.504279 -0.115647
10.277798 0.164595
10.725016 0.341177
10.626783 -0.692219
10.502670 -1.148630
8.925100 -8.384517
8.991184 -7.992605
9.015024 -7.994757
8.906138 -8.475492
8.916021 -8.447392
8.973487 -8.075244
9.005219 -8.048338
8.904937 -8.509174
8.907949 -8.504100
8.951614 -8.160733
8.971931 -8.121764
8.903919 -8.511308
9.042519 -7.820522
8.910534 -8.361782
8.907499 -8.309337
8.975578 -7.892534
8.876342 -7.950634
8.790147 -8.455725
8.373094 -8.461715
8.251058 -8.165401
6.188985 -8.668774
5.074028 -11.439145
3.407033 -19.011532
