2.925130 -19.442001
6.238672 -12.564930
8.249104 -9.912921
9.952078 -8.501585
10.151806 -8.134273
10.022277 -8.372661
10.181657 -8.067663
10.047022 -8.313346
10.193805 -8.037833
10.057010 -8.287569
10.198820 -8.024994
10.061133 -8.276473
10.200937 -8.019498
10.062874 -8.271729
10.201837 -8.017163
10.063614 -8.269713
10.202217 -8.016175
10.063925 -8.268863
10.202377 -8.015759
10.064057 -8.268507
10.202444 -8.015586
10.064112 -8.268357
10.202474 -8.015512
10.064136 -8.268294
12.336406 -5.554682
16.869484 -0.735535
