-15.580699 -6.847878
-11.847633 -1.026598
-9.701525 2.607582
-7.894878 7.031018
-7.830741 7.116930
-7.894800 7.031108
-7.830668 7.117008
-7.894633 7.031301
-7.830513 7.117175
-7.894281 7.031709
-7.830186 7.117525
-7.893541 7.032565
-7.829499 7.118262
-7.892007 7.034341
-7.828073 7.119793
-7.888802 7.038050
-7.951986 6.948809
-7.882120 7.045811
-7.945158 6.956868
-7.868666 7.061816
-7.931291 6.973618
-7.845996 7.096225
-7.910015 7.008636
-7.849285 6.717103
-7.765576 6.698946
-7.559957 6.708176
-6.873743 7.544953
-5.604138 9.959007
-3.366028 16.016262
