19.406673 8.308962
11.745766 4.603159
8.897034 4.137438
10.428318 4.170920
10.322022 3.617530
10.766468 3.818737
8.283052 4.598869
8.762188 1.172261
8.238645 0.620760
8.887098 2.807496
8.971363 1.866832
4.728992 -4.914081
4.056183 -5.210664
5.644985 -5.333455
6.046957 -8.221924
7.217543 -9.056272
9.082647 -7.920897
6.989916 -8.490140
9.046738 -11.287402
8.577099 -13.968315
6.590948 -12.283265
5.872971 -9.104144
8.528201 -11.042252
7.992849 -12.532949
14.268237 -15.975606
8.435496 -11.968943
7.115236 -8.381635
13.275677 -6.948655
11.381027 -7.558244
11.635684 -4.355262
13.017172 -4.750776
17.149487 -7.983124
16.368744 -3.145116
9.668762 -2.622953
8.451624 -2.457378
7.698661 1.683510
8.224174 1.459919
8.889964 2.248270
8.177822 1.535123
7.788671 2.583150
10.029537 5.088596
10.569041 5.073721
9.406572 3.544335
9.840639 3.723446
11.595456 3.655060
11.216965 5.232025
10.526135 5.510220
11.621044 3.721706
8.555895 3.150425
7.535365 3.159190
9.532759 4.056592
11.189369 -2.727017
9.806597 -2.120590
7.220216 -2.234199
8.785707 -0.478401
9.077042 1.935289
8.567361 2.381638
9.006572 1.405385
9.052906 1.481612
6.205469 3.900989
8.229562 2.351697
6.059976 2.364229
10.757512 3.987806
9.790455 5.091044
10.470671 6.878402
9.314188 5.934684
9.551638 4.924081
8.914475 2.817811
6.124704 0.353352
8.771396 3.088033
8.805068 1.117479
-7.369427 -6.758128
-8.506770 -7.176019
