17.673464 -7.402947
16.833509 -8.328220
12.986094 -6.024845
18.719444 -7.276137
16.864021 -11.784204
14.088478 -13.266068
18.999388 -16.435316
19.187309 -12.104276
15.801036 -9.028941
14.422006 -8.097712
14.776428 -8.270019
18.478794 -7.136290
13.747851 -7.454198
9.607893 -1.985495
6.736761 -10.453081
6.783575 -8.655898
6.043782 -2.970150
3.928422 -4.223513
4.379892 -9.348479
9.096576 -10.350904
7.066410 -9.649911
6.294439 -8.151475
7.949156 -10.070858
6.202696 -12.728923
7.521413 -10.894195
8.495735 -9.616277
7.585236 -7.831868
5.542862 -10.906084
6.433569 -10.108932
9.250537 -7.871939
7.233246 -10.593957
7.409901 -10.933866
5.562964 -11.579494
8.257620 -9.919723
8.248904 -9.944734
5.322063 -9.086441
10.130383 -13.509397
5.436756 -12.254102
9.234597 -8.455009
11.546663 -4.815450
12.139306 -7.656199
5.755060 -9.524910
5.623909 -10.491896
5.463052 -10.056792
8.375456 -10.080546
9.198461 -13.678127
8.792065 -13.711309
14.712069 -10.636970
16.003572 -6.040587
5.655802 -7.158356
6.310719 -8.589317
7.748692 -9.941514
7.681787 -8.512536
6.699307 -10.534357
8.938615 -8.919245
8.295421 -11.861967
5.909305 -7.550792
5.269537 -9.168613
3.559799 -5.265940
5.802288 -4.467208
8.049951 -2.176411
7.304943 -1.434244
5.911650 -7.115186
7.354769 -8.438607
11.217027 -5.712111
6.908096 -12.901491
7.214874 -12.648654
7.445026 -9.144800
5.656853 -7.445458
4.241096 -9.603376
5.462084 -8.893887
5.390805 -4.883122
4.902526 -7.613502
7.368996 -9.913611
7.965452 -10.128084
7.521041 -8.033983
8.507214 -9.499770
7.116674 -8.917892
6.844753 -8.363634
7.977420 -8.526383
9.335945 -8.165757
5.710198 -8.438497
9.211958 -9.303116
9.202407 -9.755055
7.389247 -10.628489
12.952004 -6.507376
13.372325 -6.390387
14.428453 -1.521619
19.530828 -16.083601
15.086034 -12.828748
10.016918 -13.070140
3.746825 -11.695628
6.240022 -11.434105
9.998338 -14.302340
8.631355 -11.095366
9.205230 -11.694314
6.036734 -11.381614
4.058057 -13.483354
11.595193 -16.929056
13.207328 -16.647287
14.455029 -12.491202
15.965650 -10.024272
14.099592 -2.876829
11.757370 -4.613057
12.523244 -5.363747
12.916903 -6.454104
13.723314 -7.794814
14.088728 -3.318187
9.604479 -2.128446
9.667868 -2.099994
9.315342 -2.380650
8.248259 -0.222782
8.020322 -1.323700
6.482244 -1.476961
3.667485 -5.347066
5.896820 -5.954406
4.639976 -5.259264
4.840055 -7.031897
8.408501 -9.210398
7.375005 -10.750665
4.380617 -5.253884
5.128711 -4.137637
2.825292 -6.637563
3.022166 -9.441862
8.295851 -8.354347
8.904325 -7.862133
8.620091 -16.111109
11.460402 -18.074507
11.456215 -14.451262
12.171511 -13.447751
3.837793 -11.791558
7.242145 -12.108502
10.031801 -13.110754
7.203231 -12.784306
4.661822 -7.832639
4.862776 -9.021420
7.203675 -9.871038
9.613183 -13.149302
5.493763 -8.031610
8.707487 -10.295671
8.664320 -11.508991
6.780700 -9.729241
7.258047 -10.878245
5.098160 -10.904722
5.680432 -9.061076
9.026448 -8.447827
8.644014 -8.403339
8.076168 -7.924820
6.560646 -9.212543
-6.691582 -9.841527
-8.394844 -8.010278
