8.811567 17.369669
9.632946 11.468753
9.610960 4.190546
12.637669 4.594690
10.680358 4.180308
13.786874 5.262018
12.708332 6.270339
15.806988 2.346622
14.431556 -1.193416
16.234310 4.048740
13.221906 5.110152
11.389012 3.526565
12.050019 4.342480
9.836501 3.961082
8.105020 3.173075
8.050256 3.177305
9.086049 1.895876
7.617458 2.677664
8.930986 1.326955
8.390043 1.903199
7.608807 4.108583
10.188469 4.942012
11.422599 4.047209
15.669733 3.101002
15.426659 2.981894
14.509511 0.371050
16.648643 -0.136179
19.013712 -9.593621
17.162420 -10.015893
12.210930 -14.097735
10.073388 -6.857016
7.627239 -7.902927
8.714940 -10.283295
9.539975 -10.731565
11.209156 -6.833463
11.494991 -8.699120
10.793463 -8.194534
14.303869 -7.126442
14.361143 -8.459065
14.060552 -9.251931
17.176508 -6.457704
18.020657 -7.818524
