-2.010794 -1.755784
-2.855307 -1.228751
-5.825568 0.998976
-3.456056 1.065399
-0.350619 -0.062599
0.585521 3.687984
-1.446411 3.957988
-1.251927 2.223718
-1.511054 3.050795
-2.205372 5.422116
-1.408578 4.957403
-0.417790 5.553472
-1.146059 8.050086
-0.771948 5.734644
-4.328315 7.234190
-4.539020 6.391271
-3.996285 6.495940
-5.253805 6.909892
-5.576447 6.858986
-4.639763 7.112346
-3.162613 6.955897
-7.302488 7.597969
-7.915697 4.288140
-7.609699 4.986483
-4.759860 7.590504
-5.544605 7.578640
-7.172588 7.701932
-7.000299 7.686164
-6.426614 6.925283
-3.853862 7.898990
-3.948643 6.378628
-2.938866 8.057946
-0.412236 5.629332
-1.277756 4.661929
-1.744760 4.304105
-1.998808 2.951865
0.173408 1.201301
0.430568 0.725374
-2.779549 0.656067
-3.339394 1.299406
-2.701758 1.188259
-4.597057 0.577381
-7.836990 3.386797
-7.700024 4.928380
-6.267189 6.980831
-7.675970 7.847152
-5.592496 8.924945
-10.992512 9.363381
-8.652194 3.332407
-8.009862 2.657178
-9.166357 2.932250
-8.619382 3.047624
-9.517593 3.125605
-10.055214 2.038205
-7.834081 3.076851
-7.802838 8.264691
-5.253838 7.751880
-8.787079 8.886947
-11.298706 10.287061
-8.663337 9.719895
-7.711336 9.311666
-8.382029 9.127505
-7.050186 7.726671
-7.789806 7.108364
-7.872404 5.854924
-1.563462 3.110806
-7.569626 4.520279
-4.034138 6.397198
-4.083280 7.607401
-5.251938 6.389327
-2.242376 4.158309
-2.159252 1.794740
0.000055 0.487048
-1.718392 0.832732
-0.888547 2.252917
-0.383030 3.279859
-2.066574 3.802949
-7.631992 2.861565
-8.937328 -0.280775
-8.587570 0.331459
-9.122243 0.950151
-7.684777 0.058409
-8.536437 2.317598
-7.922218 3.416681
-9.936995 1.302103
-11.666378 1.845183
-10.177024 2.083344
-6.131637 0.772256
-4.950191 0.648307
-9.173769 1.698228
-8.541021 2.522348
-11.431822 2.757795
-9.259382 0.062844
-7.648638 3.815774
-4.964606 0.886525
-14.357851 1.730505
-13.659147 3.566881
-10.441402 2.776202
-12.060549 1.712799
-13.641407 -0.529460
-8.673759 3.294479
-11.669088 3.145066
-10.768945 3.152067
-12.110218 1.743487
-13.392235 1.751622
-6.864377 9.340922
-7.375494 8.709749
-7.513180 8.185081
-7.269208 6.825483
-5.647301 7.642221
-5.765600 6.923602
-5.173160 6.845911
-5.312903 6.784967
-5.997641 8.775550
-4.949943 7.374179
-6.295547 7.192685
-7.707861 6.142479
-7.865699 5.558224
-7.950172 5.343259
-7.826503 4.408119
-7.825240 2.981219
-7.633846 6.563579
-7.892893 5.151876
-11.041337 2.684654
-14.477242 1.013940
-14.582921 -2.188473
-7.664221 0.960022
-9.271294 3.245960
-9.016549 3.209265
-8.216930 1.706038
-5.838951 -0.004272
-4.135386 0.113165
-4.055962 1.097797
-3.700279 0.251892
-3.404023 0.921924
-4.132132 0.353358
-5.579574 -1.067897
-4.960703 1.093022
-7.908013 3.693176
-8.160798 1.931849
-8.325768 2.387768
-8.411878 2.822254
-8.237168 1.467802
-16.012627 4.647797
-17.256554 12.699628
-13.329559 5.502785
-13.543912 5.209632
-15.933876 8.896829
-15.291281 11.361543
-16.300419 9.793898
-16.337193 9.359179
-10.335077 9.924882
-8.524745 8.728036
-7.310286 11.579123
-7.812687 7.086350
-6.130980 10.191197
-8.525243 8.804185
-7.556948 8.437675
-3.543323 9.515906
-1.786368 5.579283
-0.224291 7.028850
-5.103199 7.670350
-7.059028 7.143717
-4.432879 7.728629
-6.752787 9.650782
-7.901283 8.493153
-6.619689 6.566530
-6.281943 6.840235
-7.011645 7.509515
-7.809140 7.836793
-7.811121 4.963344
-7.773643 6.074701
-7.528271 3.929604
-8.887442 0.429086
-6.924002 -0.878847
-4.412880 0.583527
-4.600550 0.882298
-3.568277 -1.529370
-4.632143 -1.373235
-10.098633 3.221615
-10.187433 2.778699
-6.079639 -0.711627
-5.025324 0.821410
-5.475379 0.293873
-4.420590 -0.221455
-7.273012 0.302852
-7.581669 1.800519
-7.648934 2.813769
-7.733421 6.516382
-7.668358 4.072301
-8.621918 1.870087
-9.329157 2.857377
-10.599857 1.253919
-8.931671 -0.404681
-9.674112 -1.338964
-11.906614 3.237674
-10.091149 2.866746
-8.646523 -0.149746
-7.689338 4.687036
-7.542558 2.501074
-7.766693 5.790260
-8.195087 0.509888
-7.605135 3.791757
-7.552263 4.591899
-5.804071 7.406382
-6.380845 7.185148
-6.109134 7.649874
-6.067127 7.198689
-5.786891 7.649483
-7.392545 7.513579
-1.830314 8.712527
-1.184167 4.380049
-6.819515 0.550391
-8.764585 2.357547
-9.549240 0.303292
-9.969617 3.051463
-8.455153 2.480898
-7.550597 3.408870
-2.654823 6.444829
-5.230356 7.254158
-5.519077 7.137239
-5.773340 6.780010
-7.198504 6.503726
-6.716919 6.704100
-5.316522 6.529643
-5.644894 9.481542
-7.803441 7.738750
-5.707022 7.791202
-4.432706 6.312452
-4.005144 6.884425
-4.739089 6.533565
-4.604887 6.486251
-3.003645 6.484395
-1.943676 8.284252
-2.363920 5.014021
-0.370334 4.043839
-1.874713 3.675946
-0.787841 3.103027
-2.036371 6.020967
-0.544170 7.195294
-1.211191 5.608399
-1.293148 3.713244
-0.007373 2.778725
-2.435042 1.932121
-1.560689 3.076176
-2.552413 0.410148
-5.609680 1.233400
-5.577515 0.807875
-4.596200 1.301682
-5.837152 -0.626942
-7.898809 1.542656
-7.136437 0.597790
-6.692347 0.075752
-9.023392 -1.004843
-8.339311 3.074183
-9.910310 3.299396
-7.654204 1.432316
-7.519530 1.288967
-3.417964 0.730971
-3.409635 0.273586
-1.992621 -0.468062
-5.197454 0.377273
-4.884153 -0.293017
-6.033786 -1.672061
-5.550147 0.761965
-0.967489 1.011908
-0.808985 3.126927
-1.391595 3.468094
-1.748991 4.035566
-1.567897 3.557196
-2.212693 5.670619
-3.680123 8.718781
-3.029508 6.982639
-4.490978 6.384468
-5.448005 6.974355
-4.194302 6.905439
-6.008459 7.345532
-5.286244 8.178969
-10.756917 8.922162
-12.481204 8.898266
-9.760855 8.882756
-7.053602 10.797330
-7.155835 8.023902
-5.203585 6.721836
-5.007179 6.530345
-4.313363 7.950816
-2.134784 6.608123
-1.948971 4.587121
-1.514029 0.399248
-5.430694 -0.302504
-6.980624 0.631239
-6.593557 0.597353
-9.708624 2.211151
-10.078203 3.004478
-10.139052 3.264795
-8.660999 3.001967
-9.071239 1.197793
-8.323737 1.860527
-8.751238 -0.618508
-7.710444 5.040645
-7.801201 4.502996
-7.859207 3.427885
-7.690847 2.299610
-7.923841 2.660903
-7.657648 3.760610
-7.603892 5.988363
-7.389397 8.065220
-4.306077 7.091741
-7.363659 10.348518
-9.281981 8.651286
-10.296003 9.554570
-6.763389 6.827791
-6.925092 8.813226
-8.885370 8.684537
-11.826667 10.389844
-10.099744 9.188124
-6.858004 9.985688
-7.860889 6.666685
-7.506198 7.497777
-7.747303 8.575228
-6.884835 6.625449
-6.659142 7.017215
-7.493261 7.215497
-5.517495 6.447558
-8.316943 3.392751
-3.868813 6.449876
-7.636248 7.155311
-7.588235 5.194289
-8.535207 3.417267
-11.474779 0.449537
-9.923965 3.015474
-13.481683 0.783443
-15.529235 4.886074
-13.035549 7.757612
-13.113377 12.139939
-8.437056 9.287936
-9.920148 9.818589
-12.962976 12.730487
-12.807768 9.344556
-13.343737 8.437469
-15.228715 13.020862
-8.788228 11.425655
-8.874830 10.417138
-6.551803 6.408538
-7.953969 8.049784
-7.536936 4.993917
-7.522327 1.843774
-6.375575 -1.131344
-5.002419 0.359007
-4.680429 0.015904
-8.901278 3.499438
-7.543497 3.328850
-7.836490 6.535270
-7.266323 7.512100
-7.820915 7.282371
-2.180012 2.766016
-2.452050 1.607438
-10.137562 11.157716
-9.406584 9.489839
-8.345569 8.793180
-11.689621 9.183341
-19.215883 10.362494
-15.427197 1.560477
-14.687055 6.815084
-7.891949 3.698971
-5.760924 -0.901061
-6.576942 0.208237
-7.246265 8.660653
-7.180081 7.782767
-7.588171 9.105515
-7.341608 6.665681
-6.760505 6.758923
1.271396 8.787676
0.035111 5.150815
-4.464685 1.180090
-3.076902 0.161280
-5.153712 0.635357
-2.260189 0.752770
-2.493791 1.233419
-5.223081 0.433548
-7.087939 0.929318
-5.336892 0.505669
-5.404398 1.095135
-5.101259 0.454424
-7.823002 3.997630
-8.014208 2.281867
-8.622741 3.235128
-10.397518 2.082205
-10.078455 2.456531
-8.980057 2.644779
-6.921775 6.866876
-5.683721 7.615507
-7.662989 4.966708
-7.499488 6.342294
-5.106148 6.842087
-4.075361 7.186461
-2.036304 3.814453
-8.702110 2.914023
-8.519288 1.596781
-10.664628 1.223371
-10.905246 2.966461
-12.475055 1.912344
-13.333404 -0.033571
-9.464193 2.828439
-7.221155 7.514924
-3.253901 0.665413
-4.801586 -0.455166
-5.667373 -1.021649
-7.753860 4.928391
-5.482469 6.589826
-7.461157 6.461009
-7.581538 5.251903
-5.270022 6.890109
-6.677443 6.384117
-4.645013 6.925439
-6.511865 7.796212
-5.368060 7.422898
-6.897822 6.874510
-5.353218 6.685462
-1.442683 7.922739
-2.351764 3.904432
-2.133162 4.842759
-1.094673 4.067148
-1.733295 4.984913
-1.265877 4.279046
-7.244940 8.798433
-5.258040 8.920342
-6.652251 6.874574
-3.407269 7.149384
-3.057141 6.342378
-4.854010 7.244401
-5.443913 6.969623
-4.874525 7.492446
-4.555340 7.530558
-4.316770 7.639463
-7.337751 7.398130
-7.530715 6.826760
-5.924120 7.793414
-4.613201 7.131155
-4.601323 6.344016
-5.076835 7.080197
0.239136 6.588001
-1.738033 5.731473
-2.421211 2.395122
-1.925858 5.349569
-1.928716 5.332501
-2.349400 5.145677
-2.468348 7.159317
-5.224953 8.398856
-12.441059 8.870784
-10.736032 10.580332
-10.728176 8.896779
-12.054190 8.527776
-9.336288 9.848014
-5.953585 6.940418
-7.018930 7.633280
-7.765575 6.207969
-7.905475 5.255866
-11.811147 3.155251
-10.367507 3.482456
-12.030963 3.092656
-13.740413 -1.673539
-13.162784 -1.173293
-16.374170 0.409227
-14.352516 6.755620
-11.779531 11.059215
-10.595678 9.560479
-8.484304 8.828071
-7.890501 10.383636
-11.274942 8.607110
-9.518312 9.551152
-7.410538 10.637579
-6.806849 6.446337
-6.655118 6.464699
-6.496652 6.949825
-7.635865 8.181453
-6.582571 8.165336
-7.488292 9.737361
-7.911638 7.514446
-7.840912 5.474923
-7.615398 7.240081
-7.821658 7.005557
-7.911429 5.983183
-6.036403 9.354814
-4.463614 8.846248
-5.581532 8.833679
-7.595912 4.406507
-2.435285 5.886006
-1.542764 4.220338
-7.802768 3.924725
-5.925910 7.485170
-7.889584 7.086077
-8.167092 11.540453
-8.315042 9.186603
-8.097462 9.955146
-8.599516 10.814827
-11.745785 13.083269
-16.386543 12.119085
-8.182182 9.390803
-6.704164 7.066840
-7.895081 6.704392
-4.895148 7.934030
-3.556213 6.914612
-1.715856 6.731719
-0.632246 4.849516
-1.764328 5.164147
-2.245347 5.110095
-0.070465 4.676012
-1.051452 6.061105
-2.158740 2.231343
-0.938893 7.198547
-6.290192 6.439811
-6.129519 7.073308
-7.798086 7.202263
-7.490833 6.246829
-7.695110 7.405701
-4.267995 6.613064
-5.538809 6.573769
-7.536916 6.626329
-8.005465 9.756822
-10.171036 9.036813
-11.759422 8.632882
-18.339081 13.151289
