-14.097168 -16.460350
-16.846008 -9.731673
-10.108114 -8.408336
-8.802030 -8.631699
-10.467216 -10.459065
-9.498213 -10.233245
-9.697330 -8.904281
-8.279484 -8.312819
-6.040877 -8.382429
-7.049208 -9.378875
-7.362560 -6.831704
-5.787938 -4.026995
-6.020121 -5.142796
-9.655466 -0.610727
-9.081944 -1.846731
-9.961031 0.890253
-7.271801 0.000416
-4.643804 -0.425236
-2.803183 -0.323172
-2.221576 1.271542
-1.311240 1.360108
0.516212 2.718814
-1.674470 3.546072
-2.147713 5.225776
-2.200176 3.791180
-1.200822 5.905396
-3.519317 8.215148
-4.682127 7.719049
-3.579895 9.315874
-3.271043 8.586627
-3.752205 6.439281
-6.546428 7.902763
-5.729137 6.521373
-1.996179 6.788260
-1.583503 6.202686
-1.731607 4.476019
-1.934255 4.070629
-2.219939 7.403122
-4.755979 6.501069
-5.832528 6.951424
-5.572562 7.638071
-5.971239 7.361585
-7.608511 8.553644
-6.966737 6.806412
-7.467655 8.076787
-7.042229 6.579250
-7.772202 12.020391
-9.817695 9.603378
-11.362838 15.541328
