-8.684910 3.162922
-7.072982 0.301899
-0.669237 1.464127
-2.472327 1.843725
-1.544045 1.149360
-1.834529 0.545936
-5.566818 7.594679
-4.724666 6.625277
-3.779373 7.194232
-6.359814 7.361504
-7.945496 6.692102
-2.573270 7.031105
-1.289954 3.939339
-1.459677 3.908432
-2.469823 3.447568
-1.827581 1.620747
-3.081422 1.299412
-2.169647 0.545974
0.770517 1.556257
-2.004608 1.912714
-2.415675 1.819133
-0.504922 3.167948
-2.370800 4.022309
-0.585808 4.038429
-1.725388 4.405759
-0.067611 4.458991
-0.983249 4.121258
-1.914237 4.703437
-1.956333 4.750941
-1.251333 3.730012
-0.763348 4.925126
-2.923368 6.846491
-3.242625 7.256880
-3.265969 8.108436
-1.815173 6.988091
-4.304431 7.841808
-5.951594 7.025963
-5.808104 6.501159
-5.854325 6.633482
-6.600254 6.679276
-7.156342 7.142079
-6.306465 7.108232
-6.512234 7.138686
-5.739859 6.375030
-5.309188 8.249882
-7.158625 7.293299
-5.802672 8.306911
-6.950045 6.433813
-6.129816 6.674021
-13.448622 3.779868
-5.733892 6.321283
-6.861994 6.929598
-8.045481 2.727745
-12.995050 6.135526
-7.685545 6.951286
-6.809464 8.237546
-6.295922 7.037859
-7.881184 5.029627
-7.757705 2.683554
-9.853739 2.931183
-11.457576 3.355360
-10.404964 2.767733
-9.524455 -2.013808
-6.923572 1.151190
-7.702049 4.964407
-7.487949 7.178977
-6.977518 6.722730
-4.165147 6.812361
-6.551434 7.523989
-4.923182 6.523002
-3.090680 6.982202
-5.850587 8.750961
-7.762281 7.154442
-6.572539 7.292599
-6.379976 6.932070
-5.117575 7.565100
-7.095838 6.666281
-6.623386 6.353767
-4.795340 6.968461
-7.327850 6.926917
-3.570373 6.626427
-8.854839 10.314492
-5.900096 10.444839
-14.545212 10.395990
-15.620843 15.810767
