2.446421 11.270008
0.632291 7.517412
-0.433977 4.128800
-1.165392 1.137224
-2.087859 -0.609250
-2.989551 -1.605880
-3.864912 -2.782229
-4.266351 -3.191877
-4.479024 -3.556232
-4.589326 -3.672894
-4.515831 -3.506755
-4.468523 -3.432401
-4.579110 -3.599174
-4.499153 -3.440392
-4.447261 -3.369798
-4.566508 -3.560785
-4.485912 -3.404771
-4.433418 -3.335618
-4.558825 -3.540016
-4.478296 -3.384965
-4.425757 -3.316696
-4.554562 -3.528707
-4.474258 -3.374127
-4.421645 -3.306361
-4.552232 -3.522571
-4.472062 -3.368246
-4.419428 -3.300798
-4.550977 -3.519269
-4.470878 -3.365081
-4.418235 -3.297816
-4.550306 -3.517500
-4.470245 -3.363388
-4.417598 -3.296220
-4.549947 -3.516554
-4.469907 -3.362482
-4.417253 -3.295360
-4.892325 -4.251486
-6.478895 -5.860364
-8.110515 -7.187774
-10.325945 -9.404003
-11.233133 -10.473675
-12.683048 -12.068376
-12.657460 -11.346152
-12.379588 -10.856584
-12.855057 -11.610971
-12.406822 -10.874629
-12.168318 -10.533757
-12.681709 -11.381435
-12.283012 -10.738125
-12.074648 -10.439578
-12.609535 -11.311662
-12.232735 -10.696124
-12.037767 -10.410711
-12.582028 -11.289625
-12.213879 -10.682638
-12.024101 -10.401418
-12.571941 -11.282365
-12.207023 -10.678183
-12.019163 -10.398324
-12.568327 -11.279918
-12.204578 -10.676677
-12.017408 -10.397273
-12.567048 -11.279079
-12.203715 -10.676162
-12.016788 -10.396914
-12.566597 -11.278791
-12.203412 -10.675986
-12.016571 -10.396791
-16.210110 -17.870941
