-11.611220 0.371481
-9.157391 2.473834
-7.795277 6.832305
-7.894392 6.673154
-7.894497 6.601975
-7.938763 6.508653
-7.720465 6.926484
-7.821339 6.772044
-7.823592 6.801620
-7.925096 6.639024
-7.944096 6.546159
-7.807647 6.786283
-7.798379 6.828711
-7.897568 6.669313
-7.898897 6.595086
-7.942903 6.501248
-7.723336 6.912617
-7.821705 6.757789
-7.787191 6.756989
-7.874936 6.586184
-7.563628 6.321981
-7.384709 6.205852
-5.857240 6.046352
0.028631 9.474321
0.920381 11.132224
1.731892 10.937928
1.810217 10.783206
4.217601 11.144320
4.569591 10.824263
5.439597 10.593811
5.394372 12.058946
5.898832 17.505796
