11.516858 16.107767
13.386278 3.589365
10.225525 3.684089
8.110154 3.561705
6.092798 1.557268
8.616333 1.531915
8.952205 2.661516
5.844159 -0.055575
6.634476 0.384597
6.654554 -1.941939
5.680339 -2.266544
4.367986 -6.599278
7.145537 -8.912603
3.985614 -9.947711
9.237622 -9.143083
7.468959 -11.797523
3.222472 -6.561747
5.768167 -7.644508
4.618545 -1.429412
7.031130 -2.393264
6.828663 -9.603692
5.245607 -6.825272
3.777964 -4.919986
4.424494 -7.689415
4.846336 -4.441729
3.457641 -5.263189
3.803346 -4.247535
3.019604 -2.642480
5.409394 -5.514763
3.439385 -7.339083
7.454821 -8.444266
8.744143 -8.829194
10.699984 -11.310164
12.071361 -5.571150
11.345556 -4.436326
13.278933 -5.173669
12.822620 -10.222663
9.859429 -8.876403
9.221752 -9.087512
6.594463 -8.423333
5.473618 -8.313397
5.930343 -3.615423
5.464624 -2.492107
6.834165 -2.705002
4.357178 -0.535703
4.491301 0.127875
5.815749 -3.826554
6.453241 -1.219128
4.999630 -0.779469
7.403179 -1.159328
6.158334 -1.769418
7.418160 -2.689499
5.489869 -1.786646
5.626252 -3.698884
5.794771 -3.889671
4.396285 -2.660283
5.434194 -2.360256
3.634003 -4.795569
5.817465 -2.782105
5.277091 -4.368609
5.531824 -4.147584
7.391316 0.313705
7.144610 -2.640859
4.951084 -6.916845
5.886416 -6.328751
5.162104 -3.529465
4.066300 -8.322841
6.271614 -8.522576
10.523605 -8.261967
11.293507 -8.785928
9.269312 -8.212806
8.476985 -8.735615
8.990821 -10.232017
10.085591 -7.854373
12.033088 -9.259068
11.385738 -5.892776
12.934914 -4.160063
14.524511 -2.237797
11.410469 -6.890440
13.431356 -8.791615
11.772802 -7.113449
9.426309 -10.704999
6.713593 -10.783410
10.101974 -8.991378
4.842593 -10.554201
4.256574 -9.481373
4.826666 -8.664020
7.111449 -9.183841
10.939600 -10.927955
8.483322 -9.276038
4.292025 -10.354180
5.353292 -5.161555
4.565992 -4.600651
5.113320 -1.585180
7.406891 -2.111567
4.606574 -2.780731
7.065762 -2.596930
6.753870 -2.378833
6.557245 -0.203604
5.918653 -1.961559
5.244930 -0.720865
5.605646 -8.668302
5.684522 -4.665059
4.191914 -9.421479
6.608640 -8.350905
14.701931 -12.109479
12.498148 -8.628959
12.308075 -8.522307
13.824526 -4.942961
15.275118 -5.722610
13.197283 -5.554914
14.023800 -1.627697
12.710648 -2.246490
13.036692 -1.970186
11.153959 -8.514578
10.597380 -8.465350
10.227771 -8.390960
8.587457 -8.816299
5.507798 -7.644896
3.788506 -5.828125
6.041935 -5.300320
14.990644 -8.610394
12.055954 -5.434378
14.448938 -6.623688
12.153659 -6.890357
11.842706 -5.112227
12.761568 -5.731136
12.962590 -3.827084
6.591904 -9.415645
7.108229 -9.231488
5.363260 -5.847492
6.043685 -8.021293
5.908545 -7.387471
6.161337 0.916741
7.377598 -0.283538
6.490571 -1.238110
5.314362 -0.546472
6.406305 0.004023
5.731596 2.103139
6.977599 1.287006
8.313615 1.284553
6.353715 2.153968
7.147921 2.507092
9.088964 2.248042
8.319714 3.019484
9.447638 3.606561
11.005219 3.654152
5.477901 3.263975
6.962215 1.911638
8.231641 2.160514
8.689866 1.930919
15.071852 2.001334
14.227608 0.681391
14.158814 2.913015
10.083935 3.516167
8.672434 -13.425014
9.133012 -10.794386
8.324183 -11.151029
8.296223 1.360949
6.796763 -1.292919
6.506616 0.852262
5.551282 0.964664
4.441642 -0.145180
4.862907 1.309008
7.265892 -0.961468
6.604329 -1.765302
5.144217 0.951431
8.271011 3.548695
9.988354 5.043276
13.053308 4.600635
11.987275 7.431739
18.086557 3.114005
16.132402 4.424226
19.383245 4.694105
11.520860 4.617454
14.969722 7.824199
15.813301 6.481265
13.763259 6.128905
16.450041 3.813578
12.443100 4.045588
14.114103 4.704795
12.467052 7.379420
13.443096 3.431761
13.598341 -1.986691
9.974892 5.620347
13.764660 8.243802
12.074106 9.735108
13.828307 6.273272
11.724831 6.650373
12.348249 7.863270
7.196594 5.305118
9.891786 5.422262
10.907166 4.452710
8.142640 4.489398
8.636435 1.886055
5.537184 1.956872
7.018356 0.420119
6.912619 1.445285
7.180012 -0.021248
6.096152 0.689500
5.448362 0.447106
7.201017 0.936304
7.244678 0.729542
7.431085 1.896289
8.764462 1.741225
8.262405 3.698156
10.783327 3.670262
10.615525 3.537984
8.196580 3.685627
7.229318 1.146760
7.309035 1.800330
7.793248 1.358928
6.208106 2.109447
8.885591 1.376261
5.733230 3.071320
5.125534 1.798542
5.623784 1.783528
6.345137 0.600795
4.948867 0.262159
5.658175 0.022441
6.300828 2.151138
8.937260 3.916901
9.684155 3.541028
11.467178 3.979856
4.540858 2.646188
4.776666 1.743757
7.907525 1.387617
8.992382 2.520069
7.287082 1.866008
6.690461 0.436324
5.824307 2.824047
5.942048 2.004882
6.068495 2.500606
7.548022 1.280770
8.935106 1.908867
8.546132 2.286663
5.468531 2.785871
5.887515 -0.266173
6.815788 0.420390
7.485578 3.462440
7.459207 4.636913
6.684479 2.931535
7.131689 1.089226
2.950355 -7.574412
5.300597 -4.997137
5.930824 -8.663527
2.706509 -6.222601
4.471436 -6.562325
11.880406 -6.102233
14.570402 -10.842428
13.038957 -9.582063
7.800220 -9.092528
10.770460 -9.351263
12.014559 -8.166583
12.964054 -7.053862
8.674838 -9.186194
6.301422 -8.229026
5.155885 -6.017717
6.026514 -7.101680
6.067419 -6.636538
5.941372 -7.682027
5.752979 -9.343946
8.384795 -10.263503
11.616399 -7.527760
13.538483 -1.958997
14.194607 -2.187984
15.462112 -3.889753
14.872755 3.744678
12.112395 4.954411
8.551274 3.719730
5.946771 0.109733
5.804380 1.397037
7.197948 2.343126
5.363925 1.842992
8.438893 3.809733
12.713088 3.502155
16.407946 3.288049
15.446316 3.503064
14.384429 -10.820738
13.410532 -2.883377
17.031179 -4.812124
16.240976 -12.227855
14.179454 -11.063358
13.179656 -13.886904
