1.105866 -17.927807
-1.504771 -11.043111
0.507108 -9.850247
0.123210 -4.782527
4.087745 -0.133748
4.513017 0.468636
6.371221 2.414468
10.103018 4.076963
9.867898 3.442558
12.209723 4.379568
9.471916 4.873385
7.358727 1.596764
7.500633 -2.457555
5.423549 -3.292810
2.769845 -4.635863
4.414939 -6.673316
3.469810 -8.446829
4.634536 -8.297297
4.092712 -7.139999
5.171743 -5.763851
4.979728 -5.816503
5.730262 -9.583498
8.562752 -9.064641
7.220958 -7.858409
5.853955 -8.367618
4.076468 -8.608385
5.624768 -4.432495
4.187868 -5.154496
5.683068 -8.777238
7.561981 -11.308308
7.827156 -8.765599
4.256004 -8.178311
4.488165 -6.657890
5.913580 -0.538300
6.711707 -0.978779
7.304027 0.704757
7.374219 -1.573253
6.210884 1.801895
8.671963 1.375927
8.684166 1.648852
6.894530 1.746804
8.536697 3.011961
10.642196 5.227590
10.866490 4.382646
9.240780 3.737981
11.655107 5.759851
11.793251 4.698032
11.796673 5.286224
8.140813 2.812519
8.903932 3.088719
9.527431 4.994315
13.596561 5.446815
11.779869 6.788060
12.023146 6.785697
11.619351 7.218505
12.528470 9.285087
18.351246 8.769752
