5.661301 -3.987981
1.279378 -3.457685
-0.234631 -2.882615
-1.559552 -1.567638
-2.008870 -0.261983
-4.289983 -1.118478
-4.271272 -0.079034
-4.443880 -0.060404
-4.439202 -1.357719
-3.974556 0.055335
-3.383478 -0.207164
-3.951016 0.406637
-3.649976 -0.424782
-3.304794 -2.033454
-2.103774 0.175123
-1.433733 1.127830
-2.906577 1.202199
-3.942305 -0.446127
-4.362647 0.182587
-3.204053 0.675092
-2.316809 3.046764
-3.112679 1.900906
-2.857138 1.333957
-3.027717 3.288742
-2.956421 4.544301
-2.703964 5.365724
-3.366771 7.483873
-4.022087 6.149851
-4.130951 6.410585
-4.860304 6.244723
-6.255266 6.517173
-10.094088 7.288075
-11.231073 6.932996
-8.273327 5.248783
-9.050761 7.049838
-6.673717 7.074888
-6.050442 6.403256
-3.753281 7.503489
-4.562557 7.022902
-6.033337 6.560016
-6.126935 6.097728
-5.711246 6.616412
-4.665668 6.996362
-5.205699 6.651580
-6.610144 6.642183
-6.631437 6.242972
-6.302727 6.487100
-7.910289 6.675874
-8.606207 5.793654
-8.401712 5.212558
-9.162286 6.623349
-5.692603 6.755519
-7.181491 6.308482
-8.258403 6.049661
-8.869131 2.709512
-9.903019 0.596918
-17.256207 0.643208
