-12.539702 -2.739324
-9.614624 -0.601445
-11.965584 3.829950
-8.860457 3.883842
-9.680594 3.254687
-9.116863 2.897716
-9.710287 0.741508
-9.715693 -5.033962
-7.522030 -4.261055
-4.834468 -4.114473
-3.571855 -4.864882
-4.207861 -1.652597
-4.554671 0.814200
-3.959045 -0.511170
-3.584926 -0.691943
-2.595894 2.192334
-2.112586 4.975632
-2.827530 2.403392
-0.291371 0.955685
-4.163773 -0.221960
-4.521502 -2.545568
-3.085554 -2.707922
-4.014562 -2.880393
-2.678755 -0.675823
-2.727102 2.373049
-1.691390 1.533008
-1.217974 4.694798
-1.661731 6.543765
5.754897 8.288791
5.757981 9.543326
5.695222 7.408435
6.198875 12.497403
9.853407 11.898556
5.639622 12.488647
5.854788 8.565764
5.139568 7.179321
5.207911 6.726665
5.732343 4.507665
4.900911 2.870722
4.660508 5.434140
4.139833 3.273705
5.948428 4.426728
5.266228 3.023543
8.706274 3.022582
4.883799 3.455430
5.348669 8.193604
2.653242 8.292548
4.463077 5.083178
6.405356 8.054857
5.192469 4.812941
5.076003 2.799637
7.810585 5.273061
9.338094 4.719706
9.543686 4.926666
9.769286 5.640863
8.910036 5.103354
6.150052 4.942547
4.504998 6.888674
5.583131 6.112424
5.436067 6.626642
4.536248 5.106511
6.529127 5.996773
5.530289 2.550707
8.024198 3.661958
6.351554 3.857330
9.001593 4.792168
7.565359 5.546741
8.294988 4.026442
4.626591 5.865821
3.922442 7.251880
4.336951 7.410032
4.419939 10.584743
4.660435 8.573445
10.045273 13.992747
7.357556 11.003611
5.762197 11.695765
4.592435 9.806525
5.172610 9.917871
5.004094 7.345439
5.391231 7.253438
1.469567 6.193357
7.241142 5.424333
6.976521 4.752367
7.487435 5.213200
8.395114 4.076640
9.167830 3.495422
14.326895 6.404342
19.215700 7.554305
10.064306 4.180109
9.579933 4.770909
12.689993 5.844532
7.532015 3.211835
6.501347 -1.792492
3.918691 -3.630711
4.987288 -6.515501
6.299097 -2.050510
6.841631 -2.353986
6.815026 1.128927
4.955740 2.922051
8.217849 1.321928
8.323346 1.921756
12.543524 -2.118518
12.457528 5.706886
12.759524 6.099538
13.008448 5.436005
9.397986 4.223750
16.742819 -0.560568
12.727736 -2.559102
11.950148 -8.024543
11.978744 -4.137609
11.653218 -7.707943
18.172068 -2.009640
14.535687 2.106804
14.778357 3.018348
14.693871 1.680176
13.312093 3.644836
9.848330 5.219169
8.305364 3.240193
6.026762 3.198830
6.786547 1.787648
6.626046 1.801815
5.974067 0.737882
3.626496 -3.275537
7.283126 -1.301790
6.088605 1.198109
8.045290 2.276601
8.275217 1.465659
9.041433 2.894818
9.055710 1.927186
9.102220 4.868114
11.074043 4.296006
11.659426 5.086308
12.015965 7.683789
13.890475 4.254836
14.092523 6.932419
13.002455 4.130110
9.012900 4.329575
6.864162 2.566849
6.569589 0.680536
6.789915 -0.095519
4.613484 -1.417992
6.862828 0.240131
6.877237 0.285707
6.771831 0.163458
5.946970 -0.933073
5.895730 -1.345564
7.328537 -0.044368
7.469654 -0.722086
7.092878 2.063741
5.761089 1.639048
8.299931 1.674155
8.200547 1.931486
7.157136 1.292270
9.680840 4.051546
10.240328 3.860322
11.719740 5.833466
10.061857 3.461970
11.577540 4.931785
11.532901 3.997587
10.262339 5.449547
7.220971 5.101577
3.512185 4.496178
5.369904 6.697922
5.784895 6.806006
6.232916 6.579844
8.852301 2.790232
14.206653 2.009704
14.381449 1.592152
16.385006 0.741278
14.264148 6.261611
12.478584 4.029950
12.932954 5.224590
16.686079 3.376122
14.578410 -0.986458
18.730352 4.811015
11.525560 4.303620
8.212531 2.626745
7.568928 3.119378
8.488337 2.723974
8.841176 2.074427
8.189938 4.090767
8.671028 1.684225
8.980590 3.068619
10.964006 4.037048
12.803998 3.918644
10.887720 4.843359
11.125411 4.402191
11.821495 4.630622
9.469270 12.211209
8.290259 11.629686
10.474780 14.045184
13.918239 12.591504
14.086924 6.473606
11.855498 6.651300
6.518649 7.550598
5.321213 8.368443
5.605341 7.974508
4.828076 2.792596
8.033505 5.630991
8.822469 4.939776
8.811810 5.549175
11.675714 5.652646
12.678052 6.922501
12.157232 7.010196
6.361980 7.366732
5.075028 5.859081
8.205385 5.354658
9.130616 5.600307
8.839494 4.857718
6.820008 4.547964
7.579134 4.212295
9.640840 5.502363
7.672665 5.030298
12.366542 7.999444
12.276913 8.488425
12.730267 9.945987
12.057652 4.472729
11.121106 4.062179
9.978346 4.653088
8.608596 4.237794
7.001708 4.689350
6.689210 4.971804
7.693684 3.934893
9.327327 4.103721
12.294725 5.491264
15.271651 2.364196
12.768541 6.515417
10.995749 3.971197
13.299904 4.055199
10.287333 3.591752
8.831108 4.472630
6.672356 2.937557
7.778526 2.975243
7.721148 1.608981
8.761839 4.592303
9.267135 4.955146
7.830578 5.445615
10.369352 4.002275
10.299445 5.291181
9.351237 4.600715
11.999688 7.239083
12.048620 5.827754
11.156387 3.546484
12.748157 5.397219
15.587669 3.960192
12.221502 12.924399
11.697330 17.385042
12.657429 6.365908
11.725201 7.732616
11.812019 7.863945
13.891771 8.336286
13.039409 4.364891
8.700308 4.224097
8.124796 2.875349
9.804523 4.591950
9.732779 5.101941
13.429852 5.941707
12.326250 5.487845
10.569910 5.641747
8.684691 5.569972
9.316003 5.106056
7.626523 5.126521
7.598719 5.383251
7.733860 3.245905
2.460043 6.751063
3.883142 9.821759
4.620553 7.962602
4.573618 10.421728
10.000626 11.658418
7.748842 11.313634
5.626889 10.419303
6.057146 6.898101
4.338991 7.930552
4.888631 8.609040
4.601580 7.167495
7.761952 3.915066
12.984819 4.503993
10.043348 3.912026
10.055188 5.040989
8.415634 4.930131
5.276316 5.444431
3.653815 5.521894
10.592176 5.501156
12.411804 5.233558
12.482708 6.019179
14.400731 4.641780
15.627414 5.600399
12.825086 3.746678
14.024661 5.260203
14.144160 2.743921
14.307685 1.779374
16.496964 3.055672
13.603111 6.996222
12.812801 5.417031
13.827740 5.291364
13.036834 4.875434
13.221512 6.185080
15.144727 4.045370
13.149252 6.181213
10.088692 4.687579
6.182509 2.555359
6.909824 0.435049
6.664894 -0.903466
7.451937 -2.572681
8.389099 -9.169621
9.483102 -9.189300
9.073674 -10.631048
12.731596 -6.848075
12.592451 -5.125607
12.543309 -4.345848
13.910153 -1.671495
14.780781 -1.486150
15.503433 -1.619498
15.660033 4.618626
12.798182 7.282012
13.709369 5.138539
13.854605 3.521316
19.039474 3.719815
14.063499 -2.981564
12.487189 -3.882590
14.260794 -3.388089
13.917353 -2.762239
7.500985 -1.862152
7.346463 -1.791441
5.433297 -9.262151
6.912889 -7.844100
4.364495 -5.165189
3.708782 -4.990943
6.889488 -1.887898
7.494771 -2.194829
5.256024 -2.411996
5.807515 -2.122641
5.216008 -1.170477
7.241328 1.992633
7.558475 2.111036
6.629384 -1.587894
5.808324 -0.708143
7.913793 5.021540
8.972908 1.531820
8.663105 2.003249
9.000252 3.536274
9.456465 3.867124
7.759569 2.242764
6.654959 0.541154
6.775278 -0.699773
5.901025 0.652448
7.788128 1.941929
8.843182 2.047335
8.794810 2.186677
8.315166 2.777148
8.807053 2.895117
7.714508 2.734365
10.401654 4.084764
11.480813 4.751381
10.224170 3.850289
11.742754 3.680461
14.655239 2.103646
18.360331 1.675436
14.560999 -2.767633
9.102343 1.901625
8.185485 1.547421
8.446442 3.627421
7.827933 3.284142
6.965675 0.702498
6.480196 2.122353
7.162990 4.026665
8.164691 2.498828
7.225155 0.769223
8.163771 4.373080
8.682621 1.931636
8.697599 2.578937
8.158249 2.668105
12.160046 5.964579
14.755450 4.501805
6.327700 3.962403
5.978501 4.946005
9.585660 3.617871
13.282227 5.900627
11.761760 5.360672
11.050442 5.607701
7.992657 3.211116
12.048843 4.496356
11.726778 7.137015
12.292344 8.534143
