12.739561 -14.381769
11.348988 -8.501981
7.595671 -8.716064
5.317073 -9.912845
1.900951 -6.966223
-2.724831 -4.675167
-2.597013 -2.213006
-3.169039 0.006965
-2.950396 1.911301
-1.789409 1.223301
-3.018332 1.949399
-3.050829 2.124827
-2.252576 0.696871
-3.989420 0.710332
-4.237390 -0.072226
-4.515072 0.826498
-4.422519 -1.183296
-2.860623 0.674198
-3.127351 -0.154555
-2.958972 -3.020680
-6.104905 -5.794835
-3.567480 -6.501825
-4.873696 -4.281030
-5.516521 -5.262473
-7.000783 -4.557836
-5.360844 -4.241535
-3.820421 -5.491110
-4.532730 -1.711796
-3.616978 -2.695648
-3.990497 -0.967052
-3.562732 -0.493632
-2.739440 0.806294
-3.423742 0.165231
-3.895540 -0.523178
-2.843413 -1.006187
-3.351045 -1.492930
-3.603977 -2.341585
-5.256514 -5.754079
-7.450932 -5.789933
-7.481555 -4.801129
-6.032135 -5.940677
-8.238167 -3.897223
-9.988302 -4.766565
-10.146444 -3.780339
-10.106529 -6.353484
-11.398378 -0.966798
-9.856277 -1.757012
-10.107764 0.988225
-9.911191 1.940003
-8.494013 1.220832
-8.706481 2.043257
-9.697196 2.502094
-8.530141 5.383516
-8.298599 5.877770
-10.148407 6.857695
-6.845945 7.091193
-6.516816 6.227704
-4.591014 6.507868
-5.219413 6.249648
-5.848428 6.650754
-3.957700 6.712894
-1.512317 5.872519
-0.414198 2.815935
-1.540600 1.137939
-2.668779 1.043383
-4.300612 -0.625879
-4.030282 -2.503071
-4.550688 -1.773468
-0.871808 -0.800246
-4.162945 -0.184546
-2.793219 -0.711908
-4.305984 -1.957061
-4.186899 -1.849659
-4.148412 -3.352477
-4.078596 -1.177917
-4.784324 -5.381186
-5.038593 -3.930182
-5.268861 -4.627927
-6.769828 -4.928062
-8.273520 -6.309884
-12.138578 -5.114192
-9.912393 -2.572267
-10.569879 -0.673172
-9.669020 -0.907058
-10.214404 0.717226
-8.317747 2.903313
-14.533314 4.833631
