19.420269 2.637706
15.041407 4.098400
16.843033 2.276936
11.655547 -5.878118
11.526582 -4.222132
6.625114 -2.238520
7.385770 -10.861362
4.507802 -9.250163
6.210352 -8.768810
7.892303 -9.853066
10.324426 -10.244370
6.864961 -8.996205
7.334192 -7.831493
9.883640 -9.570147
3.490527 -7.240244
5.966288 -6.855134
5.170927 -6.292688
5.904347 -3.060073
5.247516 -4.028542
5.865889 -7.172517
4.884132 -5.698975
5.202673 -4.340964
4.357110 -3.282653
5.707016 -7.367361
4.378854 -9.216493
6.923761 -8.050458
6.729531 -9.884366
7.886920 -9.824454
12.377999 -7.352936
9.032713 -8.835622
6.260310 -8.237940
4.849940 -6.063992
5.113025 -4.665422
4.757051 -2.817419
5.540425 -1.409578
5.397673 -5.936367
5.089136 -8.639026
5.795628 -7.401855
6.416063 -10.886583
8.206659 -8.521788
7.200108 -8.472758
5.817496 -9.063328
4.780963 -7.162030
5.515563 -6.821544
5.382071 -5.819704
4.120456 -4.236726
7.344176 -1.032903
6.417957 -2.306166
6.767581 -0.360614
6.265733 1.091305
6.616399 2.257690
7.057239 1.233467
8.154290 1.563333
8.434671 1.899995
8.936227 1.526925
7.535147 1.342618
7.890757 1.944399
7.295124 2.966579
11.633923 4.462134
10.169685 3.966182
12.192258 4.319182
7.663040 3.789952
8.760145 2.456734
9.024422 2.613377
8.202506 1.799138
9.089815 2.075528
6.780478 1.964455
6.661532 0.273389
7.273733 0.782782
6.101753 -1.107696
6.502653 -2.439849
7.005143 -2.162956
6.640955 -1.252732
6.940351 -0.899287
4.652746 0.935632
9.061261 3.849468
10.436457 3.967069
12.185797 4.200098
11.344576 3.780965
12.765169 5.757815
11.765032 7.029788
12.668865 5.766496
9.226656 4.477528
8.594010 1.731059
7.905660 1.939653
6.787021 0.219417
7.427855 0.620797
7.172578 0.065862
5.188515 0.141589
8.582911 1.800175
12.663633 6.593698
9.964010 4.153192
11.030197 5.014927
9.068684 5.476813
11.395446 3.464787
12.823835 7.517268
12.668839 4.161374
12.692010 -2.006466
15.433456 -2.843782
13.467547 -2.836277
15.167652 -4.365889
15.076835 -16.403240
10.373436 -8.070168
7.664541 -10.174433
9.371040 -10.399220
7.023552 -9.303464
8.601253 -8.630767
11.850477 -3.964738
12.105326 -4.514155
8.750215 -8.518392
12.307867 -4.059097
13.194504 -6.437702
13.746249 -5.400523
8.540105 1.850334
8.685500 1.514956
7.097444 0.964064
6.890158 -0.466381
10.860586 -8.116390
6.707215 -8.429154
5.591181 -2.460439
8.322318 -8.173473
7.244596 -10.875369
9.378117 -8.067792
6.121232 -8.565322
3.424763 -4.586121
4.794090 -1.232222
7.393516 -2.010901
6.360173 -1.847771
4.846612 -2.183733
6.025259 -5.143627
4.094051 -4.554296
4.540830 -4.595647
5.943789 -5.181509
5.824992 -10.142989
7.530501 -9.387250
8.408454 -8.888598
8.515228 -10.531393
7.560927 -11.485687
11.429368 -8.518892
14.561261 -1.634656
14.257935 1.352257
12.261857 3.587816
6.970497 -1.989065
7.266581 1.060436
6.955105 -0.208858
6.373344 2.053465
6.619536 1.094743
7.174598 1.132714
6.864274 0.094732
5.459167 0.644413
7.331568 1.683018
7.835516 3.781731
7.163016 1.553524
7.641058 1.468296
7.382964 2.239207
7.248736 1.484115
3.500640 -3.974553
3.439848 -4.190586
4.939648 -2.880630
4.725220 -1.561999
5.894955 -1.092309
7.066167 -0.018590
6.506743 1.429100
9.458906 5.189373
10.087301 4.256135
6.524601 2.460858
6.951216 0.503405
6.844398 1.020922
6.323739 2.557732
8.809984 2.546634
6.383637 1.217273
8.102825 1.378630
8.573578 2.117696
8.318624 1.874219
8.789907 1.987897
10.290103 3.866029
10.829475 3.519713
9.364215 5.497124
14.400881 4.071684
16.069061 -0.446568
15.193391 3.100732
14.011271 6.689133
12.123934 3.453156
11.834177 4.235615
7.208471 -0.479277
8.208338 2.626529
7.659453 3.011691
8.172839 2.270932
8.812937 3.184451
7.419992 2.846946
9.020226 4.350264
12.230927 5.235798
11.776026 3.994687
12.309245 3.727389
8.716867 5.167049
9.757146 4.061800
13.335453 3.861370
15.859624 4.549482
13.309871 4.189229
13.259100 -8.394903
14.776039 1.233212
14.336746 0.166633
17.204166 1.607112
14.149583 -0.534993
14.402222 -1.581244
18.787943 4.603587
13.220496 3.861420
12.557123 3.765635
11.918066 5.245008
12.839799 4.432833
17.688568 2.348035
14.712477 1.478478
14.546669 -2.524010
13.702911 -3.361164
11.710800 -4.084875
5.354330 -2.123619
3.000124 -3.423608
5.828588 -2.836197
5.936577 -2.188993
6.794349 -1.232395
6.429727 -0.632232
6.248782 -0.657329
6.097792 -1.286856
5.232897 0.740226
6.970193 0.684605
7.199218 0.145901
14.096525 -1.882870
15.489733 -1.613114
11.331325 -5.499387
14.009927 -2.871802
11.890001 -7.185081
10.953320 -9.645447
7.177372 -8.353646
5.891610 -9.846978
5.985390 -4.162737
4.680045 -1.895501
7.068675 0.918128
7.428261 0.968170
7.037950 0.245385
5.090123 -0.658456
4.056560 -1.807946
4.625487 -4.078310
6.155893 0.378614
7.099125 -0.574566
7.328835 -1.781450
5.734765 -2.449679
7.196862 -2.671711
5.919544 -1.776177
7.037003 0.740434
8.276684 2.914748
8.064512 1.576627
9.818400 4.753199
12.205051 3.812781
13.094992 5.683196
12.125679 4.231278
10.376474 3.500956
8.134023 4.971161
8.371490 4.529424
8.206211 2.534557
7.117379 0.715106
7.992998 3.202664
8.039328 3.075703
7.717602 1.312211
8.320030 3.491235
7.418577 1.930393
9.059179 4.154992
6.883554 4.122597
11.997350 3.453158
10.385103 3.470940
11.235751 4.103905
9.522688 5.289402
8.109322 3.172936
8.551160 3.662534
7.856299 1.607889
7.307072 1.540303
6.792137 -0.261076
6.712216 -1.168634
6.994870 -0.041236
7.494172 -1.654120
3.868164 -2.174211
3.929986 -6.154456
3.868179 -6.076228
5.389631 -5.875048
4.455310 -4.198301
3.724035 -4.727816
2.536772 -5.260131
1.685501 -6.072727
3.227761 -6.636570
4.040142 -7.668022
8.200149 -8.032919
9.530482 -9.661070
9.706429 -9.323062
11.185366 -8.657930
9.383557 -10.290069
7.163599 -7.864377
10.036636 -8.903313
5.336514 -9.532489
5.660921 -7.162113
5.256913 -8.558026
9.483818 -8.604647
8.928515 -8.444178
6.022413 -8.847198
5.658292 -3.139234
4.301839 -1.077525
7.057189 0.685147
6.700004 0.769731
5.309271 1.689073
6.360265 -0.132526
6.159061 0.570416
8.480261 1.829464
8.412302 2.970219
9.602247 4.217497
12.959764 5.538600
16.793047 2.434832
14.314094 -1.275288
15.109180 1.196795
13.025513 6.074630
12.250879 4.008448
11.045581 4.380835
11.397376 3.802927
12.583558 3.606884
-5.241342 9.517289
-10.962279 15.879397
