16.792986 -8.502523
11.285238 -5.829009
9.003956 -5.283304
8.398749 -5.587116
8.196340 -5.352372
7.062452 -5.336067
7.160294 -5.532102
6.407923 -5.616098
5.898550 -5.522272
5.369480 -5.130100
5.469732 -5.101929
5.411719 -4.052883
5.306450 -3.946065
5.096300 -3.775571
4.272980 -3.183436
1.423672 -1.529249
-1.310234 0.631038
-2.135112 1.261424
-2.707456 0.936482
-2.599928 0.663996
-3.606742 0.332451
-3.951192 0.863500
-7.318409 6.626225
-7.376179 6.369728
-7.200617 6.484890
-7.167631 6.735147
-7.280332 6.738142
-7.342697 6.492929
-7.372778 6.606465
-7.437551 6.350983
-7.387784 6.527987
-7.316612 6.770236
-7.224857 6.441786
-7.190856 6.697509
-7.274632 6.707510
-7.332584 6.458598
-7.243100 6.545720
-7.195955 6.785509
-6.776889 6.338068
-8.804090 7.888440
-14.310586 11.544076
