-5.231089 15.551792
-5.835711 9.191127
-6.190714 6.565615
-6.996747 6.601570
-7.299629 6.721372
-7.803957 5.971892
-7.745162 6.222364
-8.004135 6.091588
-7.941187 6.283022
-8.046436 6.089931
-7.970350 6.278821
-7.955224 6.277290
-7.907045 6.393768
-7.922903 6.324723
-7.887447 6.422810
-7.913265 6.336437
-7.881812 6.430208
-7.910551 6.339415
-7.880268 6.432102
-7.909815 6.340176
-7.879855 6.432589
-7.909618 6.340373
-7.879745 6.432714
-8.196784 5.731736
-8.437219 4.804196
-8.511569 4.164617
-8.456488 2.714128
-8.661408 2.585759
-8.324120 1.454688
-8.502926 1.252172
-8.473019 1.186211
-8.578204 1.159536
-8.500763 1.150430
-8.592928 1.148307
-8.506449 1.146254
-8.596004 1.147187
-8.507668 1.145903
-8.596673 1.147153
-8.507938 1.145917
-8.596823 1.147180
-8.508000 1.145934
-8.596857 1.147191
-8.508015 1.145941
-8.596865 1.147195
-8.508018 1.145943
-8.596867 1.147195
-8.508018 1.145943
-7.654477 0.674476
-6.681712 -0.291913
-7.479437 -3.242409
