16.765682 -18.030733
11.601023 -10.230338
10.074720 -8.180914
9.683926 -6.172419
10.014077 -5.347993
10.113380 -5.264933
10.157024 -5.271539
10.510412 -3.709497
10.563650 -3.549012
10.695124 -2.190923
11.952211 3.465793
11.950830 3.615045
11.952211 3.465793
11.950830 3.615046
11.952211 3.465793
11.950830 3.615045
11.952209 3.465796
11.950828 3.615047
11.952198 3.465816
11.950819 3.615063
11.952126 3.466029
11.950758 3.615246
11.951726 3.467860
11.950406 3.616833
11.950956 3.481580
11.949606 3.628962
11.972069 3.563420
11.966264 3.701236
11.935609 3.642177
11.934219 3.500660
11.826545 3.603365
11.800808 3.470850
11.824777 3.590579
11.798408 3.456830
11.824865 3.589338
11.798489 3.455446
11.824879 3.589239
11.798503 3.455335
11.824880 3.589231
11.798505 3.455327
11.824880 3.589232
11.798506 3.455327
11.824881 3.589233
11.798506 3.455328
11.824880 3.589231
11.798505 3.455327
11.824880 3.589232
11.798506 3.455327
8.510806 0.305388
