13.356512 19.399275
8.221498 12.313870
11.256193 5.436951
11.165529 5.555686
11.099509 5.645870
11.193829 5.518425
11.116211 5.627333
11.209669 5.500895
11.227016 5.477039
11.135372 5.598845
11.181940 5.535850
11.272139 5.417842
11.159153 5.570097
11.250223 5.448974
11.252765 5.441330
11.161980 5.560371
11.097793 5.648220
11.192187 5.520596
11.115214 5.628417
11.208748 5.501878
11.218500 5.475821
11.124622 5.598665
10.921854 5.634702
11.041094 5.513159
10.958767 5.578340
11.077070 5.460850
10.999200 5.521464
10.867942 5.654021
11.058916 5.519781
10.941124 5.647200
11.081291 5.490832
10.964445 5.616148
11.107347 5.456172
10.990695 5.579387
11.137553 5.416164
11.021459 5.536409
10.937734 5.607803
11.056866 5.487954
10.978448 5.550568
11.096183 5.435338
6.070519 7.850791
5.071368 7.042820
4.127528 5.601580
3.524030 4.992145
2.239424 3.597345
1.380781 2.946436
0.464795 2.557724
-0.897252 2.505330
