5.069110 -5.202385
2.251818 -2.640845
0.026347 -0.510520
-1.123605 0.669742
-1.588777 1.568623
-1.983675 2.905859
-1.964286 4.172221
-2.351203 5.479498
-2.989101 6.491847
-2.989472 6.518398
-2.995356 6.497069
-2.995819 6.523941
-3.002290 6.502872
-3.002853 6.530113
-3.010131 6.509333
-3.010753 6.536979
-3.019104 6.516468
-3.019853 6.544521
-3.029671 6.524126
-3.030911 6.552459
-3.043568 6.531453
-3.046426 6.559325
-3.067178 6.534845
-3.076643 6.558944
-3.125800 6.519298
-3.053990 6.396436
-5.020051 6.813818
-6.347575 8.861073
-9.229340 13.600188
