-15.887398 9.397121
-7.473212 8.133006
-7.676379 8.098672
-7.954181 8.067487
-7.674396 8.099318
-7.946316 8.069965
-7.667507 8.101493
-7.918933 8.077727
-7.643539 8.108479
-7.822127 8.099239
-7.558552 8.129264
-7.472350 8.132230
-7.675282 8.097477
-7.947718 8.053423
-7.668896 8.090060
-7.909197 7.966827
-7.635973 8.032217
-7.673552 7.328954
-7.859360 7.097133
-7.509736 2.725822
-7.500880 2.344213
-7.675646 1.829282
-7.562664 1.486655
-7.682113 1.422559
-7.533218 1.314939
-6.675208 1.209756
-3.786435 -0.434495
-3.949140 -0.397477
-4.346781 -0.270046
-4.284566 -0.281729
-3.955044 -0.348513
-3.829785 -0.430588
-3.995033 -0.393243
-4.392929 -0.266435
-4.335612 -0.278571
-4.017311 -0.342158
-3.906826 -0.425203
-4.078042 -0.385957
-4.470094 -0.257717
-4.422527 -0.273597
-4.122565 -0.336879
-4.033195 -0.423121
-4.208838 -0.388437
-4.588373 -0.265615
-4.563275 -0.322354
-4.161740 -0.416706
-4.564135 -0.123075
-4.404686 -0.073802
-4.409521 0.201410
-3.858239 0.422747
-3.184739 -0.110450
3.320686 -5.961560
5.531270 -7.646694
7.556978 -8.647677
9.857128 -9.922807
15.254456 -13.456186
