-0.048562 3.378113
-1.150253 0.859130
-2.123098 -0.571024
-3.158785 -1.403236
-3.663348 -1.693830
-3.949802 -1.822734
-4.243737 -1.892146
-4.009014 -1.672044
-4.260384 -1.863900
-4.023339 -1.651267
-4.265618 -1.861061
-4.028219 -1.649460
-4.267788 -1.861666
-4.030335 -1.650117
-4.268834 -1.862353
-4.031380 -1.650746
-4.269365 -1.862785
-4.031923 -1.651130
-4.269639 -1.863026
-4.032207 -1.651343
-4.269785 -1.863156
-4.032358 -1.651457
-4.269861 -1.863225
-4.032437 -1.651517
-4.269902 -1.863262
-4.032480 -1.651550
-7.001921 -4.006169
-8.993881 -4.692856
-11.660242 -5.407806
