9.283532 -9.773683
9.885929 -6.925035
10.681313 -0.536661
10.577040 -1.038252
10.540761 -1.299750
10.650368 -0.734844
10.611880 -0.971913
10.530434 -1.433528
10.684806 -0.524086
10.580288 -1.024794
10.543851 -1.286607
10.653868 -0.721317
10.615758 -0.955944
10.534268 -1.416611
10.689566 -0.502198
10.584588 -1.000887
10.543238 -1.261706
10.654412 -0.696666
10.599048 -0.921837
10.500929 -1.443821
10.530788 -1.660761
10.629332 -1.090072
10.796825 -1.389753
11.464377 2.317779
13.526350 11.090848
19.491514 19.148386
