9.520365 12.458328
4.963031 10.160310
4.636943 6.215540
7.663371 3.471953
12.522401 -1.564186
12.223377 0.162609
14.568450 2.315407
10.191320 0.302796
14.083931 2.767725
13.620410 3.285016
5.369104 4.222111
7.382163 3.338705
5.382118 3.581053
7.126212 4.808814
4.953079 1.614956
4.684837 3.652467
6.504983 2.663198
8.082754 4.344845
8.766836 5.590415
7.903426 5.070810
8.931602 4.866246
8.383154 4.605564
10.997413 3.053734
6.520536 3.677392
5.997488 7.017970
2.265319 6.040741
3.193964 2.413117
3.989045 8.752828
6.483543 8.245219
6.439073 11.243029
12.544411 10.464418
8.788891 13.684569
9.004769 10.901033
3.627952 4.810428
6.102979 7.830638
5.359747 8.023359
5.025173 6.160134
5.364192 6.986645
6.353205 5.750652
8.031260 5.537497
9.591273 4.326218
11.412457 0.508358
12.087337 2.030089
11.875437 2.572811
13.145840 0.416229
16.369289 2.402068
14.970385 5.112790
15.122932 7.335937
15.751564 7.731609
15.706369 3.793094
17.344597 6.189286
19.128704 0.731387
14.027644 3.147848
13.250330 2.015015
11.847451 3.050387
11.729451 2.193458
14.437269 2.769537
16.577341 -0.202814
13.263309 -0.909352
9.508182 1.613848
5.753958 0.165959
3.265750 -2.581867
4.440236 -2.985674
4.418948 -5.590344
5.978949 -8.269036
7.891372 -8.456473
8.593443 -8.333414
9.436032 -9.753059
11.867364 -11.916232
12.056486 -7.315473
15.697622 -9.382751
15.781427 -8.201253
14.140200 -7.649522
13.414639 -9.530652
18.360594 -8.801482
11.787783 -6.754786
13.245455 -8.848015
17.089186 -7.263694
11.697349 -8.516992
11.766600 -12.240052
9.613938 -9.389180
8.621134 -7.829691
11.537888 -12.422234
11.248813 -7.275949
11.742827 -5.355945
11.188390 0.136750
8.798120 0.879299
8.279867 0.692683
5.601501 1.323897
4.849807 0.743631
5.224509 -0.436234
5.137296 -3.197386
3.797699 -4.295098
5.715284 -6.459516
6.547171 -10.827855
9.435301 -10.139302
4.186975 -7.999296
6.680407 -8.088758
9.268182 -7.973867
6.429088 -9.530097
7.834449 -9.010574
8.571300 -9.951783
4.421772 -8.473895
14.941501 -9.656666
17.480968 -9.186465
9.717135 -7.955091
8.978401 -9.142644
11.779713 -9.185769
9.674482 -10.894938
9.431484 -7.934875
3.950613 -8.523617
4.830237 -7.148058
4.270060 -6.261573
5.471115 -4.136672
5.069878 -6.272078
4.732543 -6.190755
4.606733 -4.642285
12.022316 -9.927632
10.600328 -8.795185
7.641131 -8.163216
8.478565 -8.162322
7.768570 -8.675240
6.575334 -9.931589
10.437128 -8.321614
8.922634 -10.863144
11.841331 -4.628105
11.368954 -2.466787
11.413235 -4.872169
12.284981 -10.154982
10.085135 -9.101675
14.536160 -9.750909
14.099945 -13.340496
