4.904896 -0.981223
5.534064 0.406593
8.576281 2.131544
10.796742 1.222931
11.898411 0.969636
11.164433 2.229828
9.606347 1.399454
8.304450 0.896176
8.623625 2.073242
10.750196 3.322720
10.718482 2.952717
7.778355 4.819428
9.594374 4.436868
8.475440 5.461692
8.082057 5.147310
6.078188 5.092558
6.267457 5.918714
8.015017 3.959415
9.094043 3.209318
9.357345 2.948042
9.530996 3.453147
12.361097 3.248778
10.837585 2.981220
7.611434 1.583018
9.808599 4.243231
7.536156 3.422094
8.584661 5.141661
9.226871 2.578916
13.166292 3.524931
5.580143 3.529714
6.981455 4.548820
3.705204 6.317027
4.346299 4.946336
5.743000 5.579449
5.228122 6.613563
5.442496 5.336241
9.618044 5.409620
7.753511 4.913909
7.279109 4.174589
5.710315 5.522392
6.860768 1.978952
11.686296 3.338868
7.934941 4.255862
4.014008 6.376468
6.045381 8.654257
5.759469 8.980601
5.437333 10.763433
7.931710 12.534345
11.535694 12.200652
13.906919 10.887235
12.322731 10.720916
11.782554 9.234746
10.427645 3.538796
6.669434 4.685195
9.261249 5.381792
6.300393 4.639344
8.921388 2.590391
6.833959 4.652759
8.704128 4.188283
9.736481 5.504625
9.589281 3.464301
12.055721 2.898829
7.117670 4.738943
13.365905 1.696093
12.839369 2.164904
15.489056 3.782555
14.932760 5.750903
18.724545 9.344389
16.391945 10.995408
14.042676 11.288671
16.960114 10.379440
15.886630 1.968243
17.823757 11.621481
