15.359237 -8.188852
10.796056 -10.849526
9.825821 -11.795423
13.119924 -9.386816
11.182006 -4.956996
4.591075 -2.067240
3.691580 1.204129
5.039548 -0.812537
5.450795 0.043847
4.278869 -3.124156
6.076857 2.499199
8.125381 1.484828
10.494170 -1.972736
7.186826 -0.160750
4.599141 -0.165969
6.627071 0.201604
6.913535 0.225622
7.000632 0.592968
7.197352 1.305464
7.469455 0.081756
9.126623 0.307954
8.001720 1.149765
7.653787 -0.071776
5.305633 0.200220
5.424512 -5.257710
3.894979 -7.733033
7.964408 -8.001988
7.158693 -8.437337
6.062748 -9.408452
5.200865 -6.414154
4.562364 -7.328196
7.473242 -9.774215
6.894638 -8.272479
5.745451 -8.007182
5.060932 -5.546970
5.452486 -7.874790
8.306071 -8.186028
7.388874 -8.918392
4.334576 -8.960477
6.008992 -7.261564
4.106438 -6.773716
5.248747 -6.197688
6.041043 -6.271560
6.083168 -7.251892
2.672457 -9.577106
5.022687 -4.255661
0.836203 -4.459229
2.643547 -5.618837
0.807040 -4.582284
6.010400 -5.800367
3.851552 -3.566435
3.892950 -7.736592
5.002216 -8.026774
13.611729 -10.669029
13.057137 -6.873750
12.810531 -7.413896
10.416810 -9.253081
9.677938 -7.859890
8.735843 -8.043574
6.985422 -8.261246
7.725657 -8.596181
4.824395 -8.655493
7.817005 -9.020877
9.034462 -9.697600
9.727165 -10.886979
15.083410 -8.818015
6.079469 -8.162488
4.682493 -5.929801
3.219135 -6.061527
5.133950 -3.402655
5.070488 1.284110
7.375998 0.415678
9.199965 0.940534
7.750768 -0.194685
7.161964 1.786815
6.513978 0.200261
6.745739 1.522617
9.505507 0.105305
9.375923 1.266059
12.677721 -0.442561
12.226624 1.281048
3.511236 -0.527914
5.104451 0.250433
8.080710 0.934587
9.153296 -0.084750
9.391191 0.426466
9.379276 0.225141
10.001213 1.363838
8.861686 2.702704
8.100277 0.261991
8.370750 0.333817
7.192206 -8.379674
11.870142 -9.116679
11.012995 -1.678025
12.236808 -1.141053
12.606767 -1.617927
14.770028 -1.357217
15.210363 0.144775
10.636049 -0.272747
12.097364 -0.252893
6.941649 0.671638
8.955467 0.968121
8.204706 -0.115120
9.021862 1.534199
5.973071 0.181955
4.989015 -0.577400
4.522062 -2.020145
3.822667 0.210095
4.510546 -2.830866
5.540632 0.720288
6.256990 1.748520
8.332979 0.944113
6.849892 0.534839
9.397258 1.178069
7.807081 0.048545
10.134055 -0.031533
7.562713 1.218917
7.355121 0.210099
9.064077 0.716736
9.754533 0.166855
10.826105 1.200490
11.121982 -0.731683
14.925776 -0.511492
12.015935 1.174500
11.183559 -3.765171
11.217338 -9.595864
15.159639 -8.580665
17.753920 -10.100639
17.104582 -4.239088
16.953245 -7.292983
13.160254 -11.641577
11.781291 -10.067397
8.823980 -13.064779
5.260202 -6.385890
5.284328 -4.299065
3.324903 -3.178356
2.991405 -2.485228
2.847806 -1.596965
4.713937 -1.226521
5.034026 -2.590203
4.231232 -2.091534
3.586814 -1.233731
4.368920 -2.608046
3.834337 -1.964450
2.251098 -2.222806
7.339850 1.144257
8.522346 0.557490
10.418771 0.297718
10.863838 -1.181620
11.705130 0.709557
14.059803 3.614752
7.312470 3.078295
6.961014 3.622503
5.522542 4.401675
5.870907 8.266303
6.624635 12.244133
8.947154 16.527958
