18.475410 -5.574739
17.996616 -12.116073
15.908652 -6.977673
18.113001 -13.132529
14.364069 -7.082925
8.331084 -8.677142
11.490942 -12.144433
11.764667 -7.890509
7.255730 -9.272395
7.216672 -9.985724
9.634543 -9.040829
5.550110 -9.299417
5.903412 -5.541392
4.611729 -5.219861
4.245941 -3.721031
3.533861 -2.455037
3.045950 -2.935692
3.953046 -2.221398
3.396528 -0.867781
7.286171 0.942781
11.665589 1.052515
10.519851 0.830395
7.170681 -0.185905
11.496036 0.294437
13.325483 3.151956
11.192057 0.906437
9.547694 3.938427
8.174745 4.455419
8.352146 3.759270
7.768679 3.463024
6.115191 6.081227
4.566531 3.553766
8.815917 4.548514
8.970473 4.926921
9.730639 4.519122
9.764385 3.285557
9.540104 3.692753
9.645137 5.607595
8.404996 3.272072
8.510821 3.378220
7.097935 3.614088
6.377852 6.152956
5.579388 7.608424
5.474376 4.662979
4.985481 6.837147
5.761701 9.516292
5.667406 11.230182
7.162765 10.766698
9.935985 11.627971
12.756638 11.872525
13.798251 11.554120
13.027052 11.979005
13.590977 11.389348
8.567426 11.044995
9.986089 12.003148
