19.612774 -13.684852
18.775469 3.527620
10.009640 3.571839
7.595578 4.489408
5.291537 6.931030
5.208065 8.276482
4.236435 5.573470
3.142459 4.551045
7.363473 4.670126
7.581879 4.479333
10.545197 2.484090
10.625894 3.440366
4.491638 5.750778
5.990366 11.665836
4.395018 10.684144
6.398284 10.473451
5.888369 6.807826
5.439662 6.016994
5.607479 4.406745
7.702869 5.444139
7.389297 4.359223
6.842447 3.384632
6.171228 6.813969
5.915811 5.897026
7.055327 4.036112
6.718106 2.704259
6.496455 5.866627
5.773295 8.188148
7.265543 13.450856
9.205357 13.498507
8.755565 12.375274
9.753576 11.164573
10.402422 12.025254
7.666111 3.153135
7.503013 5.441319
7.869337 4.254146
5.833768 6.268127
5.107017 4.764615
5.629205 5.721660
5.474521 6.561313
5.946316 5.129181
6.217034 5.645043
5.889979 6.427722
5.337583 6.195692
7.359988 5.036708
8.793427 4.423211
10.147415 1.911385
12.361103 2.723311
14.667895 3.266134
16.875580 1.080158
16.467995 8.765549
11.803226 10.723809
9.113757 11.075782
9.416194 10.681336
9.826277 11.164445
7.962932 12.565760
10.995329 10.921567
2.358368 10.793376
5.432698 10.305136
5.705003 9.402279
4.944052 5.871097
3.056774 8.036188
6.250413 7.726053
4.884679 5.626233
6.119782 3.662073
6.131605 8.686474
6.531213 8.886903
5.813109 8.789845
5.176241 8.813110
6.562263 4.181294
8.603141 4.878026
8.309047 4.849810
8.167413 3.271473
6.278922 5.071559
7.256876 5.098686
8.198003 4.763408
7.708750 3.035175
8.162130 3.066485
6.520871 4.525317
5.267494 7.665382
6.101120 9.401320
6.099741 8.691275
6.258764 7.186106
5.585630 6.137164
6.513633 10.450126
6.757712 15.185989
12.541034 13.627552
12.862786 10.873496
10.601501 10.693295
8.894323 12.053925
7.656587 11.364455
7.506258 10.989560
8.472513 13.511468
7.621788 13.659965
8.190348 11.199716
3.578212 10.832337
4.351390 6.851416
5.737763 7.463589
5.113976 4.811822
5.722383 3.331751
4.560022 9.972032
3.192131 6.751263
-1.141405 13.307092
0.081623 19.456348
