-13.945551 -9.351767
-13.167570 -4.052540
-15.774955 -5.162998
-16.982689 -6.725502
-11.647285 1.663273
-10.883669 -2.770542
-10.020757 1.230005
-12.907557 -2.727620
-9.120598 -2.241359
-11.189081 -2.742682
-10.405133 0.925634
-12.766548 -2.035482
-14.766768 -6.833344
-13.582619 -7.097182
-14.535261 -9.193540
-10.613420 -10.019034
-6.855539 -10.730382
-6.253347 -6.169328
-8.320583 -8.509573
-6.958780 -7.142037
-6.703424 -3.661412
-7.857088 -4.653278
-6.308813 -3.651337
-5.553886 -7.914521
-8.798944 -8.584577
-9.681366 -8.551470
-9.624805 -8.756431
-8.212381 -9.904480
-7.202592 -7.424717
-7.158745 -6.504525
-6.313775 -3.781234
-7.859336 -6.806756
-4.456245 -8.121114
-5.651882 -4.807542
-6.908582 -7.047621
-6.960513 -8.523856
-7.040490 -9.430852
-10.213441 -8.241961
-10.407345 -10.458378
-10.885271 -10.805161
-12.221838 -8.107754
-10.234674 -9.989647
-7.158771 -10.676970
-7.633507 -5.060875
-6.085924 -3.545029
-4.662461 -3.769817
-8.264794 -8.847422
-6.436449 -7.808519
-6.332788 -7.602846
-9.725899 -10.277268
-11.489522 -9.524548
-7.215144 -8.473636
-7.197651 -3.586662
-5.866804 -5.189331
-7.235228 -2.080178
-13.604078 0.197588
-13.691414 -6.477827
-14.258690 -5.394259
-12.973997 -6.691426
-7.313241 -6.352758
-5.285887 -8.013155
-7.826252 -5.247038
-6.584179 -2.686483
-5.819285 -3.571321
-3.375598 -5.839857
-12.579669 -10.303418
-8.268999 -8.557668
-8.310952 -1.102904
-10.027262 -2.295739
-8.304976 -2.708519
-6.698462 -2.579146
-6.735172 -5.062732
-7.600194 -6.787011
-7.765033 -7.157146
-7.013391 -7.134352
-7.019579 -5.155281
-7.769283 -6.536022
-6.741005 -6.831586
-8.510880 -12.807491
-10.487758 -8.207104
-13.509908 -8.679236
-12.451068 -8.623868
-10.184963 -8.995061
-7.166155 -7.818134
-7.865357 -7.883870
-7.149456 -7.460358
-10.712002 -12.232943
-8.603749 -10.165769
-8.075252 -8.335277
-11.110395 -9.397406
-13.904070 -9.880494
-13.148513 -7.635710
-13.157996 -6.831692
-13.880981 -4.772074
-10.824648 -8.356690
-8.119450 -8.632602
-8.043314 -9.958426
-7.483313 -6.112915
-5.265138 -3.673906
-6.734894 -7.401143
-9.090824 -9.900779
-8.638230 -8.778973
-9.043663 -8.898521
-9.103794 -10.711870
-6.166476 -6.114570
-5.712001 -3.419977
-6.668892 -3.674733
-5.916202 -4.231235
-7.117704 -1.580683
-10.491869 -2.342246
-6.287138 -2.124817
-5.538929 -7.556975
-6.680623 -5.665925
-5.830474 -4.237031
-6.342598 -3.830025
-3.617814 -5.187146
-6.564042 -5.411969
-6.319482 -2.520024
-9.999471 -1.299482
-12.024910 -0.877611
-9.869272 -0.827249
-11.599488 -1.462277
-10.380025 -2.070183
-11.460171 -1.985301
-10.054935 -1.307348
-12.082736 -1.666047
-11.044630 -2.207060
-6.241281 -1.409322
-4.227916 -2.334525
-5.971488 0.862261
-7.993166 0.848754
-9.256752 -0.220346
-8.222779 1.183413
-9.145979 -0.845919
-7.181715 -0.107228
-6.115400 -4.486157
-7.405214 -7.973740
-10.244828 -8.665705
-9.193955 -8.354712
-6.370405 -8.362103
-8.662399 -8.192027
-10.077493 -10.659106
-9.522585 -10.382514
-11.967307 -9.632516
-8.292802 -8.569971
-11.284521 -10.456243
-13.115226 -10.663657
-12.725492 -8.909296
-14.325581 -6.537960
-12.913622 -6.235692
-13.942689 -10.197912
-10.928365 -10.073754
-10.168636 -9.804210
-11.060840 -8.637950
-8.580773 -10.342084
-10.160229 -8.202157
-11.138069 -8.605891
-8.160748 -8.211540
-10.812462 -9.913989
-8.165856 -9.467086
-5.735606 -6.338516
-6.574602 -7.076393
-5.537203 -2.918421
-2.180930 -1.613014
-1.895063 9.107720
-4.034225 11.006434
-0.984439 12.249251
12.595076 16.747789
