-13.732627 0.656303
-8.819286 1.611840
-10.555664 3.158945
-12.696172 2.665740
-11.069736 9.174739
-7.440952 8.700028
-7.341367 6.775682
-9.258541 3.318437
-11.028112 9.434216
-11.517570 10.876449
-12.310753 9.647346
-6.168352 9.874934
-11.062788 8.582313
-7.794643 6.463350
-5.475616 7.419791
-7.522388 6.919961
-5.675760 10.181896
-5.443122 8.823058
-4.800630 9.260112
-2.480775 10.476750
-3.861699 11.427791
-7.250324 9.825257
-4.748282 8.406474
-6.821137 7.686781
-7.716357 6.600214
-6.723934 7.849547
-4.354361 6.872567
-7.623061 7.551974
-6.228975 7.429669
-8.184567 9.169312
-12.580343 10.466153
-10.772617 9.350302
-8.491651 9.086965
-7.580613 9.622836
-6.147495 8.943328
-0.444269 11.531289
4.557595 11.831550
6.270448 14.800732
