5.327723 14.141745
-0.281231 7.278174
-2.515798 8.460466
-5.364770 6.607373
-7.356941 8.491456
-7.095125 7.887804
-6.508986 6.771080
-7.657346 7.260927
-6.932733 9.359138
-6.304469 9.888015
-6.998566 8.634044
-6.234670 8.540851
-7.378506 7.001305
-5.930305 7.311419
-6.011352 7.795895
-5.114613 7.038512
-10.541428 10.507678
-8.218715 11.377090
-6.460992 6.611520
-6.692523 7.590490
-5.519698 7.521952
-6.501343 7.724585
-13.970136 5.596315
-14.328465 6.115129
-13.162516 5.797583
-11.315203 3.290116
-10.868045 1.509437
-5.383765 -0.995888
-13.339528 0.619961
-10.030902 2.061343
-9.098876 2.766507
-8.698885 2.357356
-9.302055 2.353364
-9.138892 1.534517
-13.193826 8.575617
-13.270359 4.563695
-9.118052 2.658855
-11.088772 2.616522
-9.055573 2.662368
-8.778088 1.046298
-5.720191 7.070500
-4.743295 6.514380
-3.150666 6.621999
-2.522750 7.138043
-2.063728 6.634261
-2.298727 4.036098
-2.599275 6.613566
-4.173118 7.737575
-5.919755 9.701591
-6.682467 7.769780
-7.486692 7.518876
-7.748714 6.890580
-3.921030 9.437682
-5.523395 7.331731
-7.039205 8.054994
-7.893511 6.736947
-6.434305 7.824671
-6.992731 8.329693
-6.861311 6.519389
-5.547393 6.719791
-4.316047 6.330340
-6.548219 7.019810
-6.090285 8.182368
-8.317298 8.720049
-11.614944 9.207222
-15.003412 13.218195
-10.118223 10.195605
-10.093195 9.803016
-7.583325 8.917399
-6.794545 6.888438
-1.875324 2.945986
-2.348191 1.896592
-7.362052 0.481138
-12.422761 0.579943
-9.681723 2.740631
-9.654508 2.355863
-9.108111 1.203685
-8.063243 0.866475
-7.732579 0.293269
-5.837125 -0.215210
-7.174021 -1.244400
-6.658689 -1.032014
-6.792263 -1.110923
-2.148571 1.270344
-4.998059 0.338662
-3.152019 0.419449
-6.646873 0.069936
-9.269342 1.096535
-8.265723 0.620028
-9.325529 -0.964806
-15.191440 -3.679172
-17.587811 -11.614889
