-1.745743 11.541223
-5.025987 10.096310
-4.827784 10.414098
-3.164753 8.921681
-3.297490 8.307694
-3.706012 7.112914
-4.111320 6.890510
-2.448252 7.048575
-2.249469 6.391270
-3.832951 10.915816
-3.025629 8.453405
-5.150390 8.144824
-3.798084 8.182611
-6.753864 7.122091
-6.564795 6.963213
-6.805678 6.457325
-7.047230 6.821208
-2.616752 7.130251
-4.115664 6.634207
-2.581544 6.475397
-1.726858 5.430780
-2.352463 0.951468
-6.239221 0.219339
-6.910982 0.891938
-8.680068 -0.550827
-8.614270 0.498305
-4.461324 -5.605626
-7.344707 -7.101902
-5.828989 -8.653292
-8.536361 -8.223865
-10.514980 -8.340279
-10.440994 -11.348516
-16.030294 -18.606565
