-11.354156 17.141087
-10.854052 18.120417
-7.981348 12.676528
-9.010068 9.698958
-8.803661 8.888790
-9.834881 8.903344
-8.955716 9.113788
-8.680918 8.693387
-9.245729 9.025863
-11.225336 8.639805
-6.320436 8.499761
-5.621271 8.214975
-7.772509 7.830874
-6.090201 6.680677
-4.341335 7.135095
-3.024927 7.556201
-0.998584 5.317555
-3.399935 8.473737
-4.401033 6.595899
-5.743839 6.626590
-5.901580 6.991268
-6.885052 6.926998
-5.274302 7.066686
-7.129004 6.684454
-7.075454 6.366707
-5.625743 7.363183
-5.097649 7.896309
-5.769264 8.147832
-6.263092 8.372706
-8.381653 9.713235
-10.550926 8.684474
-9.198855 9.117645
-7.320763 9.913968
-13.356627 9.988707
-13.592649 10.422232
-13.176360 6.439517
-9.311035 3.110780
-10.718969 0.858369
-6.964699 0.621356
-9.761749 0.558397
-10.117076 2.246918
-13.480554 0.487321
-11.300282 2.701505
-10.708715 8.978589
-9.765905 11.971000
-13.342140 7.782122
-11.328474 13.513557
-10.408644 8.929489
-10.193479 10.283032
-8.484560 10.545501
-5.983049 9.877368
-6.975490 9.998628
-6.437309 9.263526
-12.782905 13.290298
-8.153642 8.521353
-7.143444 8.883601
-6.383882 7.418033
-6.050280 6.531964
-7.904075 8.276572
-7.480433 6.681532
-6.960166 6.656007
-6.086466 7.689511
-5.160180 7.458207
-4.862798 7.040614
-8.873514 10.029245
-11.621048 8.510300
-10.742497 9.033572
-9.081158 12.537307
-6.847342 13.811526
-4.768961 7.372730
-7.913242 8.313758
-6.207225 6.979942
-7.463590 7.175786
-5.696639 7.252898
-10.229912 2.574409
-9.453815 2.352378
-8.546904 2.612713
-8.547570 -0.322898
-7.872752 -1.503758
-6.756925 -5.905940
-8.617271 -10.358413
-6.873416 -8.390781
-8.110253 -9.154726
-6.784574 -5.984338
-7.766161 -7.228378
-6.055008 -7.496584
-8.444709 -9.333402
-9.025078 -9.506177
-11.575226 -11.598842
-14.762933 -7.114078
-12.798123 -8.282144
-8.884438 -8.504194
-10.619957 -8.217391
-8.118786 -8.239573
-8.773263 -9.844729
-7.582501 -8.860614
-7.760685 -6.570595
-6.608528 -7.358604
-8.075602 -1.935859
-9.570858 -0.857128
-10.266340 -2.408535
-10.170141 -1.435129
-10.614916 -1.535939
-9.958771 -1.273469
-8.082289 -2.784388
-7.838283 -6.238852
-6.936384 -5.824900
-5.407031 -8.304065
-7.637178 -9.213441
-7.090466 -5.083911
-7.569966 -6.800980
-7.228732 -8.264066
-10.975796 -8.398984
-11.110373 -11.416615
-7.844633 -8.300700
-11.814037 -9.151578
-13.537354 -7.959672
-14.873398 -2.895790
-17.278225 -8.648676
-16.747387 -5.681011
-17.979696 -1.429395
-13.434235 1.135764
-17.785488 -5.129803
-10.223818 -10.145474
-10.629276 -9.251520
-8.079540 -8.441577
-6.848031 -6.647405
-7.607249 -7.089174
-6.734993 -8.752972
-12.276512 -8.259387
-11.481318 -8.910060
-15.867070 -9.782500
