10.017591 -17.937576
8.114477 -10.374419
7.619607 -8.152627
7.925879 -6.962793
8.537889 -6.932948
8.499586 -7.480962
8.903143 -6.903703
8.816884 -7.609725
8.810633 -7.472953
8.746117 -8.160314
8.459491 -7.068969
8.646326 -7.333336
8.593450 -7.922447
8.414080 -6.829429
8.734087 -6.844353
8.677945 -7.378643
8.827814 -8.056768
8.922114 -7.239168
8.977575 -7.471351
9.091736 -6.672173
9.330171 -7.195104
9.179727 -7.954213
8.677264 -6.883669
8.787126 -6.995644
8.716994 -7.566129
8.839724 -7.290555
8.759963 -8.015440
8.443974 -0.628122
8.024252 -0.265808
7.606450 0.031146
7.479816 1.416977
7.648670 3.791353
7.431994 10.715912
7.417901 18.843142
