11.857455 9.558545
11.074424 5.604866
11.137730 5.469829
11.140924 5.439418
11.089186 5.540555
11.092484 5.509659
11.039175 5.615365
11.048774 5.578760
11.113803 5.455705
11.049490 5.642639
11.113931 5.504490
11.116846 5.474308
11.064554 5.577253
11.071315 5.544890
11.018282 5.652105
11.065704 5.615780
11.129589 5.479836
11.119278 5.447410
11.064179 5.549017
10.868573 5.474979
10.772025 5.572757
9.370494 5.512477
8.356659 4.662921
6.698574 2.652361
4.700875 1.146906
0.930480 0.003213
0.993580 0.070501
0.930817 0.003374
0.994062 0.070720
0.931585 0.003734
0.995160 0.071208
0.933339 0.004527
0.997656 0.072277
0.937380 0.006233
1.003401 0.074540
0.946653 0.009721
1.016353 0.078969
0.967521 0.016079
1.045382 0.086288
1.014242 0.025615
1.111287 0.095145
1.116761 0.031253
1.251145 0.083644
1.326322 -0.015819
1.517123 -0.027183
1.677940 -0.235807
1.019304 -0.439687
1.708728 -2.537035
1.297194 -5.058022
0.771498 -8.086564
0.232903 -11.109284
