-5.704150 -15.286306
-3.073886 -9.949491
-1.802382 -7.306639
-0.522163 -4.297627
0.323589 -1.766128
1.115308 -0.441223
1.627385 0.283047
1.033930 0.196677
0.713302 0.092851
1.374832 0.501262
1.798895 0.638495
1.432778 0.525341
1.033936 0.328522
1.615378 0.639639
1.031644 0.384353
0.715079 0.207892
1.381532 0.552845
1.802154 0.655692
1.434342 0.529738
1.035390 0.331439
1.616510 0.641128
1.032524 0.385282
0.715733 0.208531
1.382019 0.553219
1.802393 0.655833
1.434466 0.529784
1.035497 0.331481
1.616587 0.641158
1.032580 0.385305
0.715775 0.208550
1.382050 0.553232
1.802408 0.655838
3.646928 1.406133
5.831956 2.758108
7.800797 4.522155
9.684276 5.419968
11.075923 5.454004
11.006459 5.570231
11.016795 5.620768
11.078825 5.503701
11.072638 5.537729
11.132627 5.426316
11.129629 5.454245
11.070743 5.570555
11.019609 5.618500
11.081419 5.501531
11.074395 5.535167
11.134323 5.423898
11.131296 5.451842
11.072464 5.568002
11.021827 5.615119
11.083606 5.498330
11.076964 5.531374
11.015930 5.654004
11.071867 5.494728
11.006273 5.613753
12.585909 9.090195
17.898775 13.290044
