13.606700 -3.435190
11.904673 3.549694
11.933994 3.425966
11.904673 3.549694
11.933994 3.425966
11.904673 3.549694
11.933995 3.425965
11.904676 3.549686
11.934000 3.425955
11.904706 3.549605
11.934034 3.425855
11.904847 3.548914
11.934195 3.425026
11.904991 3.543906
11.934301 3.419142
11.896924 3.515141
11.870982 3.628997
11.756024 3.425180
11.755644 3.535003
11.697016 3.488532
11.705554 3.586634
11.695807 3.487866
11.704562 3.585936
11.695796 3.487776
11.704556 3.585856
11.695797 3.487772
11.704556 3.585853
11.695796 3.487773
11.704556 3.585853
11.695796 3.487773
11.704556 3.585853
11.695796 3.487773
11.704556 3.585853
11.695796 3.487773
11.704556 3.585853
8.797465 -1.506560
8.908886 -1.139402
7.586865 -1.522596
1.371770 -0.588160
1.804609 -0.508809
1.562981 -0.578726
0.984752 -0.636202
1.803359 -0.727841
1.063408 -0.764492
1.768453 -0.750102
0.701443 -0.808184
1.136430 -0.743033
0.788812 -0.779863
1.234003 -0.712961
0.902059 -0.740500
1.351814 -0.669440
1.038867 -0.695949
1.485829 -0.621019
1.206664 -0.671278
1.646056 -0.593368
1.405251 -0.733484
0.864073 -0.787093
1.530083 -2.146150
1.196046 -2.538434
1.003976 -2.709987
1.484991 -3.207821
1.265171 -3.257603
1.633564 -3.432754
1.406133 -3.449170
1.699909 -3.515188
1.462180 -3.517700
1.724834 -3.545566
1.483061 -3.543396
1.734216 -3.556954
1.490816 -3.553156
1.737787 -3.561149
1.493775 -3.556780
1.739145 -3.562723
1.494903 -3.558139
4.145543 -4.228408
-6.165455 -7.498240
-7.358174 -7.991230
-8.160714 -8.027812
-13.979685 -9.586704
