19.149862 15.118199
12.302648 10.004418
11.120445 5.493697
11.071794 5.596233
11.134987 5.421885
11.077084 5.528593
11.071215 5.566001
11.133850 5.443253
11.088558 5.488811
11.028857 5.600218
11.036056 5.619073
11.100337 5.491861
11.060467 5.529912
11.000600 5.643063
11.016406 5.648147
11.081540 5.518766
11.039924 5.551025
11.107208 5.433135
10.886863 5.636316
10.970550 5.515910
7.606459 5.233317
5.658493 3.289451
3.417184 1.756982
0.713657 0.393938
1.079319 0.609772
1.777084 0.930260
1.638617 0.865046
1.359489 0.722752
0.712891 0.393484
1.078310 0.609173
1.775698 0.929363
1.635889 0.862777
1.353921 0.717233
0.697669 0.377203
1.058566 0.584634
1.749070 0.890505
1.584020 0.761031
1.249842 0.439225
0.688253 -0.255635
-0.224984 -1.469144
-1.492054 -3.891238
-3.292958 -6.809606
-4.805388 -9.240342
