16.528961 13.141063
10.638478 12.389335
8.008673 11.757865
6.275332 12.007730
4.147846 13.279437
4.215016 11.206536
4.531967 10.906632
-0.502871 10.972484
-1.027977 10.778296
-1.042388 12.948852
-1.019483 13.949464
-1.056504 13.690035
-1.446424 13.263439
-1.323886 13.474018
-1.715963 13.078504
-0.953089 14.128963
-0.897757 14.452042
-0.919834 13.827689
-1.317744 13.369912
-1.264099 13.511365
-1.654357 13.113576
-0.920637 14.149520
-1.416407 13.419129
-1.806256 13.024564
-1.000877 14.097482
-0.931870 14.435315
0.658220 17.437452
