18.114746 -4.631829
14.348634 1.004854
12.538949 3.548794
12.525108 3.554388
12.538910 3.548624
12.525043 3.554128
12.538767 3.548213
12.524805 3.553514
12.538278 3.547268
12.523998 3.552156
12.536654 3.545264
12.521333 3.549455
12.531408 3.541599
12.512750 3.545229
12.514789 3.537203
12.485609 3.543440
12.462904 3.542527
12.400355 3.569323
12.302418 3.609972
12.377661 3.458974
11.695868 3.510703
11.704024 3.605929
11.513494 3.567776
11.466354 3.490913
11.473752 3.540228
11.416769 3.463048
11.471482 3.533370
11.413874 3.455826
11.471448 3.532415
11.413805 3.454778
11.471464 3.532302
11.413822 3.454654
11.471467 3.532290
11.413824 3.454640
11.471466 3.532289
11.413824 3.454640
11.471467 3.532290
11.413824 3.454640
11.471466 3.532289
11.413824 3.454640
8.896079 2.469483
7.368442 2.087458
-5.709752 6.641620
-7.994284 7.566928
-13.176728 9.751453
