0.257304 -6.424153
-0.859373 -1.796524
-1.419111 0.345538
-1.675237 1.826379
-2.413921 5.180202
-2.417364 5.766775
-2.455760 5.805546
-3.058050 6.367973
-3.013528 6.335330
-3.054012 6.340299
-3.074671 6.389860
-3.169743 6.462106
-3.108872 6.419549
-3.027486 6.351092
-3.118165 6.421214
-3.064618 6.383392
-2.992711 6.321846
-3.080249 6.390323
-3.031564 6.355961
-3.052938 6.366468
-3.008080 6.334591
-3.038234 6.346465
-2.997915 6.315322
-3.060244 6.312858
-3.056586 6.318687
-3.084870 6.319266
-3.370986 6.591321
-3.459038 6.824640
-3.578981 7.285424
-4.225005 10.237905
-5.519117 17.172987
