13.444593 -19.737585
9.758886 -13.322869
9.320835 -10.892735
9.023685 -9.143838
8.779887 -8.330453
8.758089 -8.536489
8.754973 -8.646321
8.670922 -8.510309
8.747643 -8.833527
8.678793 -8.609502
8.589753 -7.917199
8.778956 -8.693878
8.707754 -8.197808
8.673666 -8.134286
8.710356 -8.531092
8.661249 -8.445286
8.734291 -8.776968
8.674766 -8.577994
8.595360 -7.862874
8.774947 -8.642899
8.715222 -8.125303
8.684238 -8.045075
8.706918 -8.469144
8.658861 -8.405902
8.729301 -8.743411
8.672686 -8.559419
8.599064 -7.830623
8.753618 -1.252320
8.299660 1.196449
