-15.193505 19.683859
-8.608438 10.471423
-6.403296 7.425081
-4.858699 6.412948
-3.572188 6.357583
-3.263611 6.363960
-3.183164 6.321766
-2.457007 5.810317
-2.420096 5.772091
-2.426310 5.727632
-2.477183 5.755975
-2.303138 5.142290
-2.456692 5.090796
-1.905845 3.714001
-2.279027 4.013243
-2.373244 2.894752
-2.475377 2.758724
-2.009485 1.722329
-1.993935 1.387688
-1.774875 1.043413
-0.798639 0.029379
4.176891 -6.790709
5.946390 -8.202110
7.570170 -9.203743
9.283359 -11.194770
11.355529 -13.222877
13.966985 -16.128820
