-12.374232 1.707801
-9.740429 0.257831
-9.625150 1.296901
-8.838142 1.508349
-8.508682 1.259310
-3.957102 -0.485483
-4.269506 -0.456555
-4.264739 -0.471775
-4.558752 -0.430380
-4.473360 -0.450725
-4.148639 -0.487394
-4.571537 -0.436940
-4.260233 -0.478661
-4.579083 -0.430639
-4.263943 -0.474180
-4.517843 -0.439539
-4.194448 -0.480543
-4.507800 -0.433174
-4.172475 -0.475857
-4.404225 -0.467980
-4.061144 -0.498645
-3.877432 -0.559822
-4.114531 -0.568234
-4.600582 -0.563733
-4.590118 -0.816716
-4.047986 -1.230036
-3.313026 -2.132285
5.051842 -8.152499
7.286471 -9.174532
10.109671 -10.958671
18.922783 -16.573872
