-13.028237 1.924887
-9.270273 1.765936
-8.254974 1.469957
-8.426824 1.335631
-8.650116 1.503626
-8.801243 1.492369
-8.519758 1.273722
-4.432252 -0.441171
-4.088379 -0.479795
-4.365569 -0.435170
-4.596807 -0.392505
-4.158758 -0.471249
-4.452539 -0.432603
-4.301821 -0.458354
-4.576239 -0.416104
-4.338971 -0.467002
-4.000316 -0.496502
-4.546082 -0.436794
-4.230591 -0.478576
-4.417244 -0.418541
-4.057791 -0.463558
-4.435425 -0.191851
-3.716012 -0.377727
-3.754305 -0.344548
-4.039281 -0.205866
-3.843508 -0.118170
-3.284122 -0.046145
-2.484806 0.142851
6.146794 1.528716
8.916440 1.901927
11.650055 1.717239
17.817757 -0.093833
