-1.443961 19.033913
-4.506313 11.156981
-5.907351 7.889295
-7.740498 7.308707
-7.946549 6.968441
-7.683815 7.327405
-7.896574 6.963462
-7.675319 7.333951
-7.887844 6.970183
-7.671911 7.337866
-7.884461 6.974324
-7.670194 7.339947
-7.882768 6.976533
-7.669303 7.341035
-7.881891 6.977689
-7.668842 7.341600
-7.881437 6.978288
-7.668603 7.341894
-7.881201 6.978600
-7.668479 7.342045
-7.881078 6.978761
-7.668416 7.342124
-7.881016 6.978845
-7.668382 7.342165
-7.880982 6.978889
-9.149886 2.750950
-9.540814 2.120699
-9.682350 0.284963
-10.667444 -2.693384
-12.645338 -5.792593
-17.441576 -12.692839
