-2.196335 -12.823662
-4.844883 -8.336503
-5.710105 -5.540529
-9.781206 1.036356
-9.674980 0.785919
-9.780473 1.036787
-9.674070 0.786554
-9.778870 1.037669
-9.672087 0.787868
-9.775290 1.039495
-9.667665 0.790621
-9.767153 1.043291
-9.657635 0.796379
-9.748268 1.051260
-9.637756 0.805518
-9.708969 1.062634
-9.853619 1.387670
-9.628958 1.080587
-9.792561 1.399265
-9.470215 1.112083
-9.660410 1.422907
-9.189626 1.223642
-9.422770 1.527136
-8.794735 1.914809
-8.651312 1.911869
-8.191668 1.824177
-7.769735 6.874705
-7.874902 6.592800
-7.930025 6.273675
-7.834497 6.445787
-7.771060 6.873076
-7.876356 6.590993
-7.932158 6.271051
-7.837132 6.442641
-7.774609 6.868546
-7.880220 6.585971
-7.937500 6.263647
-7.843520 6.433690
-7.782524 6.855407
-7.888036 6.571553
-7.942366 6.240088
-7.843158 6.405947
-7.768311 6.808681
-7.757427 7.107046
-7.904508 8.044871
-7.652236 8.147323
-7.957430 8.579204
-9.153165 9.186259
-13.699380 11.657128
