6.870347 4.500520
4.139661 2.653321
1.075323 0.823422
-0.832935 -0.574718
-2.140592 -1.451427
-4.340167 -3.019300
-4.437081 -3.185490
-4.265505 -2.986194
-4.463894 -3.167324
-4.585730 -3.312865
-4.331095 -3.066788
-4.173699 -2.865223
-4.420074 -3.093615
-4.559416 -3.268579
-4.318227 -3.039145
-4.161640 -2.838739
-4.414524 -3.077958
-4.555649 -3.259695
-4.316243 -3.033903
-4.159710 -2.833776
-4.413648 -3.075065
-4.555027 -3.258070
-4.315907 -3.032957
-4.159378 -2.832883
-4.413497 -3.074546
-4.554920 -3.257778
-5.385173 -3.933381
-6.309956 -4.288934
-8.404516 -5.008502
-10.977420 -5.458765
-16.132456 -7.230060
