4.936571 17.352461
-1.601669 10.768596
-1.180590 10.990289
-0.893438 11.234447
-1.410002 10.906541
-1.196637 11.089736
-1.680987 10.759482
-1.628617 10.760627
-1.210941 10.983684
-0.928415 11.226604
-1.441607 10.896989
-1.240760 11.077800
-0.911827 11.188010
-1.700384 10.748767
-1.289704 10.975354
-1.026782 11.251435
-1.529296 10.912212
-1.363165 11.198305
-1.027275 11.368896
-1.896556 11.244910
-1.577010 11.496102
-1.302231 11.995044
-3.099729 11.992292
-5.112831 12.271961
-10.796176 13.673984
