-12.228749 -7.564244
-9.457854 -5.921684
-7.562721 -4.629796
-6.258484 -4.085460
-4.236499 -2.431387
-4.250623 -2.446177
-4.236670 -2.431984
-4.250758 -2.446882
-4.236802 -2.432896
-4.250794 -2.447982
-4.236767 -2.434349
-4.250541 -2.449778
-4.236264 -2.436759
-4.249550 -2.452853
-4.234597 -2.440961
-4.246822 -2.458384
-4.230218 -2.448619
-4.240111 -2.468712
-4.219730 -2.463025
-4.224279 -2.488628
-4.195517 -2.490984
-4.404436 -2.725818
-4.580481 -2.616555
-4.057453 -2.018067
-3.394225 -1.274514
-1.484657 0.838251
-0.720331 3.482689
-0.001221 6.656838
1.680817 9.544702
