-1.180979 8.967310
-0.130324 6.939226
1.267863 4.797577
2.599386 3.166735
8.718786 1.907777
11.424645 3.563290
11.365759 3.495828
11.424644 3.563293
11.365758 3.495831
11.424640 3.563305
11.365753 3.495846
11.424629 3.563366
11.365741 3.495916
11.424599 3.563634
11.365710 3.496229
11.424620 3.564763
11.365769 3.497526
11.425664 3.569006
11.367195 3.502290
11.435931 3.581730
11.380436 3.515804
11.513174 3.596133
11.477593 3.522892
12.041208 3.423694
12.006830 3.593654
12.449886 3.488321
12.342647 3.692586
12.547164 3.415297
12.443195 3.630068
12.333454 3.812733
12.455963 3.621633
12.334856 3.811625
12.457572 3.620304
12.335035 3.811433
12.457779 3.620080
12.335060 3.811399
12.457808 3.620041
12.335064 3.811392
12.457810 3.620034
12.335064 3.811390
12.457810 3.620032
12.335064 3.811389
12.457809 3.620030
14.546250 0.264958
17.469042 -5.074223
