-10.466610 15.540492
-6.266872 9.844552
-4.663235 7.613170
-3.046315 6.015612
-1.000803 3.197284
4.907013 -5.356713
5.969778 -7.309206
6.404994 -8.600268
6.462651 -8.584214
6.566819 -8.554700
6.750587 -8.503444
7.075174 -8.417401
7.754192 -8.120334
8.877172 -7.995506
9.630512 -8.439851
9.925457 -8.590977
10.104925 -8.554273
10.139572 -8.627006
10.195118 -8.542974
10.181051 -8.615396
10.213241 -8.533430
10.189489 -8.608844
10.217057 -8.529902
10.191273 -8.606609
10.217892 -8.528831
10.191664 -8.605952
10.218080 -8.528532
10.191753 -8.605771
10.218124 -8.528453
10.191773 -8.605723
10.218135 -8.528433
10.191778 -8.605712
11.191292 -7.675005
16.708675 -10.503934
