8.624825 1.796157
11.407961 3.508892
11.346405 3.439292
11.407961 3.508893
11.346405 3.439296
11.407957 3.508904
11.346400 3.439309
11.407947 3.508951
11.346387 3.439367
11.407911 3.509159
11.346348 3.439616
11.407871 3.510014
11.346312 3.440633
11.408377 3.513231
11.347004 3.444389
11.414545 3.523476
11.354998 3.455606
11.463892 3.543463
11.417438 3.472677
11.805721 3.475284
11.810560 3.617269
11.876614 3.577532
11.884890 3.424350
11.879651 3.569371
11.888487 3.414981
11.879798 3.568937
11.888659 3.414487
11.879807 3.568913
11.888669 3.414459
11.879806 3.568911
11.888669 3.414457
11.879806 3.568911
11.888669 3.414457
11.879806 3.568911
11.888669 3.414457
11.879806 3.568911
11.888669 3.414457
11.879806 3.568911
11.888669 3.414457
11.489826 -3.951807
13.500917 -8.339087
19.156494 -16.279049
