16.260773 -1.010544
13.082349 3.710348
13.073946 3.602884
13.082356 3.710410
13.073958 3.602976
13.082380 3.710554
13.073999 3.603187
13.082463 3.710886
13.074142 3.603659
13.082737 3.711614
13.074603 3.604657
13.083607 3.713126
13.076061 3.606599
13.086334 3.715964
13.080610 3.609755
13.094781 3.720199
13.094634 3.612603
13.120656 3.722170
13.137488 3.604886
13.199080 3.700960
13.266404 3.544120
13.434706 3.565408
12.176184 5.289817
11.657396 5.802838
11.521106 5.572387
11.383198 5.616717
11.386980 5.561924
10.534204 11.393838
