-1.230311 -4.329231
0.387067 -2.449537
1.424706 -1.151873
2.518197 -0.264478
3.691516 0.368933
8.549842 1.565807
11.397873 3.415443
11.485839 3.545161
11.397871 3.415451
11.485836 3.545170
11.397858 3.415490
11.485825 3.545204
11.397814 3.415656
11.485785 3.545349
11.397673 3.416336
11.485661 3.545949
11.397364 3.418981
11.485380 3.548301
11.397657 3.428435
11.485569 3.556904
11.407613 3.458913
11.493833 3.585490
11.496622 3.532675
11.461206 3.464229
12.163684 3.567770
12.721794 3.662277
14.101280 3.474909
18.950571 3.085166
