-15.169261 18.525179
-4.552478 11.110957
-0.964128 9.520778
-0.745299 10.622132
-2.838237 12.623233
-2.353304 12.001358
-1.406648 10.866446
-0.242892 11.007767
-0.336977 11.028425
-3.744151 10.917283
-2.866426 10.328599
-0.839904 9.149291
-2.747648 10.733689
-2.802604 10.070601
-1.004541 11.145877
-1.579286 8.636439
-2.567490 11.381733
-0.964504 13.174260
-4.273944 8.352504
-1.734581 8.466777
-3.525384 8.908620
-1.823359 5.739134
-0.112239 3.699565
1.297411 3.931005
-1.504437 5.713408
-1.097085 6.405039
-0.912659 5.884590
-0.183719 4.651728
0.513104 4.806286
0.530988 4.374859
0.550649 5.615160
6.503440 4.246227
3.491984 3.488861
3.006094 5.411458
2.569421 4.808466
3.707254 3.876182
4.132769 4.861014
1.085511 3.026124
-0.089888 4.330923
-1.441495 5.530276
-1.164162 8.921020
-0.965697 8.039215
-0.769729 8.334905
5.989002 9.314536
7.091711 9.521904
6.754802 14.393802
6.052028 9.455873
4.929966 9.034841
7.472565 6.701793
6.951012 5.750695
5.180377 6.648318
6.074832 6.354169
2.136881 5.407094
0.790824 4.716029
1.730222 4.369855
1.175570 3.624113
0.065991 4.874959
0.617222 4.397106
1.452921 5.245059
1.572868 2.460931
0.112360 3.113163
-0.105556 3.621306
0.597798 5.191956
-0.894393 6.042639
-1.390739 9.617375
-2.243059 9.454204
-0.931171 7.684361
-0.048902 5.149015
1.512243 4.776461
0.318449 5.627145
0.608081 4.282715
1.395743 5.943778
-1.033583 5.837119
-1.680957 6.680615
-6.114680 7.942901
-3.495058 9.561468
-1.290298 8.900121
-2.889962 6.886991
-1.203329 10.474013
-0.726621 8.480336
-0.913564 10.024278
-2.852325 8.645643
-1.426825 12.016170
2.219617 10.990771
4.470732 8.410360
5.298633 10.117247
4.709758 10.583895
6.177711 9.526336
4.828591 8.420328
4.499866 10.589747
5.434090 9.775403
6.041020 15.427880
