3.813070 -6.602106
1.267304 -7.012052
1.633891 -0.922787
1.163072 -3.114450
1.769408 -1.482718
1.751027 -1.331519
1.357055 -1.804814
0.740529 -1.364061
0.709628 -2.277232
0.057058 -2.134444
1.264985 -3.509674
3.190391 -4.818200
2.997749 -5.316744
2.081680 -6.041694
1.386629 -2.396893
1.563077 1.720729
3.089061 1.314087
5.181924 1.813533
2.561431 1.146679
1.487943 1.327379
2.360145 1.583695
5.059897 1.939690
5.420515 1.341212
3.887020 2.686088
4.703166 1.323603
5.426169 1.470487
3.907290 1.297004
3.668803 1.147757
4.347683 1.909122
5.478516 1.110862
5.143554 1.529438
4.904666 1.549857
3.190956 2.844404
2.329658 1.799630
3.208120 1.810853
2.113016 1.372203
3.583856 1.094941
3.178343 1.691257
1.828697 1.248900
1.656228 0.615232
1.350283 1.880631
4.005656 1.093794
1.994995 1.090472
1.249843 1.084726
1.793520 0.928293
1.807743 2.452678
3.907310 3.689090
2.697810 3.230789
4.656150 1.618916
3.876292 3.198357
3.690531 2.146165
2.695680 2.908337
2.343754 1.475180
2.013292 1.670661
1.202625 0.075922
1.236251 -1.088720
1.584618 0.851626
0.562736 -1.727316
1.497002 0.454813
0.213322 1.148832
3.227400 1.604971
2.157112 1.281356
4.511132 2.061281
2.569191 1.192652
5.044745 1.170747
2.990629 1.577492
0.867993 1.552146
1.344821 -0.189202
1.736145 -1.498572
0.965045 0.439367
0.308080 -1.009931
1.430756 -0.220814
0.563556 1.082399
2.328703 1.705870
2.985909 1.478393
2.754809 1.373809
1.984287 1.853502
1.336944 0.738422
1.071492 -0.616794
1.552618 0.122043
1.593935 1.726409
2.815757 2.180488
3.621388 1.945745
4.855744 1.951586
5.114438 1.706046
5.039674 1.501173
6.347718 1.832152
9.859210 0.441903
7.709882 -1.382022
7.806107 -1.263233
11.184365 1.397018
