-11.414351 10.212548
-13.727370 7.688584
-13.958172 5.300385
-15.432503 12.345853
-10.080517 11.082619
-9.703375 10.338263
-10.227070 9.111538
-7.761023 10.710141
-6.735416 6.512164
-7.295752 7.992794
-3.996716 8.904865
-3.906857 6.353745
-1.287722 7.133862
-0.317942 3.195729
-0.925147 1.871376
-0.940935 3.478249
-2.422210 4.859064
-1.011808 3.297987
-2.421508 2.954870
-2.084494 3.490003
-2.194895 3.976334
-1.996669 6.894545
-4.156454 8.935458
-6.803221 8.674598
-4.365280 6.349372
-3.903414 7.043710
-3.089736 7.125138
-4.949583 8.370504
-6.507215 9.001065
-9.129509 8.975984
-5.755657 7.801793
-7.454098 7.658511
-6.760166 7.193770
-6.948810 7.653784
-6.210635 7.886226
-4.883352 6.810178
-5.048879 7.010125
-3.991403 6.633090
-6.799441 7.099642
-7.082814 7.567990
-7.919662 9.759202
-7.680678 3.944700
-8.246329 1.761273
-10.026902 0.261964
-10.431787 3.416231
-8.142421 3.459349
-7.952194 2.219457
-7.464077 8.276015
-9.978150 11.046437
-6.728000 10.588449
-8.331991 9.147207
-11.350504 8.523837
-8.081944 10.766149
-7.493879 4.981397
-7.745545 2.970152
-9.121883 3.478858
-14.771608 2.357034
-12.661673 1.551056
-13.785875 0.395766
-15.106026 2.300923
-14.020374 4.094967
-15.071218 5.592165
-11.440697 1.499296
-10.910070 2.588645
-8.459208 2.127261
-8.403872 1.431160
-4.313781 0.653693
-1.182668 1.517022
-0.827128 3.345836
-2.178801 6.814645
-4.285727 6.984012
-4.650454 7.048271
-4.670734 6.743035
-7.940228 6.685208
-7.196493 7.350150
-4.563229 10.484723
-11.952690 9.633111
-14.090054 9.800309
-11.997232 9.503579
-2.289276 7.798432
-5.146548 7.134365
-7.548932 5.435323
-7.546382 5.093507
-7.947690 5.698536
-10.187754 9.820569
-8.865696 9.449203
-15.011131 4.737195
-14.789305 2.713767
-8.459169 3.158797
-10.349651 3.445414
-5.467202 0.292760
-4.143842 -0.372762
-7.620235 5.969024
-7.090746 6.626823
-4.487307 6.626828
-3.533465 6.451685
-6.532593 7.089823
-4.752365 7.759614
-4.761569 9.117220
-5.716105 7.781861
-6.092884 6.606919
-5.458428 6.351644
-5.710770 8.302149
-8.091366 8.606168
-5.983513 7.551239
-7.008000 6.328504
-7.968874 2.272083
-11.164429 1.287026
-7.880331 9.289751
-15.978542 9.937198
-13.332462 4.748091
-12.814167 -1.662680
-11.483903 2.486213
-17.032024 5.526114
-16.054432 7.397316
-13.181816 8.783509
-9.912144 12.468227
-13.467884 9.406404
-9.620535 12.271309
-9.958835 1.236432
-9.419770 0.383350
-9.634340 2.307348
-10.487690 3.047992
-11.531067 2.147920
-13.212427 9.321557
-10.956684 9.709006
-8.747975 8.867478
-9.364107 10.501003
-10.540333 10.549477
-8.574480 17.648754
-7.683164 7.368902
-7.237658 7.185392
-4.880136 6.837577
-6.611237 7.664727
-3.219970 6.869991
-1.719952 5.757102
-2.268312 2.447204
-1.793821 3.577457
-2.094208 5.319158
-3.530439 7.158766
-3.447251 8.487819
-7.517798 6.587607
-6.614819 7.630302
-6.191623 6.669916
-6.139950 7.932878
-8.332968 8.688313
-9.943698 9.695188
-9.635220 9.655357
-7.176337 9.109381
-7.318526 7.103968
-7.729957 5.495998
-7.782366 6.577413
-5.687559 7.254593
-7.066220 8.078878
-6.170456 6.525168
-6.981801 7.796790
-9.259061 9.813318
-5.509794 6.882467
-5.750719 6.427215
-5.731482 6.733380
-4.509427 7.279179
-4.005572 6.978057
-3.630736 6.508912
-5.287023 6.457498
-4.260591 6.511257
-2.065872 3.879779
-0.347799 3.883368
-2.265381 4.242683
-0.751376 3.993227
-0.560425 3.726187
-1.557850 5.849215
-1.123515 4.141393
-1.979858 5.655406
-2.045857 3.877430
-2.402818 3.037113
-2.382718 3.809551
-1.105198 2.153106
-2.699860 0.666054
-5.299034 0.909085
-8.305946 -1.247780
-11.703615 3.419609
-13.737247 2.849965
-15.076786 7.486393
-13.338617 7.704902
-11.363932 11.983907
-7.868412 8.609704
-7.261840 8.592710
-5.662876 7.423441
-7.108626 7.166397
-6.241731 7.681437
-7.087469 7.447346
-7.752110 5.552849
-10.571573 2.190042
-12.071892 3.282752
-14.212244 7.121964
-6.688316 6.493865
-4.699528 6.962952
-3.138918 6.849866
-6.161191 10.037008
-5.272103 8.649753
-5.391463 7.983767
-5.184980 6.368165
-6.226091 7.885617
-7.477997 8.098178
-7.645499 4.735448
-8.233797 2.159266
-10.355499 2.956371
-7.588058 3.922807
-4.428806 7.199230
-9.427129 9.215901
-13.754092 7.593400
-13.911188 2.705777
-13.324275 3.796970
-7.228006 7.846740
-5.422558 8.135509
-5.501363 6.691062
-5.119469 7.600832
-4.510331 7.501623
-11.452901 9.596519
-14.248551 11.683048
-14.825252 5.106678
-13.655178 4.839475
-12.893673 8.509817
-9.587148 8.948485
-8.277534 10.421673
-5.993346 7.132874
-4.686037 6.446067
-7.297956 6.883621
-7.866253 7.532740
-7.829661 6.756666
-7.903476 8.327207
-7.258295 6.520467
-12.176529 9.164310
-15.750257 7.188167
-13.883534 7.192078
-16.441006 3.035059
-7.761168 4.294987
-11.054371 3.021930
-10.088239 2.972692
-10.070920 3.331540
-10.077656 2.396385
-8.265823 9.347528
-11.990243 12.932045
-10.031699 9.616643
-11.566367 10.651296
-10.570634 10.976696
-8.199289 10.444202
-6.775101 7.716526
-9.749510 10.233621
-14.399403 6.055102
-6.607428 9.050135
-7.081338 7.043638
-11.468972 2.675298
-10.505278 2.864905
-8.525603 3.159181
-7.986183 -0.308286
-6.195968 -0.095397
-7.303857 -0.275194
-6.168033 -0.095336
-8.769095 0.138794
-7.612022 -0.365576
-6.551691 0.519104
-4.773788 0.331612
-1.905611 0.835536
-1.530032 0.886736
-2.634464 0.746879
-2.099045 0.931172
-2.480136 1.745815
-2.352796 1.724976
-1.765854 3.174642
-1.812955 1.104113
-2.699219 1.172813
-1.602543 1.800969
-1.826866 2.468706
-1.277038 1.898463
-2.939837 0.832573
-3.833398 1.120325
-1.305496 3.073866
-2.370157 8.958570
-2.371844 8.978539
-2.843765 6.683797
-2.052312 6.040859
-2.311730 2.194605
-2.850108 1.105578
-1.895229 2.748624
-2.621100 7.914863
-5.195591 6.873169
-6.145962 8.456222
-7.067448 8.283404
-5.337994 7.007403
-3.695694 7.020854
-5.879765 7.379015
-5.425772 8.091487
-4.552243 8.490405
-8.350840 0.699237
-7.778019 3.964249
-10.729624 2.882528
-7.963178 3.310808
-7.975917 0.825703
-7.819598 3.760234
-7.552052 3.732339
-7.943624 0.311119
-11.783054 -0.426405
-10.425104 2.296095
-9.895946 3.054723
-10.972798 -0.044621
-13.091685 3.714819
-16.759655 -2.381441
-9.309103 2.644321
-6.206283 -2.095083
-5.364428 0.294217
-4.968414 -0.061341
-5.491231 0.432740
-8.886213 0.591387
-7.710048 3.582152
-7.742304 4.598094
-8.044657 2.853506
-8.890356 3.343476
-9.219653 2.475493
-8.811057 2.825706
-6.069272 0.123562
-5.160064 0.768232
-5.337308 -0.120807
-6.378085 0.395186
-2.151598 0.978786
-1.304029 -0.329716
-2.085939 4.985042
-2.433280 4.807185
-2.401259 6.822945
-0.276480 4.268870
-7.863286 5.556303
-7.926411 7.999824
-5.661798 8.965282
-3.999207 7.997326
-10.119308 8.855783
-8.541187 9.801330
-5.161940 6.553026
-3.821312 6.924698
-1.344449 7.010564
-1.273355 5.337109
-1.858486 5.277917
-2.472593 5.302988
-2.364908 5.305116
-1.600877 4.375476
-4.240957 8.928370
-3.161742 6.747713
-3.314623 7.174836
-7.043847 6.897704
-7.788270 7.096418
-7.931104 5.983699
-6.925601 8.395896
-11.835758 11.198376
-9.578799 8.719594
-14.274212 8.711236
-14.963105 -0.653953
-12.571575 2.851681
-14.065509 0.016412
