-3.345319 1.234190
-5.870168 -0.478821
-4.752386 -0.207859
-3.012910 0.218638
-1.319092 1.431559
-1.156767 5.501098
0.393643 5.563948
1.653519 4.462655
1.085015 5.661413
1.734236 4.178332
0.775405 3.189065
0.353182 2.218153
1.015158 3.209073
0.522848 5.155539
-1.813869 5.645082
-0.802554 6.968479
-0.919635 6.672148
-1.963611 4.667566
0.171325 5.868665
0.386442 4.977902
0.156933 4.699993
1.494111 4.424177
0.821509 4.134995
-0.678392 3.721844
-0.952718 6.348524
-1.061988 3.977626
0.596415 5.608990
1.686396 3.892845
0.667753 5.162787
0.651520 4.391909
-0.050738 4.509380
0.008814 5.309798
-1.268044 5.732909
-0.721202 6.137279
-2.740911 7.384370
-4.169433 9.981799
-0.880333 8.768807
-1.709854 12.306527
-1.767143 10.898287
-0.895450 10.306006
-4.252792 8.902307
-0.998870 7.660306
-3.592828 6.750647
-3.001723 6.799430
-0.531851 5.402398
-1.500601 8.265340
-3.370237 7.858384
-2.587023 7.253461
-1.255847 9.843792
-1.143039 9.589787
-3.173996 10.015965
-1.294380 8.293694
-1.113391 6.050880
-1.068550 5.834100
1.682594 5.849537
3.831085 4.556654
2.587378 5.487678
3.127844 5.497354
4.149827 4.826338
6.218406 6.529794
7.539003 9.787427
7.700227 9.917294
5.432020 8.555971
4.361666 9.164165
6.094971 9.613675
4.508940 10.740397
6.957406 13.815682
7.807443 16.890366
5.417334 17.706503
