12.898819 -15.822091
13.674366 -12.455398
9.175561 -8.432618
7.861995 -7.743895
7.150265 -8.089181
6.548176 -7.572277
8.418482 -7.752405
8.743244 -9.814439
9.578914 -9.140815
8.412906 -11.621854
9.230697 -8.185642
9.021669 -11.140966
8.120623 -9.193383
8.476019 -7.831646
5.714329 -4.199001
4.477201 -4.282541
6.985301 -0.599918
7.875195 -1.229978
7.751952 0.386100
7.491993 -0.476831
8.310502 0.352071
9.024471 -0.219056
11.092653 -0.390566
7.119125 -1.568477
6.317073 -4.267074
5.919365 -5.432920
5.238117 -7.274523
5.169976 -6.853687
1.515766 -8.827775
1.573153 -7.686058
1.145477 -9.450927
2.375962 -10.481525
-0.203156 -10.330468
-1.753340 -10.716522
-0.058241 -9.801646
5.351265 -5.555490
5.459440 -4.704816
9.067873 -0.761983
11.799610 -7.197098
7.673748 -6.710891
8.813185 -7.818365
9.311601 -8.516683
9.604965 -7.845854
7.598553 -7.353021
10.230676 -7.318911
9.401110 -8.897846
8.498418 -10.270260
8.907930 -11.142425
9.912463 -10.704541
7.898147 -10.782041
5.434469 -7.635178
1.680608 -7.012496
4.335167 -5.766706
4.743759 -5.549699
5.445398 -4.026741
7.064868 -0.617663
7.260303 -1.263286
8.189796 0.416915
10.101104 1.419166
10.919556 1.909134
11.953642 -2.515180
11.671803 -4.493678
12.741089 -6.015602
9.043243 -1.429503
9.118459 -1.554073
9.490479 -0.305434
12.521700 -5.096325
8.833097 -8.992629
7.738914 -7.370204
7.687530 -7.694827
7.208071 -7.371587
2.513965 -7.560702
2.986560 -7.076892
1.946191 -5.929381
4.103035 -5.457935
4.914419 -6.464221
5.022692 -6.891497
7.006341 -6.840771
5.367014 -7.388405
7.139019 -13.385306
9.255577 -13.444178
7.399779 -13.340508
8.552265 -13.278503
9.313111 -11.536824
8.900494 -7.906063
9.095976 -10.094329
9.061126 -9.010355
5.026726 -5.931633
5.315092 -5.271703
3.754823 -5.524083
4.709929 -4.255124
6.235235 -6.772837
9.218116 -7.108576
12.130703 -9.914169
10.169764 -11.291736
10.492334 -8.255207
12.534116 -6.516511
8.632130 -8.205308
4.652627 -6.139674
5.374059 -6.338337
7.489230 -7.835654
8.532821 -7.001778
5.631850 -6.835579
4.389256 -4.483900
1.519093 -3.729125
0.436981 -6.763190
3.582464 1.255499
5.285422 1.348838
5.990635 1.540564
4.306279 1.173694
5.428287 1.661300
6.202645 2.905591
5.610590 1.408025
7.179169 -0.136651
3.849400 1.296389
5.593725 1.651840
5.294478 1.096035
5.001628 1.627492
4.388078 1.750104
1.950918 2.284982
3.036209 1.064146
4.962126 2.006809
5.582602 5.127330
8.103834 0.313319
7.972641 -1.517088
8.313906 -0.769268
3.810282 -5.754123
2.886799 -4.482801
4.075073 -6.166468
5.161846 -5.831854
5.081964 -7.465472
11.495440 -7.137376
12.552204 -3.617819
6.303415 -4.577476
2.860884 -6.099432
5.860385 -5.395541
6.465085 -7.978565
4.857524 -7.161116
2.761218 -5.556673
3.059906 -4.887565
1.989366 -3.964496
1.606058 -4.460640
7.028635 -1.497642
7.563922 -1.088864
8.142920 0.453987
7.409325 -0.202505
7.063925 -1.190540
11.421398 -0.047739
10.816433 0.053024
9.117765 -1.429294
6.953148 -0.007259
7.334610 0.103133
7.512875 2.343573
5.888630 3.547513
