-7.673391 -19.410311
-2.355717 -14.145282
0.615050 -11.300363
1.397177 -11.022872
2.316983 -9.986327
1.595024 -11.055142
2.484587 -11.737935
1.299613 -11.771338
0.949737 -11.052245
-0.011005 -7.772785
3.433542 -8.100498
5.700832 -6.145736
3.105796 -7.460425
8.699363 -9.347325
8.063693 -8.656280
8.026897 -9.710147
1.222662 -9.488393
2.574550 -10.870425
2.139708 -11.278532
2.803540 -9.617394
7.938615 -14.732569
3.562161 -13.322032
5.127068 -13.323318
9.533614 -13.222957
8.096381 -9.943345
9.783308 -7.092710
9.534662 -6.743766
5.288754 -7.348067
6.386374 -6.346828
5.325869 -3.964859
7.944703 0.484149
8.716043 1.072355
8.235915 0.803703
8.277457 2.050673
7.372444 1.392900
11.571424 1.205126
7.990867 -0.994665
9.090302 -0.686414
6.980146 0.131462
7.094945 -0.018044
8.764527 -0.223223
10.515989 0.726439
7.867656 -0.967371
6.952304 -0.954269
8.416028 0.551444
8.367234 1.936235
8.839909 1.921793
7.843410 -1.236631
9.793888 -1.634240
1.660066 -0.964420
1.354550 -1.496773
1.273292 0.427010
5.840339 -4.694201
6.221761 -6.542898
5.811389 -6.383464
3.202048 -7.350106
1.743440 -10.327044
6.947608 -6.821858
9.006310 -7.773911
7.685859 -7.557194
7.866318 -8.155560
6.878669 -7.087251
9.148647 -9.234061
8.630646 -8.305391
4.895537 -7.543834
1.429135 -11.851108
2.640851 -11.076845
1.174439 -9.743066
1.931973 -9.969725
1.020457 -7.511024
2.432788 -9.344158
0.760724 -11.680179
2.958915 -7.035901
6.277062 -4.219478
4.606965 -4.596637
6.409514 -4.024357
6.113919 -4.062778
6.330637 -3.953141
6.416255 -5.603234
6.104713 -4.558159
6.213275 -5.612456
4.331982 -8.083359
5.459622 -6.178621
4.145262 -5.327207
7.638139 -1.346319
10.678541 -1.256831
9.904020 -1.521485
10.932030 -0.326132
8.987338 -1.033998
9.556921 -0.508189
0.899301 -1.722553
0.992276 -2.721784
1.382856 -1.065568
4.090825 1.199418
7.229294 -6.729936
3.685138 -8.045850
2.541898 -9.043754
2.759611 -10.667434
-0.787264 -9.818337
0.029827 -11.498488
7.417176 -13.607680
5.413651 -4.133832
8.406601 0.036425
8.956223 -1.476732
7.400218 -1.218083
7.396513 -1.140852
8.431975 0.671411
9.939980 -1.293256
7.484555 -1.180223
7.214132 -0.094653
7.954921 0.246933
8.118509 1.488905
7.776350 0.437590
6.876670 -1.561098
8.386639 -0.971063
8.023643 0.997448
9.157246 -1.379223
7.706527 -0.210330
10.357559 -1.401384
8.762465 0.333118
7.087352 -0.497049
12.910725 -4.129325
11.459778 -3.921534
11.565028 -1.830269
11.718319 -6.796301
11.500901 -6.758913
12.056854 -4.947756
12.235240 -4.801302
12.111493 -3.872049
7.440206 0.304124
6.270128 1.275972
5.082841 1.266574
2.809576 -4.964274
7.415440 -1.411501
8.246534 -0.544702
2.045604 -4.001422
4.518565 -4.617131
4.069652 -4.253056
6.022760 -4.362245
5.799217 -6.134219
3.818408 -7.820982
4.743720 -5.479240
5.959166 -4.276031
5.536277 -4.198611
5.518956 -8.007839
4.285279 -8.153976
5.661377 -4.424352
2.683202 -6.713132
6.271050 -5.726250
4.048210 -4.945160
1.186451 -3.760190
0.269415 0.627650
0.621779 0.691094
1.466423 0.485996
1.470999 -0.149463
1.486033 0.155601
1.454092 0.374917
1.067358 -0.734144
5.204176 1.617160
5.578252 1.220655
6.190011 1.425383
5.167805 1.155948
6.960165 2.011393
9.176213 0.911685
8.100188 0.924268
6.448354 1.877761
5.345755 1.140694
7.254899 1.135620
6.959051 0.372757
7.784693 0.059001
7.113033 2.096143
5.393960 2.200329
5.554400 2.586810
7.724641 1.511239
7.254221 1.627771
4.343897 2.912629
6.961647 2.383941
9.216656 -1.295497
9.316392 -0.682113
12.907721 -0.724231
12.903059 -4.533408
7.867928 -12.521389
9.187702 -10.929677
8.555923 -10.228440
7.815515 -7.456791
8.302438 -8.592583
9.891478 -7.436441
10.675111 -7.390105
7.611534 -7.174817
6.116360 -7.197738
5.657444 -4.709713
1.962740 -8.169782
3.969574 -5.908159
5.166082 -7.609079
8.566943 -8.215435
3.543963 -5.676368
5.803242 -5.570629
10.579275 0.613787
11.232316 -0.075187
10.654792 0.382777
10.326750 -0.619184
13.479273 -1.404745
11.197823 -1.242179
11.084890 0.863966
9.938140 -0.338133
10.926500 -0.668004
11.310663 -1.039687
10.047675 -0.420972
10.344205 -1.231451
13.340871 1.467233
13.462831 0.161095
11.188323 0.392363
11.606107 -2.339370
11.800355 -0.089621
9.367774 0.325159
9.425958 -1.636977
8.330515 -1.136773
8.335166 0.126663
7.432249 -1.407585
8.907946 -0.412213
8.833990 -1.262389
10.542933 0.660008
9.401831 -0.630906
10.919428 0.205093
11.837531 -2.264138
12.379120 -2.498073
9.188766 1.084127
9.723034 1.059216
10.212500 -0.781459
7.862659 -0.568041
8.947446 -0.447088
7.258310 -0.797797
7.573273 1.886955
5.496497 1.095535
2.526800 1.797369
3.002596 1.328708
1.905353 2.195139
1.770635 0.906546
1.751732 0.978139
1.053926 0.368492
2.222014 1.660289
0.827962 -0.240129
-0.410887 -2.862205
1.475294 -3.308074
1.143836 -2.197437
1.278389 -4.664905
8.439210 -7.544189
6.657606 -6.707399
9.017208 -8.531306
6.902761 -7.790296
5.065423 -5.648974
4.768967 -7.660616
4.704682 -8.074799
5.566022 -7.590427
7.241629 -6.660019
7.716704 -8.038312
9.699377 -8.833493
13.808653 -13.014363
8.933088 -10.087014
8.500650 -10.420682
7.857181 -12.606620
8.595805 -11.515763
10.669255 -11.808687
9.105740 -10.583062
10.772581 -9.051639
9.611553 -14.155357
9.885127 -14.044357
8.740332 -13.218003
6.666549 -17.170557
8.260283 -14.097381
3.454690 -15.933885
1.122912 -14.574443
2.573589 -12.208957
-0.407646 -11.884735
1.494859 -9.018541
4.325693 -7.213979
3.189663 -5.078073
2.856409 -8.108984
2.046089 -8.721150
-0.095279 -9.871093
-1.289253 -11.564529
0.587652 -9.110636
-0.992831 -11.006242
0.352223 -9.425122
0.125585 -9.145706
-1.600710 -7.945850
0.007034 -7.320135
4.137222 -7.557620
3.722155 -5.803517
7.042371 -7.682268
8.345680 -7.416922
9.314865 -11.132915
10.251619 -9.603604
8.902375 -11.604287
8.669291 -9.035485
9.101755 -12.793406
8.554296 -16.620947
9.701429 -15.414536
7.777493 -13.467673
9.703181 -12.307729
8.289629 -11.758813
8.241423 -10.009029
8.479712 -9.640889
11.724876 -13.072101
7.563683 -7.718911
10.561940 -6.684626
14.629336 -9.061452
13.067609 -1.786583
11.678916 -3.799899
