-10.595690 -17.151131
-8.764562 -7.370484
-6.364895 -5.070363
-6.278681 -1.721414
-5.564469 -3.670890
-8.369764 2.062319
-8.029141 3.249304
-7.722961 3.056046
-7.714576 5.329745
-7.674394 6.411083
-3.614043 7.585078
-5.844291 6.505528
-1.191321 6.294408
-1.219710 4.188550
0.738540 5.345473
-0.291848 5.246947
-0.001896 4.359876
-2.118182 4.458729
-0.743340 4.434829
-1.740075 5.891302
-2.030616 5.609738
-2.020009 4.369104
-1.359122 5.633495
-2.077518 4.267058
-1.138165 4.080275
-1.075933 2.311654
-0.536754 3.976395
-2.122959 3.960529
-1.963156 5.328679
-1.483782 3.692746
-1.521600 2.212780
-2.199425 3.411493
-2.450435 1.537015
-7.844353 2.605037
-6.660836 9.091889
-12.952040 9.916688
-11.592986 9.186065
-7.913981 7.576843
-6.717008 7.799153
-4.065126 8.291294
-4.362888 7.989404
-5.782815 6.857989
-6.494550 7.558701
-5.053011 8.115483
-4.387596 7.523125
-7.952036 5.277610
-7.672822 6.789105
-5.372735 6.990372
-6.014567 6.399379
-5.106108 10.317145
-5.187356 8.448474
-8.599047 8.988059
-8.828743 3.099929
-8.026838 1.463803
-7.712092 7.446476
-6.424146 6.624687
-5.801979 6.342811
-5.565237 6.439291
-5.396369 6.658099
-3.960535 8.512511
-1.857068 9.362549
-7.647701 6.262022
-6.490999 6.952436
-4.312323 7.390257
-5.462780 8.383297
-4.763184 7.998589
-3.991690 8.101880
-5.394653 7.446445
-4.923796 7.383796
-2.548540 7.875337
-1.249162 5.795345
-2.293380 9.336161
-2.532684 13.277527
