17.766661 -9.492160
6.360051 -6.806062
5.089037 -7.199681
5.482309 -7.265147
0.992663 -5.662843
1.926883 -9.243297
2.594558 -8.281162
4.836179 -5.953138
7.955575 -7.368414
8.646973 -11.077926
10.395245 -7.510039
6.950353 -7.614277
2.441830 -7.882780
2.653779 -8.861907
2.022253 -10.495862
0.007741 -11.626610
1.725123 -12.586756
2.532308 -8.793356
1.174160 -6.293982
1.307890 -8.228321
0.328808 -7.972678
0.876638 -9.951276
2.199092 -7.804584
2.336157 -5.630864
5.999828 -4.616950
6.405192 -8.032321
4.836559 -8.081317
3.621572 -7.590081
4.865048 -7.926013
5.159279 -7.760444
4.024222 -7.790854
7.372657 -1.607191
7.454670 -0.339389
8.399877 -1.009197
7.380334 -1.185494
8.062915 0.248534
6.671857 1.785837
3.746395 1.540150
5.345247 1.294438
9.053214 -0.822518
8.281432 1.587051
7.144077 2.828287
8.576439 -1.630968
5.530457 -4.597195
6.006572 -4.495148
6.445002 -7.611182
8.260944 -7.998155
10.723649 -10.145613
9.076733 -8.808059
3.811731 -7.807623
1.630727 -7.108302
1.036799 -8.860925
2.243032 -8.702007
0.317118 -9.176533
1.652434 -8.089180
2.977346 -6.097336
5.825474 -7.878036
8.114685 -10.584359
7.891053 -12.568156
8.709481 -8.634488
10.261084 -11.989489
9.221807 -12.522659
8.174333 -9.029941
10.325225 -9.754157
7.080400 -7.431605
5.414248 -6.819653
3.967219 -5.592108
9.242893 -9.137734
7.879437 -9.497410
10.287024 -7.069736
7.651978 -7.321735
5.528296 -8.159226
5.747141 -7.508824
0.145052 -7.214710
2.601830 -10.452264
2.498564 -9.387604
-1.329616 -5.718162
1.203998 3.235497
2.165720 2.233757
3.393036 2.393438
3.772660 1.141778
5.118909 1.940673
3.019939 2.381782
3.540190 1.516384
2.651434 1.298092
4.273579 -4.479542
4.981132 -5.922101
5.452687 -6.937742
2.125837 -7.759949
1.871683 -8.287520
2.099814 -9.599680
2.268034 -11.230753
2.331354 -10.675403
1.753461 -11.943811
-1.315151 -14.501071
0.220343 -11.420085
1.892031 -10.751418
1.811124 -9.402682
3.847548 -6.303330
1.124060 -9.985147
1.151011 -10.034199
3.073376 -7.344485
3.321117 -7.954482
5.994228 -4.304102
2.677645 -6.467311
5.132324 -7.462371
6.615259 -7.616184
7.756538 -7.444636
2.034628 -9.943014
1.529343 -10.856314
8.174493 -11.089725
8.836801 -10.247600
8.409686 -9.184175
7.852057 -7.906411
4.593585 -6.659544
2.469408 -8.221678
1.727549 -10.508379
2.082714 -11.283423
4.266200 -13.732676
10.240404 -14.975558
9.320280 -11.222402
8.044920 -12.238906
8.039139 -11.597664
8.065881 -13.169996
9.403114 -11.221061
8.075318 -10.010299
9.191475 -11.111280
9.810944 -14.360477
12.202462 -11.805217
9.499238 -11.477962
8.565210 -8.826034
8.109552 -10.036305
2.006394 -4.837564
1.805123 -10.512587
1.970307 -8.845669
5.877665 -7.384594
1.577413 -8.556174
4.133142 -7.136012
2.346134 -8.250937
2.838315 -10.854917
2.703975 -11.201488
1.228600 -10.822291
2.175053 -9.669091
2.733416 -10.492707
7.362992 -7.531823
6.815408 -7.349600
7.552588 -8.194705
7.172884 -15.541373
5.917636 -5.686586
4.572545 -7.988262
4.142977 -5.707655
6.257405 -4.820758
4.521958 -7.387246
8.382284 -7.461944
8.306194 -9.552476
9.045100 -10.163309
9.709500 -12.515647
8.167343 -9.806326
7.939165 -7.245271
5.509185 -6.900483
8.543367 -8.528519
9.646038 -10.552929
8.852854 -10.580198
3.734820 -5.447264
3.871226 -6.446746
7.393151 -7.757954
4.561162 -4.744713
5.755162 -6.375158
6.911141 -6.822148
7.714996 -7.718403
6.358104 -6.754436
10.106323 -11.987750
8.405353 -19.916012
8.808713 -13.083749
2.741430 -10.843114
1.970755 -11.208072
2.392303 -12.734957
1.845386 -14.983544
5.064514 -14.192248
2.935610 -16.116585
1.123826 -14.267676
3.640622 -15.899604
11.518650 -13.057492
8.941594 -10.785172
11.601092 -10.938231
8.606752 -11.276008
8.353806 -9.778709
8.740417 -9.276904
8.211561 -10.650857
2.726730 -8.464583
-1.756956 -11.128581
5.543715 -7.481889
2.502636 -4.097749
10.728642 0.782877
7.040416 -1.416218
5.997113 -4.204978
6.171634 -5.085197
3.504026 1.233604
7.228958 1.374473
6.865743 2.700863
6.679302 2.583024
6.139945 2.256261
6.504935 1.286799
6.790192 2.985831
5.065046 2.002403
5.321018 1.300019
6.154747 2.807270
7.436429 3.493494
7.347406 0.294998
7.153811 -0.050893
8.020162 2.069818
8.393395 2.777039
8.480066 -1.360578
8.349424 0.669516
3.994524 -4.352899
2.862443 -5.137510
4.599375 -7.359700
5.951345 -6.765059
3.630461 -8.109708
1.447872 -8.828234
1.895755 -10.792819
2.745521 -8.491785
2.010421 -10.170034
1.816396 -11.350938
1.581305 -10.571408
3.055622 -13.664201
5.515371 -15.075596
7.356225 -13.464286
6.095239 -13.434215
2.337306 -9.801984
8.748787 -6.944565
9.487671 -11.023851
9.018297 -11.649611
8.882346 -11.553170
9.759375 -15.573767
7.880913 -11.564919
9.054395 -7.339830
7.238808 -7.441308
5.858166 -7.884606
3.384944 -6.962038
0.992882 -7.082416
2.801712 -8.377831
1.959505 -8.856097
1.008212 -10.087760
4.065164 -7.757812
5.109639 -8.174575
11.170712 -7.929265
7.599201 -7.234505
9.372445 -12.260797
8.958528 -10.230716
11.217066 -16.027636
6.321975 -13.457337
2.457288 -4.642339
3.252705 -6.445844
6.360609 -7.844242
8.997869 -9.572127
11.175601 -9.494114
10.607759 -12.346253
11.444839 -16.651556
10.118414 -12.525519
9.108406 -13.341466
2.204774 -9.511577
2.543477 -7.704580
-0.748924 -11.846481
0.865845 -11.783439
-0.032737 -13.009934
2.745129 -11.470074
4.523683 -6.185561
3.757634 -7.544057
4.022646 -4.172801
2.937484 -4.245019
4.365344 -6.715100
5.106798 -4.303522
6.401307 -4.691781
6.145747 -6.349414
5.494450 -6.826249
2.782827 -8.093438
0.911748 -5.985921
0.690489 -3.974287
1.460942 1.671347
1.574191 -0.454447
1.038452 0.485164
2.002534 1.668782
4.057506 1.119115
8.402540 1.108834
7.649150 0.482454
6.755943 1.142688
7.214297 0.690617
8.122891 1.812506
8.791271 1.029519
5.932053 -5.436695
5.060191 -6.795702
4.402037 -5.539450
3.805632 -7.189174
3.460328 -4.959606
6.493711 2.171379
5.698750 3.662492
7.353355 3.559605
7.337293 1.218557
6.859751 1.855405
4.599085 1.491465
8.139921 -1.332160
7.201992 0.243856
8.925943 1.907805
7.664401 -1.624078
8.465983 -0.451305
6.833444 1.076606
7.095730 -0.622744
7.425527 0.017864
7.224722 0.732445
7.199751 -0.509190
6.913461 1.409331
7.174507 -1.185838
7.231744 -0.406272
7.565712 -0.076168
5.866446 -5.182538
6.388111 -4.759724
6.294889 -4.454020
5.517378 -5.280899
6.086699 -4.261815
3.854466 -7.559419
2.250238 -7.857977
4.764491 -8.044854
7.483781 -8.172956
5.079479 -8.076215
6.347223 -7.594155
8.406363 -7.584823
8.294408 -10.045978
8.430413 -7.900769
5.865130 -7.224862
4.234721 -7.715277
4.423127 -6.340122
4.026156 -5.154064
4.191029 -6.963967
3.828037 -5.415880
3.640457 -7.393228
9.232669 -8.841961
11.616199 -9.955426
9.209787 -12.048730
2.704576 -9.117987
0.523499 -10.209924
2.174769 -10.471734
2.592907 -9.963883
2.408354 -9.444371
3.775891 -4.691344
3.557090 -6.834110
7.129457 -7.954628
4.295765 -6.821909
6.193571 -4.810627
4.391130 -7.906389
5.675727 -8.142060
5.645515 -7.647283
4.113439 -7.611882
8.559970 -7.918081
8.886437 -10.356225
8.549931 -8.903378
8.420884 -10.245232
9.539712 -10.730256
8.689394 -13.470840
4.977328 -16.872183
9.581215 -16.019188
8.023960 -9.403197
9.041069 -8.778444
8.660761 -13.397950
2.317584 -6.159862
2.410319 -9.256808
0.268493 -9.942277
-0.604523 -10.756394
2.576273 -7.810601
2.142120 -9.532925
1.275532 -11.164926
3.520967 -15.451005
4.800849 -15.557498
8.988069 -15.961375
9.424195 -11.546156
8.880896 -6.760237
8.172138 -9.248964
8.061952 -6.856192
3.498004 -7.422184
3.480268 -7.824090
2.399494 -7.256699
0.861699 -10.595648
0.987364 -9.249245
3.444028 -7.341937
1.640312 -7.903321
1.827351 -9.419959
2.730837 -9.001345
2.811264 -8.362260
0.434180 -9.172233
2.038750 -9.332305
2.008485 -14.722205
-0.975291 -15.387276
