-18.720201 -8.755650
-12.973419 -6.577042
-9.873144 -8.315124
-9.911630 -8.325185
-10.091662 -8.217263
-9.873393 -8.314991
-9.911934 -8.325018
-10.092075 -8.217044
-9.874018 -8.314655
-9.912700 -8.324598
-10.093121 -8.216489
-9.875593 -8.313802
-9.914633 -8.323524
-10.095755 -8.215065
-9.879563 -8.311600
-9.919514 -8.320722
-10.102384 -8.211309
-9.889545 -8.305707
-9.931642 -8.313140
-10.118810 -8.200832
-9.914169 -8.288646
-9.961098 -8.291146
-10.157878 -8.169541
-9.972482 -8.234329
-10.030586 -8.219644
-10.246969 -8.061399
-10.093897 -8.042431
-9.739301 -8.270885
-9.314561 -8.331801
-9.343139 -8.198321
-8.383004 -8.087882
-8.430577 -8.192954
-8.408824 -8.188937
-8.447292 -8.239910
-8.412580 -8.194773
-8.449451 -8.242558
-8.412995 -8.195091
-8.449680 -8.242707
-8.413036 -8.195109
-8.449701 -8.242715
-8.413042 -8.195110
-8.449704 -8.242715
-8.413042 -8.195110
-8.449704 -8.242715
-8.413042 -8.195110
-8.449704 -8.242715
-8.413042 -8.195110
-8.449704 -8.242715
-7.552184 -6.577657
-6.823262 -4.549636
-5.335174 -3.925990
-4.226924 -3.325887
-4.322380 -3.411818
-4.526317 -3.552137
-4.228577 -3.328679
-4.324165 -3.414561
-4.528496 -3.554551
-4.232811 -3.332716
-4.329435 -3.417826
-4.536428 -3.555821
-4.252020 -3.330662
-4.358127 -3.407966
-4.588434 -3.529393
-4.392326 -3.242034
-4.025524 -2.718124
-3.604030 -2.346487
-2.856603 -1.728119
-2.142472 -1.199626
3.803855 4.139631
6.394895 5.873896
12.764447 8.922411
19.455296 12.116739
