-14.681846 -19.173853
-10.215419 -11.175794
-9.179851 -9.062488
-8.722487 -8.204758
-8.481666 -8.158374
-8.543848 -8.256970
-8.421563 -8.038226
-8.544076 -8.255719
-8.581551 -8.303524
-8.436260 -8.052695
-8.551596 -8.261402
-8.585938 -8.306305
-8.437922 -8.053538
-8.552409 -8.261725
-8.586401 -8.306471
-8.438094 -8.053586
-8.552492 -8.261743
-8.586449 -8.306481
-8.438112 -8.053589
-8.552500 -8.261744
-8.586452 -8.306481
-8.438113 -8.053588
-8.552502 -8.261744
-8.586453 -8.306481
-8.438113 -8.053588
-8.552502 -8.261744
-8.586453 -8.306481
-8.438113 -8.053588
-8.552502 -8.261744
-8.586453 -8.306481
-8.438113 -8.053588
-8.552502 -8.261744
-8.586453 -8.306481
-7.900333 -6.813075
-7.329446 -4.834240
