-9.366407 2.020008
-7.487488 2.570356
-4.343341 -0.577605
-4.523336 -0.498622
-4.531324 -0.317468
-4.324718 -0.366871
-4.341087 -0.261552
-3.856400 -0.617418
-4.053777 -0.573505
-4.494475 -0.351845
-4.520165 -0.245739
-4.057718 -0.613146
-4.255960 -0.561211
-4.281505 -0.582445
-4.467299 -0.506138
-4.475252 -0.322520
-4.267254 -0.369227
-4.280596 -0.262523
-3.788565 -0.616610
-3.983112 -0.573774
-4.429650 -0.356548
-4.451880 -0.248521
-3.978542 -0.604832
-4.179106 -0.553411
-4.190956 -0.500450
-4.380785 -0.396323
-4.307639 0.625876
-2.053917 0.708251
-1.162202 1.247239
0.016948 2.049133
1.761686 3.314265
4.787510 4.567486
8.006684 5.246933
