-2.448074 -11.826751
-5.468154 -10.029519
-7.715207 -8.981065
-9.585546 -8.161003
-10.465571 -8.087664
-10.294936 -8.159661
-10.306063 -8.164505
-10.550430 -8.027341
-10.409751 -8.098538
-10.208154 -8.204134
-10.270596 -8.187218
-10.511909 -8.052052
-10.393880 -8.108723
-10.193932 -8.213156
-10.264824 -8.190872
-10.505737 -8.055747
-10.391330 -8.110363
-10.191668 -8.214586
-10.263908 -8.191448
-10.504754 -8.056336
-10.390922 -8.110625
-10.191307 -8.214816
-10.263762 -8.191540
-10.504597 -8.056430
-15.276448 -6.467424
