17.667654 -3.435447
13.827756 -6.806725
12.628838 -7.477262
13.021013 -7.112807
13.778534 -6.823255
12.514041 -7.529795
12.871762 -7.182312
13.563112 -6.889456
11.984068 -7.773249
12.175320 -7.526750
12.494618 -7.274533
12.841469 -6.884263
13.470185 -6.638511
11.705868 -7.529910
11.779545 -7.248623
11.824298 -6.958972
11.891138 -6.696739
11.912781 -6.498057
10.419976 -8.212441
10.419550 -8.213080
10.418551 -8.214372
10.416225 -8.216971
10.410854 -8.222153
10.398546 -8.232256
10.370456 -8.251599
10.306162 -8.288102
10.160311 -8.354930
9.836164 -8.470131
9.085217 -8.686242
6.511223 -9.466297
4.378679 -10.840384
