-10.073652 -0.817466
-9.650537 -1.647549
-9.770006 -2.048125
-9.742061 -2.609905
-9.387107 -8.026706
-9.283352 -8.268934
-9.387090 -8.026718
-9.283337 -8.268946
-9.387035 -8.026752
-9.283290 -8.268975
-9.386889 -8.026853
-9.283162 -8.269058
-9.386489 -8.027143
-9.282812 -8.269300
-9.385432 -8.028073
-9.281896 -8.270067
-9.383151 -8.031901
-9.280025 -8.273067
-9.383993 -8.055654
-9.281188 -8.291667
-9.461181 -8.265523
-9.563051 -8.106782
-8.778650 -8.018393
-8.791757 -8.126856
-8.668627 -8.043550
-8.711672 -8.144280
-8.657170 -8.046989
-8.703165 -8.146706
-8.655933 -8.047408
-8.702249 -8.146991
-8.655800 -8.047456
-8.702152 -8.147023
-8.655787 -8.047462
-8.702142 -8.147027
-8.655786 -8.047462
-8.702142 -8.147027
-8.655786 -8.047462
-8.702142 -8.147027
-7.894495 -4.261147
-2.513821 -10.601066
0.327713 -14.612152
