-1.113652 15.077522
-0.531685 8.245384
4.664034 10.010349
2.740914 10.280291
3.404506 10.779027
1.994900 9.527896
2.187412 10.262849
1.424028 10.427865
8.709447 5.139195
7.208810 5.450079
6.058568 2.511728
4.975828 -2.587473
4.498838 -4.988448
5.156544 -3.461380
3.603898 -0.103510
5.472136 -1.135447
5.099504 -2.425274
4.228215 -2.378689
4.298386 -2.401347
3.483079 -1.958583
4.631625 0.166571
6.437411 0.790719
7.057420 3.767025
10.109583 3.653669
10.549720 3.631433
9.216575 3.416078
11.281075 3.758788
7.652169 3.820464
8.275393 3.296769
7.825068 0.763781
7.280281 1.242501
8.397589 2.412400
8.263744 2.701528
8.942194 0.856548
8.230230 1.052148
7.510539 0.125124
7.542232 1.053328
8.469144 0.344833
7.556108 -0.066705
7.425455 2.756484
8.057388 0.898027
7.563686 1.646060
9.360535 4.548130
8.578444 1.655772
11.236312 3.543640
14.104982 -3.335211
7.922377 1.190968
10.049703 3.469717
8.452802 2.200575
4.902147 0.252533
3.158534 0.145651
11.812765 -2.956813
8.048141 6.485376
9.793516 10.342389
9.646838 7.190505
9.674315 4.308947
7.546304 4.510014
8.987095 6.070118
9.807096 6.089953
7.369549 4.606940
9.839130 3.897010
8.456359 2.563039
7.239383 3.016952
7.837544 3.422520
8.989698 3.070521
13.246178 -2.035885
8.307178 0.610965
8.679409 2.249912
7.513482 -0.214780
6.335636 0.542442
5.813994 1.191867
7.204654 2.443860
3.598519 -1.520145
4.455173 -0.161093
8.309522 2.860634
8.052891 3.359662
9.028459 3.222051
10.760653 3.686796
8.630712 5.251698
6.037177 1.472661
6.480908 0.854574
8.045868 3.058446
8.854429 2.040382
8.955733 1.038746
9.594123 3.972052
16.263247 1.995234
15.297946 -1.863330
14.604512 0.729295
16.198608 -1.349708
11.504218 -2.676078
11.880018 -4.668696
14.050924 -7.149819
9.115959 -6.921809
4.713979 -6.894325
6.039952 -8.853595
4.638720 -2.052638
4.552319 -0.882476
6.229871 2.548394
9.004862 1.748095
8.882831 3.928311
10.408910 3.449171
10.418524 3.731493
11.611909 11.422906
12.908410 10.328167
5.571527 10.226427
8.756180 7.035935
8.771181 3.298551
8.697102 4.450334
8.259464 7.020835
10.155005 8.912261
8.204331 7.408787
8.376332 7.154986
9.567251 8.573817
8.996312 8.948219
11.478052 8.968223
11.305696 8.923584
8.121732 9.360222
7.646690 5.472080
8.771684 3.153982
7.509420 2.992444
6.146050 1.544760
8.785713 1.857356
8.477341 3.053757
6.889958 2.115739
7.824533 1.432959
8.653273 2.096747
9.159278 5.554835
9.558205 9.056712
10.150213 11.596036
19.212595 -0.389991
19.757364 2.363288
13.411411 -3.730953
11.089856 3.436862
8.605180 3.924829
7.146614 1.898759
5.810253 0.438113
8.359571 1.971254
6.593295 0.679878
5.636642 1.669102
8.430964 3.803354
9.821520 5.006088
9.474929 5.168810
7.972773 8.307916
8.274641 6.639129
9.667742 5.969573
8.563237 5.574312
8.282488 3.347552
9.475413 3.553494
11.520191 3.558373
8.655740 2.875674
7.248112 3.603526
15.793484 5.104980
16.145020 2.178134
15.795250 4.122680
16.206556 7.422359
15.671034 4.438619
16.049984 7.641479
9.504901 7.759842
8.121675 8.037998
6.736459 4.801315
8.956416 4.427984
7.967697 2.976917
8.284008 4.840018
8.317182 2.540548
8.592126 2.819109
6.723522 0.299463
3.766480 -2.238005
5.475140 -4.149422
4.883539 -6.259106
6.788368 -8.900390
6.488258 -8.986529
5.575264 -7.522161
5.213795 -0.632243
7.651546 0.491957
5.227018 0.526508
5.002499 -1.565958
5.394491 -5.791749
5.115927 -5.011428
5.406575 -0.611159
4.322502 1.316213
6.674635 0.404302
9.092382 1.790328
8.875081 -0.065506
4.036001 1.012002
4.968889 0.536411
5.432578 -1.509101
3.881689 -0.507194
7.129288 0.140893
7.796022 0.570772
8.788026 1.704973
7.404712 0.532085
6.855196 2.056356
14.622106 -0.657314
12.434521 -2.529446
12.386948 -2.089394
12.575859 -7.281137
13.351338 -8.575862
9.504256 -8.177060
8.678848 -8.594494
11.904059 -7.702148
8.812056 -8.957656
6.051376 -6.871337
9.887014 3.598547
7.606826 3.855332
4.891350 0.913911
7.834607 0.933882
8.667972 2.124882
8.922351 1.222864
5.473077 -5.327012
3.663407 -5.011916
11.914727 -3.080236
8.251133 -7.735584
13.059715 -4.181314
13.713552 -4.837642
19.483940 -0.186819
14.925216 3.529593
14.112505 3.378438
14.575373 3.185159
15.831669 3.865779
15.054458 6.818889
9.571346 3.717892
9.383883 6.530862
6.732980 3.257218
7.913467 2.471459
6.953457 1.421832
6.718491 0.748113
7.387585 -0.069473
8.047623 0.796631
9.101453 1.467672
11.094931 3.691423
8.389100 3.077931
9.629409 5.106689
8.546753 8.926553
8.227839 8.451320
7.185429 7.732590
8.837561 2.946220
9.689835 4.978033
8.002542 2.862778
8.113111 0.939696
8.901056 0.718790
8.482081 4.888889
6.906839 1.931132
8.794616 0.286379
8.338847 1.556326
5.780397 -0.026509
4.810301 -1.317696
4.644247 -1.008995
3.808412 -0.326465
4.162379 -2.567498
12.464168 3.478759
9.628702 4.863984
9.598550 5.085776
9.429384 4.480861
8.754336 6.046579
9.317197 6.142765
8.111986 3.995046
10.308512 3.541532
6.443512 4.373538
7.803459 6.480078
8.719063 7.084262
7.657783 8.781394
6.703190 8.574728
7.538864 9.263192
6.871371 9.506800
7.390109 9.417459
8.696499 7.660729
7.652481 6.735620
9.470272 8.285642
14.653581 1.835482
15.421705 3.952114
16.226534 5.097569
15.234350 6.967228
15.866480 6.171002
15.513674 5.621584
15.755826 9.563621
13.717860 10.558722
13.852797 11.131121
14.560257 8.963889
14.472046 -2.891270
14.186170 2.332519
16.857212 4.922797
14.924547 4.311664
19.269394 2.950717
19.077763 7.134898
15.046025 7.480878
15.495153 6.514556
9.458646 6.583661
9.518980 5.947850
6.489646 4.737949
6.392814 7.436659
11.957695 9.159879
7.085366 6.141287
8.182456 5.476590
8.881763 3.066496
8.603210 4.577404
8.204245 6.173603
7.804163 2.966683
9.705395 4.930376
12.898519 3.776769
12.917637 3.443204
9.024219 6.068677
7.404155 8.526921
9.741485 6.926764
6.940258 2.932609
6.883011 0.973191
9.231372 4.464837
9.079232 1.881288
8.978837 2.273482
8.940084 1.550747
16.120815 -4.585770
14.429367 -2.097940
14.260756 -1.925538
15.431026 3.921285
16.574163 6.898976
15.530298 5.016793
18.673641 2.792247
15.341672 0.952596
14.472122 2.866309
14.700885 3.736321
15.664761 2.261423
13.835723 -2.926955
12.728042 -3.012038
8.146286 2.589515
8.579699 3.760490
7.262821 3.764217
7.570049 2.335620
7.068852 1.853097
8.222887 2.247654
8.663060 -0.018040
11.652347 -1.963632
9.128578 4.148400
9.636706 6.097174
7.495770 6.065450
7.755029 9.168925
12.573153 10.012246
16.133791 11.409110
13.756305 9.069716
10.546989 9.088595
8.829209 8.379915
10.358335 9.492882
9.654927 5.841690
15.802366 4.330271
16.458979 1.139687
16.362848 -1.926240
16.275438 -1.362960
14.679178 -2.194043
14.714726 -2.402007
13.534235 -2.858135
15.391495 -0.813001
12.835030 3.539092
11.949107 3.628101
7.894742 3.480986
6.736133 4.926744
8.646829 3.271425
5.998145 4.112184
7.505533 4.399015
7.590306 6.184801
8.834011 2.781035
8.181440 4.153967
7.813139 3.330383
8.940910 1.997059
8.690508 4.038835
6.101355 2.920994
5.125993 2.073117
6.421438 4.768161
8.547578 1.043404
6.926091 -0.041157
7.857609 1.928506
11.641213 3.572666
8.743282 1.401780
8.451730 2.821836
6.696011 1.192927
8.694567 0.844620
8.863761 0.017196
7.577375 3.147048
8.629927 2.465244
7.478796 0.542341
8.918129 0.784084
8.452991 2.319147
8.631513 1.427652
9.088570 1.203472
8.122767 0.082093
6.858572 2.622480
6.590749 1.761532
7.028662 2.453628
8.241090 3.089862
9.089389 6.349966
8.584190 5.266448
9.252021 3.567490
9.629901 5.551734
8.540288 8.515732
12.268848 12.298076
9.710315 11.112689
9.583289 4.682238
9.621723 3.561200
9.584281 3.882693
7.960864 7.917937
9.087584 5.353951
7.178720 0.173825
4.188852 0.468190
4.451926 -1.157462
5.467234 -0.280337
3.722628 -2.498253
4.188800 -1.009135
3.675515 -2.060849
3.683966 -2.017630
3.808516 -1.554763
5.391345 -2.387875
4.653131 -3.403130
5.441897 -2.147179
4.665526 -0.081720
4.140167 -0.453411
4.328600 -1.220412
3.502718 0.315912
8.223827 0.377943
7.184803 0.959780
8.475443 0.583390
11.856537 -2.170973
13.617304 -4.063887
15.016040 1.393942
17.532871 -0.466628
17.420885 7.659783
18.555193 5.019627
