-18.555847 -4.642480
-13.514771 -2.432217
-10.197129 -5.315366
-7.291744 -6.093709
3.503204 2.354437
6.992691 4.262269
8.738494 4.929721
7.171162 2.059077
8.636514 2.419959
8.682551 3.319438
9.775784 4.214495
9.100002 6.771372
8.870036 5.352287
7.408791 3.232354
7.910877 3.681968
10.068428 3.495047
9.437494 3.668237
5.849123 1.624124
7.209055 0.550050
7.378165 0.408691
6.677351 0.293974
8.482762 0.052833
8.472910 1.585038
7.517269 0.040032
8.115866 0.177228
7.562346 0.637605
4.341666 0.358218
4.169664 -0.342353
4.922133 -1.519644
5.088058 -0.746971
5.366425 -0.856489
4.212474 -1.204547
5.317566 -1.227116
4.585839 0.106313
7.231013 0.314251
5.648895 0.766784
6.216111 0.906642
7.039019 1.157491
8.216416 0.324498
7.500509 0.973454
8.676233 1.072887
7.507222 4.264723
5.584789 5.153543
7.863885 3.910425
8.459751 1.456982
7.218496 3.150561
9.131657 5.304706
5.968243 4.359659
7.332594 2.783729
6.836766 5.199179
8.365274 6.256953
9.098772 7.534102
8.753836 8.469518
8.436132 5.778820
9.037999 5.296036
6.791241 3.278497
10.724586 3.703420
12.296487 3.649674
14.243838 -0.028308
14.292412 3.216345
16.598564 -1.458372
15.471096 -0.975064
15.760422 4.848291
15.921475 4.674272
8.594421 1.499009
8.125759 4.495603
8.117073 4.435308
8.628924 6.067959
8.199439 4.945493
7.454965 1.502832
11.934491 -3.654125
13.543814 -4.289095
12.497895 -1.881818
7.205740 8.839849
9.707261 9.557096
10.208396 9.343184
8.913613 2.547837
7.653557 -0.011895
5.057564 -1.870892
3.958169 0.290250
4.101472 -0.382004
8.976765 0.537611
7.673982 0.271440
5.012040 -0.847661
4.792866 -2.810137
4.573333 -3.310761
5.096853 -3.976681
7.073695 0.640350
7.687982 2.103366
6.588773 0.732436
6.145642 0.010264
7.558267 0.404891
5.419730 -1.763626
6.222002 -6.254485
3.555055 -8.467959
2.841708 -6.966565
8.122718 -7.847228
7.901804 -7.083631
4.598072 -7.298661
0.870215 -1.684677
1.328285 0.074608
4.897247 -1.264243
4.106880 1.379234
6.287569 0.112347
7.456795 2.608537
7.521033 3.408164
8.971127 1.325844
7.619977 2.564552
7.858722 5.181548
9.742720 6.809652
7.917661 7.051646
9.556673 9.407132
13.995800 9.014326
11.026885 9.290264
8.282649 2.881787
7.796389 2.871159
8.935474 2.601792
8.706838 3.733366
7.048796 3.092256
9.748325 5.269418
9.376077 5.098863
8.422001 7.136636
8.987393 5.765687
6.794146 7.719588
5.843364 7.445798
8.619622 6.722700
7.631655 6.615077
9.783243 6.883090
5.160203 7.377682
8.630987 5.294980
8.578794 6.202466
7.425832 4.624590
9.529882 5.774791
9.111588 7.810139
11.656682 9.294623
12.197958 8.988276
9.663386 13.204738
10.019615 10.286068
11.593217 10.458575
12.835839 12.022777
13.954195 10.276011
14.027240 10.003056
11.301691 9.757361
8.946572 7.873938
9.577204 6.935849
9.842334 6.306275
8.365554 6.808321
6.705342 5.243453
8.420722 5.478543
9.072235 3.061090
5.463631 -0.031777
8.182594 0.442861
8.193357 1.900533
8.642406 4.475641
6.923971 -0.126397
8.450269 1.863516
9.031714 2.912758
9.068334 1.897564
8.429186 1.045958
8.670013 2.985336
9.421503 4.768416
9.672343 4.895707
7.167884 5.912477
8.976954 4.084812
9.779332 5.912161
15.495133 1.377624
14.323557 2.493037
13.206820 -2.078125
15.788498 0.520945
14.510543 2.031642
8.606451 5.230993
8.003486 7.792585
12.016386 3.492188
11.217683 3.701847
8.601727 0.466255
8.814428 3.981633
9.551896 9.186703
11.686086 9.290738
6.917781 6.602433
7.423606 9.355907
6.992243 5.240196
14.136477 1.803128
16.207396 2.870709
6.754220 2.817287
8.353826 3.136585
8.255393 3.581184
8.108672 2.770783
7.074787 3.159354
7.916512 1.729468
7.452033 0.193082
8.317753 1.944438
9.070623 3.648519
16.107204 3.325234
16.006893 1.992302
9.701283 3.878225
7.832759 3.421913
9.054480 2.583221
9.209157 4.181728
8.428896 7.020339
13.072135 8.904319
14.038950 9.259166
15.112434 8.982584
8.829415 7.952406
8.119459 5.790676
6.232590 3.865246
8.348052 5.898492
9.706549 4.876825
7.625876 4.703222
8.485707 2.990656
6.884505 1.304186
7.781053 1.936909
6.196725 1.917118
6.935779 -0.049068
8.192919 2.516504
7.505065 1.474898
7.815575 0.464676
8.411648 0.394619
6.364228 -0.171091
6.791204 1.121069
4.411690 -0.358177
4.847448 -0.907826
3.458418 0.454934
4.471328 -1.282053
4.478351 -3.811264
5.826836 -8.869333
8.288645 -6.810585
7.623925 -7.893364
5.424371 -9.715613
5.149449 -2.037727
5.009659 -6.015256
4.146253 -5.735150
6.601122 -9.067283
7.020905 -6.738344
9.469974 -8.522683
9.806212 -8.144962
9.687100 -6.856827
13.245382 -6.672927
11.534457 -2.538935
13.558224 -3.025424
12.362181 -2.452766
11.862530 -4.898852
13.503374 -7.825857
11.325333 -6.808833
8.004745 -8.033230
2.856254 -4.660248
3.956025 -1.218522
6.942144 2.069568
8.591843 0.252929
8.936083 -0.207808
7.028647 0.053092
3.054060 -2.932549
1.554440 -3.490367
6.305354 -5.969647
3.791503 -5.849356
4.520188 -5.281122
6.410203 -5.267126
5.428247 -6.414146
4.818276 -2.845041
5.122529 -0.522561
4.687619 -0.981844
4.535407 1.605446
6.903080 -0.165919
6.280220 2.245550
4.163570 1.111501
6.151355 0.637105
7.623607 1.179538
9.077374 2.551581
7.733211 0.146687
8.118563 1.120699
8.787679 1.681070
7.154683 -0.165615
7.204561 1.645951
6.528566 0.288522
8.661520 1.864850
8.965221 5.278324
8.439981 5.874763
9.085665 4.312234
10.040047 3.482800
14.662315 3.745160
12.911478 3.755072
8.439595 2.362245
7.508046 0.029367
8.644602 6.057969
8.065406 5.479478
8.380156 3.949948
11.457685 -1.907320
15.135931 -2.413410
16.218029 1.820699
16.355276 4.297414
15.704166 1.337711
14.978699 9.999645
10.132133 9.375478
6.734343 5.224044
9.486070 3.640251
7.691048 3.838983
7.470828 3.423011
8.835332 4.441514
8.743720 3.142205
7.247118 3.413068
6.269974 3.653918
6.964236 5.197296
6.778039 2.709426
8.362446 3.519211
8.492725 3.579786
7.595986 3.561662
8.071542 4.205843
8.742401 6.487698
7.923198 2.764338
6.517658 1.137978
8.201459 2.598117
9.548895 4.515370
8.994141 7.378204
7.986268 6.891994
9.840037 5.575445
9.047038 3.287929
8.062621 4.561320
9.852419 7.127407
8.765004 7.391870
8.890073 2.765844
8.792149 5.288385
8.953838 1.860588
9.227191 3.733785
9.543454 3.548080
11.055959 3.549250
9.273813 8.208901
10.723937 9.758136
9.070398 3.341879
8.580123 0.692550
8.432650 1.657074
7.759361 2.067904
7.999332 3.261821
8.888179 3.045537
8.859221 4.287724
9.280531 5.017470
8.678885 3.306343
6.554938 6.439253
7.449905 5.579053
8.341983 6.261393
9.798585 6.507382
16.864162 1.048848
15.442921 2.098501
13.757887 -1.757852
15.110252 3.117577
14.959327 3.710779
15.008258 3.166339
11.472756 9.078855
9.541091 8.348563
9.574797 4.183561
11.083713 3.413018
12.356509 3.528050
12.594264 3.561815
8.264171 3.456944
5.689635 1.658051
7.894485 0.576165
6.798439 -0.190322
9.049088 1.009835
4.981035 0.006189
4.580650 -3.048847
5.299861 -3.177431
3.144877 -7.361590
5.654644 -5.765845
6.090676 -5.938465
8.700463 -7.966975
6.890720 -6.997079
5.965344 -7.851977
3.861862 -8.561312
5.988535 -6.165387
6.542078 -7.582194
7.564332 -6.889530
8.468559 -9.208961
9.156519 -7.249417
10.930843 -10.278917
10.647513 -8.715258
10.249655 -7.859847
9.821365 -6.770193
9.050220 -7.245630
7.542377 -8.884485
4.879146 -5.555871
4.880179 -3.251227
4.155977 -6.717099
3.119185 -6.116655
5.377628 -6.127172
12.086320 -5.680295
11.670284 -4.915419
11.892211 -2.553524
9.767439 -7.627834
6.908762 -6.652302
5.268556 -0.807047
5.112113 -1.631090
5.407526 -0.898786
5.299337 -3.510647
4.708167 -3.748723
4.900634 -1.791301
5.022788 -4.240548
5.029620 -1.871397
4.595603 0.910667
7.851716 1.876364
8.369582 0.086471
7.427752 7.368737
5.163815 6.741051
7.813874 4.632215
7.320674 1.618718
9.149830 3.633898
11.779263 3.592535
9.222449 4.453490
8.662921 0.427349
8.938036 0.782013
8.176697 0.353699
8.594168 1.476634
8.317820 0.984262
9.304470 5.761006
8.246422 0.976655
13.968997 3.596799
14.690751 3.103057
16.494827 -1.241154
9.259722 -9.776404
8.968458 -11.598265
7.420799 -8.814846
4.644543 -5.763556
5.543080 -6.447469
8.360779 -7.178111
8.399986 0.984588
6.382554 0.711980
9.105014 2.734296
9.017787 1.514137
8.773225 1.018289
8.227275 0.998103
6.227242 0.511792
4.033608 0.449127
4.101626 -2.208442
4.351454 -1.506800
3.815323 -3.368450
5.273444 -6.910971
6.950858 -7.889122
3.778276 -7.663620
8.731015 -9.042819
7.516812 -6.728464
8.335859 -7.608130
2.739348 -8.155117
4.711666 -2.959783
3.901415 -5.446359
5.607781 -5.361937
5.711780 -6.769186
4.885509 -2.792606
3.075522 -4.489894
5.737267 -6.490033
7.874391 -6.988686
12.390081 -9.981029
8.102473 -7.621356
8.207199 -7.680486
14.722775 -8.296165
11.445347 -4.186808
12.310057 -6.255556
11.841626 -10.563056
7.724980 -7.037208
7.852230 -6.984312
7.454713 -8.515462
6.367799 -6.710046
14.292715 -0.689267
15.898981 2.564431
15.005255 8.615064
14.903294 4.799508
15.792649 2.646326
14.506062 -2.267261
14.309613 2.609631
15.026352 2.488135
15.610203 3.488014
16.053993 4.501831
14.882170 4.892406
17.222931 2.249490
15.856976 6.577675
16.298223 3.509887
12.805049 3.440226
11.859676 3.547437
6.561711 3.356452
4.164258 1.637052
6.273930 0.089724
4.882942 0.928639
5.529335 0.604517
5.421870 -1.279646
5.382399 0.666971
6.884183 1.181438
7.028110 -0.063834
8.271995 2.331675
7.512470 1.675886
9.023760 1.060414
6.949734 -0.111522
4.931683 -1.071423
4.187363 -4.481287
4.731077 -7.334972
6.615263 -6.728068
5.817890 -9.670495
9.404412 -8.775875
8.370163 -9.016604
11.058832 -8.772470
7.666412 -6.684585
6.295363 -6.216118
5.860941 -7.420770
4.916437 -6.422768
11.441551 -2.508534
9.532009 4.480972
8.041677 2.217660
8.718916 3.437707
8.281536 1.290312
7.292023 -0.101083
5.802574 0.820536
5.751388 1.620182
7.043341 2.567593
7.044676 0.167799
6.982637 0.390402
7.795684 1.265712
6.899891 0.644006
6.133646 0.511352
4.022314 2.249755
8.748516 1.068941
10.877337 -10.626460
7.130783 -13.474525
5.211278 -10.155766
6.008129 -7.880536
5.336877 -4.342152
1.567617 -4.146875
2.996923 -8.050996
4.153453 -9.315215
7.661282 -8.914395
8.768596 -7.532410
10.611556 -7.622318
5.802169 -6.222213
6.593845 -10.551978
10.908689 -8.072223
5.898535 -5.501724
2.595533 -7.128676
3.721532 -2.972714
5.145510 -4.082043
5.390880 -7.947255
5.477710 -2.908193
11.485598 -5.916719
13.092006 -7.729265
12.247729 -3.640517
12.399039 -1.709580
18.660744 -3.424249
11.455851 -3.100832
9.512998 3.630586
9.177561 3.542597
9.264048 4.763313
9.091441 4.090003
7.177432 4.658484
9.853298 6.815598
8.840028 4.361228
8.205009 3.135590
6.096303 1.246055
7.232865 0.257425
4.466765 1.960808
5.816434 2.719942
14.586684 1.491629
15.430143 2.891313
16.435492 5.188588
18.743019 8.493320
17.148369 5.458564
15.055886 8.549358
16.929127 4.719469
16.520144 -0.563957
17.880676 3.224777
16.275486 5.093649
14.317889 1.449330
8.714552 1.075334
8.102496 0.090855
11.878814 -2.676239
11.605524 -1.999090
5.111004 -1.944121
4.843878 -1.354987
4.701159 -0.050090
12.263049 3.447057
7.136414 2.482171
7.243041 2.889721
8.767307 2.111063
8.281230 5.608414
7.635929 4.907845
8.275971 5.321636
8.286866 3.922264
8.845143 1.404131
7.561070 4.139512
8.347863 3.709536
8.366615 2.224938
9.578278 4.547103
8.535254 2.882391
8.813080 1.814389
9.317316 4.742616
8.149758 7.543384
9.835470 8.668996
8.788583 6.661677
7.144817 8.918792
12.347339 8.843289
12.084558 9.811578
13.005283 10.891524
12.717402 11.781344
5.621196 9.581635
9.667744 8.225768
7.608819 4.780666
9.167295 6.756381
8.664990 4.743179
9.415669 7.244637
7.112858 4.613521
8.526733 13.423831
12.240187 9.688756
12.844563 9.872579
8.912411 9.587785
9.811393 7.016951
9.628464 7.540557
9.553688 6.356246
7.258662 6.248541
9.110713 5.643019
9.398688 7.943742
8.509367 6.548797
7.841822 3.921195
11.371207 3.578476
7.456981 3.697078
8.443305 0.675688
8.437181 0.481121
7.562520 3.364538
9.633366 4.447466
8.970344 4.232234
7.846514 4.750443
8.497986 5.650111
8.812816 4.418973
6.988337 4.157115
9.079299 7.494085
9.459256 3.431347
7.988585 2.297335
9.030292 1.545359
8.609874 2.723215
7.848104 0.122128
8.839358 2.426631
7.607791 0.996770
8.669376 1.981471
12.277647 -1.856095
11.067918 3.535892
10.508224 3.773099
11.774399 3.678990
8.516527 3.525161
15.428970 2.134090
16.736027 -0.973904
14.111155 2.195046
16.483570 0.942982
15.380979 7.058496
8.887987 5.649923
8.078703 5.978723
9.418262 6.872832
13.889453 9.294590
10.107597 10.216508
13.893825 10.236709
13.358940 10.853207
16.848591 9.186391
15.175638 4.834726
14.141889 11.258019
12.811172 9.310307
15.587416 6.087645
15.200978 7.255771
14.472295 2.852256
19.636574 -2.033212
16.417105 2.216461
