16.471170 2.715528
17.279963 0.904212
13.942953 -4.424719
12.782301 -2.869600
11.833209 -6.088748
15.151871 -5.439077
13.969997 -6.500977
2.436610 -7.254571
2.185125 -6.218560
5.450685 -3.920208
5.166919 -1.905851
4.541844 -1.418099
5.309134 -1.764852
4.551755 -2.231135
4.344890 -2.143941
4.682174 -1.564905
5.112102 -0.763395
6.500263 1.264196
7.824825 2.087157
8.776689 1.696844
8.150625 1.694646
6.870398 1.747552
8.078446 0.927705
8.171947 0.891391
8.485349 0.310606
8.695086 2.757793
8.582139 1.652683
8.725048 0.338018
7.266317 1.348626
8.202788 1.776219
6.421491 0.052205
7.213243 1.772431
7.869790 5.543199
10.252238 3.719001
11.878379 3.583321
13.435312 -5.452391
13.368303 -3.589871
16.001299 -0.389850
13.262467 -2.362343
12.551600 -2.034534
11.599126 -1.943655
15.481138 -2.251990
16.136158 1.178755
12.218700 -7.124956
11.932728 -5.076570
14.500711 -3.832098
11.495326 -2.861984
11.719679 -4.056039
13.552546 -8.796184
10.144288 -7.459851
6.847941 -9.538577
3.028915 -4.725934
5.113291 -3.556057
3.694142 -2.125086
4.923266 -0.372841
4.086576 -1.589929
5.418739 -3.672730
4.867420 -4.467733
7.151700 -9.202435
8.565789 -8.009174
7.942943 -8.095137
19.371687 -10.625854
12.826683 -5.870891
13.026761 -1.643690
7.602955 0.995424
7.445987 4.040511
7.734722 2.456660
8.529231 3.707802
9.056420 0.703103
8.152539 1.190149
8.575638 3.220357
6.912334 3.009045
9.060950 4.252828
8.929500 4.774546
6.869035 1.686807
13.294977 10.256737
13.031860 11.782695
12.809693 15.582685
9.546073 8.419951
9.748830 5.806720
9.061819 4.621295
7.637664 5.181923
8.941753 5.266338
9.571510 3.902711
16.642466 3.641529
18.204691 5.000057
18.144627 2.644263
14.772923 -0.099205
14.399237 1.809242
12.017797 9.125096
10.546102 11.218966
12.039586 10.160212
15.291386 5.660032
8.557311 1.062279
4.407632 -1.902763
5.754409 -6.562512
6.087017 -6.793686
9.779269 -6.680099
9.225644 -8.821212
9.449960 -6.911341
5.216107 -2.805409
4.708832 -3.171054
7.810956 0.813631
9.211450 4.173050
7.622618 5.573006
7.776317 2.181570
6.326715 1.193690
7.824502 0.265411
9.005190 0.673277
9.077921 1.610178
8.591695 4.275573
7.170765 3.214242
8.929345 2.369847
8.678701 1.989255
8.579328 2.261015
7.766073 1.230627
8.368862 3.720694
7.771140 2.627257
10.254267 3.721264
8.820534 2.976582
8.056767 4.707139
8.609802 5.904128
6.894565 2.243173
8.426719 4.710435
11.468382 3.640183
11.039500 3.591177
8.872519 0.843260
4.459996 1.937585
7.551359 3.564395
9.094126 2.191821
8.467999 3.665616
9.332333 3.562955
9.029897 1.655077
8.341047 0.297571
9.186356 4.611325
9.371205 3.772283
8.464118 5.231601
6.571078 5.583156
7.987814 4.445055
8.253829 1.995181
8.636529 1.617083
8.050532 4.803360
6.616654 3.108264
15.943639 1.453133
15.507008 5.509862
11.957717 3.728440
11.374053 3.601583
13.311446 3.525743
10.771043 3.647983
12.180656 3.748241
9.812121 4.079664
7.433372 0.134410
6.806194 1.082793
4.372605 0.834072
4.319754 -1.426635
8.468066 2.462185
7.092429 2.106174
5.882693 1.380703
8.645464 4.360330
8.367885 1.266732
7.530480 2.259386
8.757606 1.616340
8.977201 0.360598
6.961148 1.203017
13.257408 -5.226350
12.392433 -6.028881
12.185832 -5.524410
11.843785 -2.418057
12.766077 -2.692729
19.348024 -2.506474
14.485825 -0.705699
14.185565 -1.501173
14.029961 -3.125804
11.481967 -4.166091
15.256563 -2.254189
13.157721 -7.213389
13.213180 -5.417846
15.278536 -8.486918
8.574868 -6.699243
8.059979 -8.110299
5.302802 -5.794877
3.024823 -8.346777
3.075563 -7.308881
5.418603 -2.704863
3.983637 -3.469640
3.948759 -5.013077
3.728233 -4.610629
6.212569 -6.199189
3.826340 -7.195376
5.260527 -4.709484
5.063304 -2.266418
5.330026 -1.222894
5.014183 0.310793
5.667923 0.217948
7.707206 0.406179
8.364098 2.118304
6.425767 3.642927
9.674257 3.708202
8.219204 4.808197
9.834445 6.314899
9.563425 4.474893
8.916433 6.897878
8.411682 5.497064
8.514151 5.391344
6.498607 5.881053
10.330847 3.483473
7.740419 4.271408
4.144805 -1.192121
4.155771 -3.553687
