-5.226893 -15.525703
1.686763 -10.378407
6.025723 -8.054387
5.567061 -5.706851
3.942598 -7.799164
5.447077 -6.359709
6.183535 -6.728415
3.220623 -6.163407
5.336412 -3.966339
3.533545 -3.813342
4.519494 -4.644294
4.686798 -6.521341
5.192898 -3.122746
3.853352 -1.772287
4.220644 -0.057035
7.864988 0.240751
9.101940 0.422798
7.988066 2.300824
8.355717 1.494983
8.985040 2.454412
7.569517 1.602906
9.268796 3.992286
7.156507 2.755812
8.826116 2.233997
8.029263 0.827680
8.268130 3.539821
13.327580 3.504335
13.157943 9.402562
10.547260 8.965645
10.376895 14.037581
8.929074 5.809676
7.632032 7.397672
7.273624 6.169474
8.154339 6.248277
8.822874 6.989882
9.362701 4.473752
7.705913 4.383575
6.891614 2.668259
8.689278 1.549374
9.084724 0.760583
8.644083 3.010352
4.719683 1.218199
8.864341 2.242983
7.587723 1.555563
15.802017 5.339665
8.940606 3.226579
14.966806 2.914366
9.496511 3.713199
8.890041 3.208206
8.180439 2.966990
8.353320 -0.024613
8.366378 0.886171
8.510570 2.791774
8.323978 4.255612
8.788685 6.396133
8.302007 6.212584
8.127699 3.093045
6.448972 2.856139
8.689198 2.547280
8.898115 4.630819
9.387370 4.666423
13.083125 3.519562
14.280649 0.159006
15.049246 -1.304578
13.915842 -1.996265
12.804013 -1.748649
7.145078 -8.545089
5.868788 -8.590331
15.368156 -1.038702
14.333774 0.593009
19.946289 1.836723
16.450972 2.204763
17.780054 2.391976
15.914480 -1.366654
14.672230 -3.840681
11.800463 -1.718916
12.735080 -3.279191
12.814701 -3.547987
12.535735 -2.792697
12.923155 -9.050192
15.555456 -10.655641
8.769137 -7.553500
12.510608 -6.776967
10.574363 -8.350160
10.052372 -7.991930
9.903133 -8.224931
8.300646 -9.178061
9.677022 -7.053320
8.736510 -7.578563
8.194487 -7.576896
10.780789 -6.677959
8.027877 -9.830057
6.886218 -9.103845
6.285625 -8.239264
2.299354 -5.828115
5.282782 -1.789190
4.011326 -1.947372
5.382858 -1.054727
5.289324 0.777595
7.259037 5.251531
9.094460 6.399653
7.033691 3.726741
7.276322 3.201175
8.391283 0.426559
8.505378 1.495476
8.226311 1.423664
7.533524 0.432914
9.007570 -0.042861
7.060790 0.258666
8.613338 1.040573
7.874777 2.385059
8.160318 3.599359
8.514650 2.275454
9.097649 5.694699
9.749076 5.251912
9.583629 4.033246
9.766027 3.694896
5.987232 2.794882
9.509416 3.512389
9.357979 3.497852
11.350631 3.520590
8.917412 4.331015
8.875792 4.498433
8.563980 2.110641
8.204554 1.703321
6.589008 2.362534
8.354762 2.119591
8.032343 0.512603
8.209656 3.745662
8.764023 3.540555
8.364258 2.320326
8.472998 0.809151
9.072351 2.066826
8.849508 0.069331
8.767236 0.168855
11.157242 3.693738
15.851051 0.540436
14.349028 -2.016776
14.472912 0.138407
16.728909 0.426418
15.210653 -0.742345
15.989833 -1.759919
12.876251 -3.298028
15.125182 -1.756491
12.029748 -2.235793
12.169336 3.712595
11.679280 9.261811
10.188811 9.899305
9.196744 7.713306
9.368970 7.086620
8.082308 4.235255
8.035301 4.172935
6.834555 2.741033
7.775053 1.506328
9.805307 4.026917
9.725657 9.402385
13.802747 3.516742
17.412560 2.746136
14.437451 -0.095943
16.443611 1.175043
14.633695 -3.881147
11.743576 -4.200082
11.619231 -3.407179
12.505400 -9.922006
10.468026 -7.662563
10.296131 -6.927352
8.983439 -7.831029
6.840168 -8.505555
5.993842 -6.410251
5.887319 -7.379442
7.287174 -6.652320
12.003542 -9.211018
8.669554 -8.309329
5.500742 -10.052475
8.926344 -7.107716
9.806969 -8.388499
6.826806 -10.799549
7.738697 -7.639609
13.452375 -4.644554
13.501368 -6.403935
7.494669 0.863937
7.920298 0.122417
7.610685 1.444325
6.605521 2.322345
9.263633 5.340351
9.380112 4.846270
8.750452 6.150494
9.369072 3.583807
10.529316 3.661151
16.850922 4.264983
17.641266 2.946497
14.541300 2.368409
15.383253 4.349277
16.329575 5.712078
14.363192 1.917915
16.824238 1.939268
16.347198 -5.911242
12.687831 -2.913047
13.027143 -2.627629
11.655317 -4.031332
12.450724 -2.874728
12.831459 -2.078714
4.581765 -1.050542
5.126711 -0.275604
4.815639 -3.114370
4.139895 -4.483892
4.038143 -3.652280
5.384707 -2.689334
5.361170 -0.400945
5.482392 0.197799
4.562646 0.417416
5.059770 -1.458964
5.362583 -2.706136
4.790480 -2.097927
3.875026 0.033189
5.796469 0.105693
7.045111 0.262362
7.227089 1.754586
4.063208 -0.557553
5.181385 -0.863345
4.207237 0.426331
7.595309 0.868212
7.351557 0.574967
7.479132 2.220692
8.811426 0.328454
8.258887 2.279601
8.982561 2.171555
8.946739 3.406154
13.394093 3.701345
7.348478 1.434654
8.531078 3.046320
7.401565 4.755126
8.661986 2.822593
8.249578 -0.176989
7.427166 3.874459
8.473212 2.450577
7.579771 3.760123
5.754714 3.687593
7.113700 -0.184418
8.827638 0.151263
9.039012 0.209547
8.603467 0.248653
8.835868 2.271279
7.557215 4.771353
8.219050 2.427197
8.228357 0.367393
8.912181 0.420500
7.055286 0.131305
11.927335 -4.507141
12.476584 -4.203474
12.482461 -4.003001
11.535515 -2.143962
2.798122 -0.936670
4.431475 -0.239622
4.850670 -5.036662
6.900532 -7.164472
8.225203 -6.803494
9.547892 -6.780172
14.205357 -11.441470
12.067570 -5.560848
8.815782 0.827774
8.108613 4.072630
8.458622 1.948832
7.831835 2.494082
8.825516 2.850157
16.261627 1.120644
14.539213 -2.278959
10.701279 3.479188
8.666811 3.810584
8.560619 2.439350
8.381222 2.314035
7.908227 3.738842
9.108859 3.278118
8.781529 0.365038
7.613937 1.729849
11.914644 -2.358257
7.108211 -0.000607
4.924380 -3.357903
4.957595 -4.229193
4.849802 -7.468115
4.274045 -3.462692
3.925403 -1.820069
4.982199 0.823007
7.866713 1.626948
6.119001 0.930853
7.524626 1.822032
7.280044 1.828663
8.448748 1.736527
9.692343 3.575458
9.613377 4.064058
9.244516 3.430719
9.426981 6.127271
7.752377 7.228145
9.166825 6.797384
8.698935 6.926178
9.627390 9.241517
7.294217 3.561403
11.837451 3.645887
12.403265 3.534522
6.814538 5.350230
9.000054 6.724172
8.069963 6.939294
7.603810 6.124716
9.024295 7.681309
7.738785 5.563998
8.996805 6.433356
8.931919 7.657336
9.823568 6.650263
11.325288 9.262971
15.771498 12.354346
18.605709 6.299648
13.385286 10.234951
12.402386 9.844857
14.168922 10.220628
12.559647 11.549344
14.431561 12.006213
17.279205 9.024789
14.693440 -0.656608
17.212101 -0.028620
14.643589 2.622602
17.273926 3.075929
9.730558 4.983842
9.287695 5.112305
9.827263 4.391596
10.010754 3.538948
12.124570 -1.769903
8.868434 0.453090
9.384818 6.032790
9.559813 4.616108
12.688627 3.694052
8.857547 2.913385
8.767663 1.267787
15.100079 0.984098
8.989555 2.985979
9.226645 4.633069
7.766209 2.256245
5.911807 1.117553
2.252690 -3.038449
4.407012 -8.004300
4.963445 1.291935
5.136390 0.515841
5.919445 0.266114
8.135176 5.693780
9.575462 3.503396
10.600462 3.708400
11.544579 3.711943
15.975512 2.229944
14.936929 2.581028
14.432340 2.426311
14.209671 3.686712
8.899805 3.769801
7.890896 3.724771
8.818846 1.326621
6.997643 0.954090
8.052941 2.301496
8.172565 2.287526
6.830282 1.656321
8.223090 3.633818
8.263993 2.689110
7.936822 -0.212452
5.199125 0.506571
8.175739 1.103535
15.240834 1.388885
17.704020 5.770043
15.553603 1.832005
16.369211 1.456296
8.765977 3.606848
9.769217 6.788672
8.802724 4.675046
10.364153 3.433895
11.683924 3.683407
8.922584 4.156736
8.575342 0.474980
7.392485 0.074692
5.446186 -0.386968
4.507619 -4.758584
3.624989 -5.319593
7.893670 -8.674085
6.447650 -8.659236
4.471992 -8.782644
4.321418 -4.791287
8.474388 0.908281
8.665406 0.949849
11.445455 3.548513
8.498714 1.080208
8.597980 2.841232
7.343031 1.851078
7.377560 2.366572
14.203469 2.573642
15.979001 3.147323
14.409921 3.169838
12.069216 -1.760393
13.843517 -1.615651
9.583215 3.705098
8.363218 0.026082
8.224054 1.823291
6.853171 6.563658
8.161695 2.334458
13.569639 -2.897825
8.331244 0.702586
12.900294 3.786345
11.962234 3.524839
5.579897 4.752532
6.095360 6.197423
6.383973 7.391872
9.566785 8.919805
9.412341 6.472884
8.681192 5.294816
8.084170 5.884720
8.771376 10.819427
15.651681 9.799960
15.237123 5.161748
15.959965 4.403238
8.591209 2.376794
8.737836 0.514016
8.086761 -0.137680
8.901235 0.601473
9.170272 7.187758
9.563101 7.737718
9.071431 4.964073
8.484701 6.609320
5.096424 3.748787
9.046851 2.137413
15.145964 0.639551
15.828256 11.713864
12.966552 9.119761
15.714182 9.659698
14.915949 6.750906
15.249082 6.647516
15.398427 6.603106
8.826473 3.533258
6.421645 4.038118
9.846126 6.806054
15.339325 4.075384
14.699306 2.295907
14.708691 -0.475332
16.559273 -13.485229
7.900130 -7.518332
9.323948 -9.142385
9.657923 -9.402171
12.801193 -4.395031
12.756478 -3.654262
11.990658 -3.131465
7.537838 0.210698
8.326528 2.866530
14.011749 -1.663917
14.161606 1.194547
14.962350 0.249885
15.326674 3.608144
15.036179 3.913191
15.416140 3.426569
17.106546 1.208723
14.974442 -1.662222
16.862123 1.760012
