19.108946 -1.569520
16.028286 -6.222932
14.352487 0.021536
14.505537 -2.254761
12.784531 -3.940849
11.409637 -6.903910
7.438320 -7.300089
9.947244 -9.425624
9.485605 -6.762367
5.272559 -7.247746
4.549433 -3.631343
5.107598 -3.522095
4.384928 2.664953
6.039388 0.952693
6.970941 0.359744
8.063280 -0.047243
8.890487 3.165149
8.877226 1.370005
7.562183 0.242836
6.999802 2.826411
8.752031 1.291960
8.076024 0.061159
8.838890 -0.181004
9.094311 -0.134580
5.957091 -8.583312
7.687497 -8.535471
5.271608 -9.635425
5.156431 -7.956711
4.974695 -4.537518
5.007927 -2.111756
5.438902 -0.351797
5.139665 -1.615468
3.721092 -3.977539
4.700319 -5.842365
7.462636 -7.190727
8.565580 -8.570848
10.321209 -9.042196
8.208629 -8.151971
9.819385 -7.732247
8.562775 -6.750243
8.924285 -7.724860
12.896900 -2.146809
11.476835 -4.108103
6.076368 -6.988515
6.125180 -9.392043
6.579041 -8.848764
4.357775 -6.668870
9.189478 -9.489308
4.637360 -6.942732
5.047046 -4.021420
5.274526 -1.555577
4.700891 0.647074
9.418865 5.490118
8.759213 5.194915
6.904597 1.229427
8.110539 0.439941
9.060010 0.916130
8.271143 1.102283
8.550771 0.299996
17.674492 -1.558506
13.431540 -1.819580
17.063610 -0.674129
14.271673 0.064328
7.525507 4.743332
8.920406 0.418070
8.750882 0.805747
15.069368 3.559700
15.380577 6.178956
15.679697 3.066125
14.485373 1.867056
16.289610 0.489567
15.557772 1.858394
8.977001 2.600466
8.427812 0.910399
10.114059 3.597831
8.951230 1.214283
8.567481 2.412915
6.458844 0.455193
8.600516 0.498021
8.338701 2.138171
8.347259 1.436207
5.429871 -0.130990
8.894635 1.229986
14.801000 0.480225
14.522118 0.292754
8.488024 5.338124
6.550277 3.667570
6.190561 1.321185
5.458605 -0.611699
4.297718 0.833117
8.341514 2.536377
6.913603 2.439560
7.665416 2.821158
15.703068 7.524884
15.053020 4.635267
11.565331 3.698740
9.413249 3.938923
9.494315 8.016272
9.532598 6.848967
9.193813 6.648915
9.045133 2.371311
8.534163 2.854392
8.636644 3.574025
8.848722 7.800631
7.253642 7.606574
9.038079 4.645159
8.357882 4.657257
15.381344 5.772907
14.571043 1.468281
7.790088 1.274522
9.412788 3.811956
8.684770 3.517218
8.938425 4.647917
10.587109 3.703332
9.608767 4.571202
9.621683 9.336361
8.818495 8.307345
15.078246 7.948616
8.307384 0.570975
14.191142 -1.892874
12.206545 -5.717087
12.345083 -3.795278
11.733631 -2.661482
11.595410 -1.769642
12.361101 -2.618753
8.361336 1.059209
7.551370 1.756817
4.568820 0.183457
4.659774 1.051335
9.862283 -8.902031
6.925374 -0.016912
8.294968 -0.028665
6.599306 3.444493
9.061968 3.523515
8.809211 3.345064
8.933484 1.233893
7.434471 1.721435
6.676025 1.319534
8.656631 3.643000
7.955429 3.086705
4.285630 3.374763
9.075598 5.912196
14.015195 -1.758420
7.395991 0.930157
8.521179 2.181505
8.665560 0.464045
7.936926 0.372487
9.798710 3.900380
9.096457 3.473703
7.250329 2.451291
8.082067 5.839250
7.850283 3.763934
6.652624 1.508325
8.062929 3.286226
8.322992 5.907699
7.515376 5.514750
12.250383 -2.483227
9.096695 4.062657
8.725124 2.051308
11.768311 9.065471
13.550376 11.000482
8.893091 2.802607
8.894476 5.254715
8.988162 1.221189
8.628934 0.156678
7.358410 0.738408
5.012009 0.223768
8.051121 0.446846
7.322391 -0.034365
9.074657 0.860522
8.599568 0.151974
6.590103 0.637998
9.022242 0.662457
8.548361 -0.110062
6.439445 0.640068
7.876637 -0.105470
8.074289 0.450443
13.148109 3.755851
13.673613 3.474742
10.592716 3.430233
9.011717 5.654421
9.740356 6.561319
8.438157 10.506489
8.709402 10.828643
6.827328 5.681399
7.543427 3.930242
7.494373 0.071650
5.025304 -2.319319
6.437319 0.131313
8.810545 0.612674
14.466946 -2.482702
14.207103 1.925006
17.225536 -0.641100
16.057867 0.202553
12.266015 -1.938528
14.356070 -7.627734
12.145799 -3.547050
14.136371 -3.077960
14.090181 -3.204952
13.772085 3.727839
10.743955 3.518523
8.359328 4.130408
5.099779 1.238480
8.958820 0.746407
8.972429 0.159225
8.190671 1.618768
8.437749 0.248877
8.849003 4.946517
8.831800 3.089864
6.300093 3.583313
10.688080 3.503304
8.845949 1.829406
8.925084 3.014441
9.161891 4.222883
8.154154 1.302369
7.633837 3.578781
8.814741 4.191163
9.066550 4.897728
7.697992 7.302765
9.574897 9.101434
8.056217 1.409086
8.785896 1.910051
6.278932 1.391335
5.442634 0.905515
6.282412 -0.101063
4.080252 0.477881
3.735589 -5.896933
5.502761 -6.371771
3.258602 -8.486146
7.098637 -9.450265
8.678174 -9.157838
8.811102 -8.410182
4.753390 -6.770636
7.771101 0.895659
11.095387 3.458981
9.281758 4.137339
7.089164 5.951969
8.742629 1.242429
12.560201 -2.228035
15.255386 1.011405
17.380898 8.353456
15.194412 8.088367
13.622877 8.809680
18.508726 10.453219
19.728823 6.585875
11.261985 3.506963
11.777843 3.629441
12.060781 3.494882
8.863133 2.312051
8.697247 3.979872
14.367149 2.152069
17.723705 -5.274685
15.192905 -3.010650
16.088348 3.918357
14.178028 3.218486
7.630937 1.252279
8.618063 1.029246
8.854242 2.629511
16.796497 6.595793
16.592815 6.010592
12.857470 3.610503
11.456235 3.735355
8.467628 2.941914
7.997092 4.139411
7.047913 5.781258
8.323747 8.774322
8.492808 9.380611
12.035084 10.439797
15.035953 12.379560
11.351058 9.616807
6.855583 4.770967
4.539486 4.472464
7.915008 4.562347
12.117196 3.506505
12.004824 3.724830
11.891209 3.786474
7.794406 3.356341
8.823955 1.107616
6.578344 0.651847
8.060383 2.574378
8.441173 1.348436
6.181977 1.115142
8.594928 0.407584
9.100425 4.215726
8.344995 1.785691
8.604425 0.455861
7.751871 0.253085
8.719452 1.374423
8.839305 0.448155
8.299595 3.481636
9.616751 6.795985
9.007111 3.137787
7.396585 0.388562
8.137914 0.798911
8.364794 -0.069122
5.138922 -0.003927
3.524802 -8.300614
4.479356 -8.191148
11.413795 -9.436644
13.104080 -8.240725
12.396328 -3.117035
11.955604 -4.510480
6.535681 0.422861
8.920661 1.486950
4.160459 -0.467690
5.209628 -2.797515
3.536561 -4.043034
5.065914 -3.397595
3.890641 -5.812563
3.547109 -10.263360
7.609623 -6.902646
6.657099 -7.136058
5.666933 -6.787686
5.323586 -7.405560
5.324265 -3.481610
4.596203 -5.570485
5.982446 -6.900202
6.297636 -7.897303
5.480854 -7.951685
4.690171 -7.196254
6.124346 -5.850999
5.977976 -9.549366
4.959203 -7.756429
5.386363 -3.003977
5.018299 -3.091430
4.917874 -3.220803
3.630118 -0.080685
3.726860 0.497653
5.378749 -0.249082
5.532729 0.490884
3.770553 -1.330516
5.868095 0.927033
7.197072 -0.000887
9.067946 3.530748
11.320909 3.573311
10.294462 3.648194
11.830474 3.734911
8.534834 5.948164
8.389668 3.398754
8.235472 4.100134
7.057934 -0.185718
6.775318 1.056967
7.638341 -0.040674
8.757953 0.457266
7.649397 1.931564
8.749359 2.467969
8.237161 1.986969
7.272448 1.954301
5.937666 6.754333
9.456405 7.165489
9.833172 8.795305
9.271322 4.858504
9.019727 2.860794
7.615164 4.708100
8.085902 7.190555
7.539625 5.507874
12.317282 9.367438
12.817839 11.193462
9.072332 10.146276
9.748383 8.132964
11.682076 15.297359
11.774703 12.877017
13.731495 13.858146
10.109423 10.327879
9.568192 13.179183
12.731887 8.867654
10.499557 11.300862
8.141279 4.451861
9.588352 3.847504
9.132928 5.305057
8.489246 7.745574
14.606038 3.432224
13.333838 3.665128
8.928089 1.390361
8.282208 1.223985
11.463380 -2.004337
7.898713 6.628548
15.301221 5.141760
4.892680 -0.282664
7.199579 0.910013
7.598894 1.892206
8.705890 2.237229
11.279766 3.694786
8.663766 5.547545
13.757027 3.480509
12.035428 3.613115
8.528304 5.247756
9.514874 5.291840
8.244435 1.310427
6.465754 0.266429
6.337593 1.004900
6.544200 3.632200
7.988615 3.031114
7.673529 1.410144
8.799166 1.955498
11.517630 -1.877753
16.302954 3.964999
15.367084 4.308665
18.383467 2.067173
17.454302 8.643245
17.725029 7.995991
17.554178 4.219380
10.127042 3.589619
9.657208 7.142403
9.565420 3.904262
8.342973 1.279336
5.995553 2.367300
9.451549 5.141623
13.669353 11.269536
11.423862 12.318789
11.262662 12.272672
13.225479 9.136008
15.778587 2.748917
13.484694 3.782362
12.509151 3.554455
14.138595 0.076149
14.590260 0.485969
4.903502 0.783986
7.267591 0.280572
9.262880 -8.789581
7.833848 -10.036040
8.619287 -7.959826
10.327560 -8.154777
7.217741 -6.769179
10.929837 -9.744185
8.077832 -7.694056
9.687560 -10.804184
9.003119 -8.609206
7.838478 -8.629235
10.906399 -7.121685
7.519953 -8.408025
8.679618 -6.695701
4.946891 -7.819840
5.015440 -4.006538
4.345149 -1.420255
4.054589 -1.780552
4.365032 -1.244283
1.321490 1.362249
7.343356 0.003474
13.079896 3.784792
9.095654 2.173822
7.520349 0.894681
12.609504 -1.915510
11.750603 -3.201105
11.946155 -1.619201
12.481746 -2.250049
12.894156 -2.271060
6.326543 0.199063
8.903708 0.062894
9.023512 2.970403
8.327624 -0.017200
9.034758 3.121468
9.762988 6.914228
7.671981 3.442782
8.977968 4.556117
9.810782 5.774537
9.123528 5.227463
8.154876 2.261823
8.408643 4.796286
5.696059 3.184643
7.760230 2.382606
8.527218 0.582043
7.405668 0.126786
5.383041 -2.364317
2.622290 -1.519098
5.876502 -0.016426
9.009182 0.370065
8.147357 0.579487
16.618494 8.057469
16.844307 5.502247
19.443409 3.214550
15.820836 5.241702
9.405182 5.575032
9.425956 7.046357
13.300571 -1.717649
11.965196 -1.664655
13.701166 -3.423424
6.304609 1.986247
8.801680 3.247467
8.894616 0.404636
8.255053 2.804808
8.754071 1.211535
9.432602 5.168747
8.860774 6.728869
8.644806 5.373082
8.607014 9.708746
16.640459 -0.104753
11.250196 -1.641520
16.704475 -1.447506
14.791033 0.571231
14.683233 2.879882
10.428269 3.447278
9.317913 4.899243
16.232050 -1.166067
14.182835 0.661712
17.960672 3.582540
14.521958 1.669626
9.044338 1.846223
8.363175 5.032670
6.750129 6.788064
12.935806 3.705128
14.523532 1.047572
16.447189 3.441027
14.533316 -2.307791
13.602200 3.774348
9.209345 5.700629
6.296126 1.199335
8.459095 0.250891
8.896405 0.628356
8.695973 0.254182
7.406445 6.111527
6.605283 4.734717
9.401807 4.051731
9.439363 4.874829
16.185616 6.989753
11.327116 3.572204
11.782506 3.542378
14.151920 0.514002
15.783514 0.977396
14.865828 5.145904
15.033213 5.360494
16.132219 7.426976
16.115070 9.374795
17.714096 6.590617
13.185778 10.517859
18.238186 14.776893
10.188189 10.321177
8.652920 5.870787
9.764666 5.221411
8.868107 4.554988
9.045073 5.096278
9.475712 6.286240
8.558668 7.656520
8.727276 5.456801
9.119788 6.607842
6.812219 0.900780
8.027391 0.516077
6.691759 -0.075845
5.581319 -0.043289
3.933052 -1.485633
4.073875 1.125297
10.790530 -1.625504
9.579121 -6.726641
4.592010 -7.631466
6.659650 -6.775691
4.772117 -6.524014
6.429246 -6.363607
6.436509 -7.691466
12.176911 -6.545279
12.546198 -5.129002
14.228229 -2.894442
12.169256 -5.290010
11.686875 -2.168381
7.549909 -0.096877
8.477441 1.607910
8.585773 0.767807
6.284782 -0.025600
2.490656 -2.869838
3.176395 -3.548944
4.824503 -4.524863
5.107937 -1.661883
5.463361 -3.015834
5.154066 -2.354755
5.364736 -3.003528
3.719324 -0.816398
3.357680 -0.839994
6.206774 0.233527
6.494119 -0.159205
7.556423 -0.089896
8.884880 0.034665
8.310474 2.630878
8.763049 3.164599
8.014152 0.961683
8.833542 1.804443
6.493262 2.219567
11.114511 3.615634
11.073110 3.666522
15.876404 5.235409
10.560505 3.721572
7.178288 2.085763
7.640859 1.195811
15.410283 1.694237
9.585531 8.302541
7.256575 6.334909
7.475665 7.698649
16.477226 1.539444
14.470219 3.123948
16.675837 2.217945
16.540085 2.710908
15.027255 -0.030025
17.587194 3.018280
14.291178 -0.742846
8.667522 3.862574
8.716886 1.134291
8.701047 1.498544
7.378203 1.643340
6.534654 1.080996
7.590575 2.753694
9.722541 3.762643
10.716663 3.448784
15.766891 3.851196
14.420965 3.624464
8.919435 4.645317
6.589359 6.175999
7.421316 3.959166
6.026724 0.364748
8.509158 0.798678
6.709806 2.972576
8.987696 1.244495
6.179395 6.011216
9.681987 5.048604
9.601091 3.851485
10.593351 3.520199
8.979708 3.800236
7.557798 1.859714
7.804113 0.233416
7.300448 0.830618
7.165125 1.429275
6.988272 0.883716
3.824141 2.500502
7.333130 2.585675
7.077866 0.497130
16.266722 0.113309
19.622768 -1.076051
16.826611 -1.275768
19.216980 -0.243607
15.323919 -2.389486
11.981923 -2.802368
14.844925 -0.411959
14.607014 1.526649
17.902639 4.440972
9.739056 3.592016
11.664885 3.652180
6.891439 3.818402
7.924203 2.658100
8.285328 1.675239
8.405499 1.427735
7.499335 4.438855
7.857932 3.085546
8.927047 1.215336
5.085159 3.045872
6.573905 4.545145
8.220820 5.084565
8.086263 4.025814
8.204882 5.081306
8.657824 3.099856
8.665514 1.445207
8.508600 3.036734
8.245643 4.569460
9.338757 6.960539
9.422736 3.879855
8.347243 3.478290
15.325026 2.571012
18.690624 5.748772
15.951468 -0.696191
14.490963 2.082588
14.746580 3.659218
12.530059 3.777050
9.140615 3.582271
8.346515 6.351130
8.934104 5.212932
7.301304 3.271306
9.852118 3.986610
6.248091 3.370297
6.927369 0.078869
7.986090 0.397748
11.540449 -8.409253
4.174415 -2.383517
3.829202 -7.243329
7.393102 -8.380476
7.536792 0.237436
5.180754 -2.827933
6.167695 0.394614
5.387830 -1.189090
4.977298 -1.430001
5.209292 -5.107986
6.984316 -7.572354
12.639277 -10.923941
11.660775 -2.042207
10.043933 3.501359
8.550786 2.696387
9.370143 5.077319
8.763054 1.746314
8.263860 0.203386
5.979541 1.225595
7.357554 2.254074
8.206614 3.681299
8.864397 3.480893
7.710682 2.676621
9.424896 5.891076
9.457991 6.486083
8.100836 4.295335
7.128542 0.561956
9.781635 5.098422
9.574329 7.463138
8.116244 5.680041
9.660233 3.797350
10.470370 3.658788
9.202765 3.521532
17.709261 3.355468
15.870998 0.951706
13.379993 -3.372172
10.675797 -1.633422
11.745710 -1.743868
4.960129 -3.835747
3.211938 -4.235538
4.957071 -3.846782
14.115377 1.955623
17.249599 3.099082
8.364861 2.349048
7.961541 3.803896
12.305115 11.189450
8.539150 8.362628
9.827532 7.111342
6.361970 7.848949
8.448449 4.213993
9.003839 3.157883
7.681893 2.133193
8.727683 0.627664
14.449921 2.174790
15.807674 2.981680
7.975807 3.367217
9.518033 6.584096
9.587563 3.593743
8.844546 3.141845
7.890779 3.620155
8.934337 2.550292
14.850221 3.344525
14.924527 7.650289
14.974741 13.675342
13.362038 9.721583
9.041672 1.308313
8.452592 0.846954
8.473480 1.152249
15.168209 10.722961
14.815781 3.509988
17.059738 3.534385
15.788562 6.205928
16.070969 4.591974
8.001629 3.106104
8.527466 2.424836
7.636158 0.632254
8.924606 2.246439
10.642948 3.592331
12.424034 3.753289
12.769349 3.566186
9.695195 3.803964
7.229653 3.284544
8.299608 2.044327
8.326939 3.637684
8.924355 6.310672
8.648360 4.517902
8.690520 5.676435
7.842638 5.845009
9.166962 5.406702
9.778133 5.982082
8.401367 10.307099
9.574444 8.878031
13.911537 8.882322
11.402049 10.510628
13.729837 11.477334
14.906097 9.041209
15.527605 6.361346
16.742146 2.354258
15.180242 7.291863
14.965951 9.554160
13.247345 9.541266
7.128592 5.322922
7.131304 2.363262
5.847473 0.043293
7.538489 0.188783
7.737642 -7.821595
10.627106 -6.838254
12.947569 -4.304588
18.230068 -2.446575
15.385977 -4.488102
14.423642 2.997749
14.161211 2.700894
14.599113 2.430786
15.255932 2.283055
15.370831 3.984719
14.259161 2.412858
18.569681 2.571512
13.962450 10.546029
11.899075 9.582356
12.231276 9.514770
10.103720 8.855130
7.997398 4.794662
9.381493 6.281312
9.383115 8.585782
7.634327 6.622959
9.789743 4.764406
7.500780 6.925135
9.781720 6.680421
6.548373 7.566732
6.916495 6.617327
8.462029 5.912096
9.370285 6.302311
7.274884 6.079469
7.882979 8.188087
9.187132 5.481357
9.408001 4.343230
8.320921 1.003461
7.058530 1.360798
8.125973 2.792117
8.192739 2.876502
6.885134 2.575863
9.705860 4.320648
9.590235 5.052224
15.255558 4.129910
12.298150 -5.287244
7.190864 -7.018223
9.194549 -7.229886
7.319314 -7.662770
8.131042 -8.036010
10.696993 -7.909224
13.316144 -2.164263
13.635310 -2.528048
12.438526 -6.817835
11.711344 -2.486699
10.075707 3.559324
13.849180 -5.278045
12.692111 -2.675087
13.610345 3.662431
13.648953 -2.209696
8.980237 0.244171
8.977638 1.368328
13.663820 3.674379
12.300732 3.753455
11.450444 3.525985
16.075005 4.411752
18.316105 -2.196230
16.607323 -3.939600
12.371655 -4.280959
13.692734 -5.330090
13.132065 -3.745263
12.357977 -1.919864
4.915073 -4.092216
5.352168 -4.044341
5.300887 -2.594410
7.167109 -10.007977
9.660300 -10.704919
7.819641 -8.134538
6.413738 -6.707729
5.535912 -9.293448
6.557051 -8.147729
5.200500 -6.960540
5.215315 -3.223238
7.947962 0.386439
8.239359 0.655804
8.813897 0.258198
7.280776 1.175811
8.864202 0.771511
14.694204 2.949162
14.842253 3.781148
10.281761 3.576503
12.278117 3.575798
8.696972 2.039261
7.236792 4.810524
7.652686 1.852607
5.388008 1.023464
4.445363 -4.033755
5.070042 -3.733505
4.416642 -2.672392
5.202226 -0.017557
6.042387 0.823503
4.497992 -0.295598
4.840719 0.276576
6.692450 1.125156
8.782267 2.131969
8.063176 1.161447
7.933559 0.792937
9.065471 2.880352
7.963874 3.964489
9.631160 3.903911
9.229071 4.610386
8.864213 4.806088
8.885754 2.818803
8.858031 2.953966
7.611946 4.733303
8.796606 4.515575
12.795545 -2.054557
17.193459 -5.725623
14.577160 -1.603468
15.174356 4.181466
12.753575 -3.132971
12.077621 -3.266695
8.766349 0.057085
7.310643 -0.025586
9.077589 0.626352
8.876771 2.560341
9.250728 6.479443
8.687502 4.139471
9.292959 4.202009
8.720300 0.205699
7.630931 0.406775
7.802832 2.230787
7.547473 2.448567
8.142262 2.051145
8.190829 0.213283
8.271449 2.398270
8.392492 4.043223
8.968866 1.641170
9.617929 4.007949
9.369067 6.652815
9.825547 5.635568
9.706525 5.666982
7.560499 3.186059
11.794267 3.573860
10.846471 3.444588
13.016757 3.499338
12.215650 3.567053
14.489703 0.229744
15.892831 2.043628
15.410057 4.802490
8.431824 2.626988
8.116165 -0.052266
9.021565 0.754184
9.043394 1.727052
8.747964 2.064545
6.530141 1.013588
8.588541 2.357227
7.409928 3.544064
8.204950 6.957987
9.583824 4.857734
9.770572 4.685500
6.621606 3.977842
6.312472 3.906027
6.061056 5.491760
9.522079 6.447238
8.400998 4.365507
8.429737 2.717911
7.268436 1.681491
8.515694 3.944868
9.110647 5.192829
8.935216 4.979770
11.410664 3.746766
12.073566 3.655417
14.085666 3.752384
7.169662 -7.757763
6.044405 -7.071141
6.425025 -9.261479
7.758018 0.538578
7.757515 0.595814
13.702239 9.948348
12.511658 9.078118
12.231545 9.730822
9.785612 6.076813
6.734432 4.011293
5.570517 2.802510
13.107262 3.752606
10.395820 3.434786
8.985424 1.195712
4.199622 0.783294
7.917179 1.627987
8.046909 2.551874
9.071996 0.777699
5.581350 1.693876
7.426515 0.997222
8.279880 1.023397
14.861856 -0.576958
15.469413 -1.226891
12.569145 -2.661787
13.723223 -1.652357
8.275330 3.449534
8.939373 1.998080
8.641826 4.296275
9.526031 7.558460
9.619528 6.046785
8.549202 4.919787
8.543742 4.662999
7.259754 4.942045
9.007084 4.551844
12.035387 -7.740918
9.592819 -8.241880
15.452885 7.890335
15.998507 1.563408
13.444683 -3.383362
16.591408 0.014365
15.110836 2.461983
15.273312 5.994661
10.214924 3.590262
14.810119 0.899840
14.622295 -0.246939
7.209796 -9.903382
4.020382 -9.012947
8.992489 -9.599685
11.683408 -3.046223
14.004307 3.681025
15.246061 0.232831
7.883439 0.302763
8.769983 4.223139
9.102907 0.497668
8.604942 0.610091
6.845529 -0.092206
7.688030 1.631412
9.103005 2.158005
8.104858 2.808737
8.784279 2.284142
8.992255 5.593344
9.658972 4.300126
12.908965 3.765110
19.501289 2.670238
16.744692 7.863346
18.560726 3.014690
16.137228 2.649280
15.499165 3.472775
14.154886 3.670259
8.621668 5.281502
9.356311 8.996083
9.074676 6.265003
9.679898 5.601539
8.584864 6.125245
11.629764 10.523549
11.945548 8.868847
10.785227 11.623366
13.127900 11.638658
15.353430 11.356765
8.138055 11.780049
11.206381 3.691187
10.869188 3.756126
10.493887 10.781928
10.388924 9.237940
15.204776 7.198957
18.329336 4.196928
14.894864 4.732334
7.216847 7.374705
7.837943 6.340832
9.511174 6.320518
11.077298 3.437487
8.805254 5.265710
6.799308 0.324519
6.091933 0.048118
9.804007 4.143763
9.316611 6.611716
9.654775 6.384599
15.313469 5.370067
16.209558 3.751451
15.266528 6.553642
12.781425 14.780518
13.348463 9.114085
15.375329 7.284811
10.792130 9.024894
6.463197 1.547124
9.829803 4.188823
9.824621 4.255013
9.717106 7.267588
9.560557 5.955875
9.176070 6.124535
5.288870 1.266355
5.644253 2.615911
6.272032 2.905013
6.821703 2.640250
6.522716 2.282293
6.765552 4.658484
8.075258 3.598886
9.667888 3.473123
10.429416 3.567438
9.944870 3.521725
7.967599 5.235879
8.785661 2.067576
8.467390 1.966628
8.838986 4.471119
8.400562 1.138037
8.597365 1.113276
7.790128 0.799743
4.803891 -1.693760
5.423332 -2.274230
10.398125 3.433715
9.633608 3.447639
7.643411 4.498393
8.281647 2.787458
8.095536 0.176362
4.791347 -1.725905
3.695225 -7.434873
9.514444 -7.014387
10.871688 -7.456398
12.992579 -4.869534
13.656925 -4.708972
15.569675 -0.638669
15.564112 4.906953
16.065269 10.379867
13.336828 11.299294
11.342397 9.561631
7.050076 9.438859
7.489543 5.517189
8.296301 4.269217
8.583911 3.579241
8.013849 4.864481
8.292001 -0.115581
8.437646 6.058798
7.828958 6.513344
8.758732 6.106508
9.615667 4.484362
9.152203 3.810435
15.490442 4.905888
15.258215 5.242476
12.500676 3.599863
14.968607 4.521116
12.022737 -1.705762
7.508086 1.422582
8.113333 4.668339
7.888069 1.473226
8.629223 1.263214
12.999424 3.451742
12.410910 3.723988
8.979422 5.236000
12.603633 3.540972
13.338822 3.494915
8.671320 3.665026
8.558558 7.987360
9.407736 5.483701
9.362298 6.732178
8.042009 2.216154
15.045795 1.066627
9.304520 3.658276
6.887855 1.337756
8.585032 -0.108521
9.964405 -7.131433
6.098490 -7.574108
12.832774 -4.929564
12.094742 -3.320273
12.222502 -3.694433
12.694405 -2.703501
12.178327 -1.718945
14.991675 -0.843476
15.437784 -0.849667
14.197603 1.259003
15.683516 4.706067
17.568108 3.616836
12.793058 3.774394
8.963306 1.479146
7.027262 -0.096325
6.194160 1.736522
18.154913 5.102742
9.408662 6.059166
9.966966 3.645863
8.718446 10.674884
11.024767 12.588181
10.412420 3.556955
13.024888 3.548311
11.224009 3.677980
11.896238 -6.629773
10.854227 -8.592854
11.554415 -12.079589
13.313828 -1.825744
14.973289 -3.332688
16.961187 -3.579500
16.109852 -0.778477
14.587570 2.702281
5.079888 0.082538
4.925699 0.042072
6.101361 2.517637
9.964318 3.670332
11.964001 3.654952
8.439711 3.286971
5.633137 4.780412
7.818396 5.291870
9.532383 6.705777
8.608356 3.549114
7.744534 3.027627
8.804286 5.297084
8.297737 4.474365
8.751987 1.088704
8.194474 1.556168
6.640073 3.108232
8.223217 1.498252
8.649425 1.697507
8.950727 3.353266
5.402811 2.703028
6.522627 4.272823
9.593283 3.487513
8.730424 4.309595
8.093568 2.726075
8.679145 5.383572
10.658157 3.701926
11.249761 3.774699
8.763825 2.532206
5.860481 5.411757
9.597572 4.376769
8.060903 1.535586
7.906105 1.734020
3.712663 0.054892
8.406611 1.462666
8.234903 3.205425
8.641856 2.277530
9.088300 0.204418
5.047606 -1.154854
4.757895 -1.797691
6.402762 -5.704913
5.308753 -5.797941
5.187185 -7.610597
7.651839 -7.082000
5.167565 -0.468375
3.260669 -1.485124
2.989857 -0.747019
5.653631 1.097884
7.904831 2.150503
8.548163 2.516126
9.398442 4.039032
5.848824 6.059021
7.707973 4.871662
10.669889 3.729526
7.681970 1.562659
7.094148 2.055238
7.863400 5.402236
8.202292 4.675059
8.154712 5.245452
8.177621 2.075070
8.046042 1.228585
9.077363 0.258012
11.411748 3.732191
8.953388 0.418770
8.854688 2.029126
11.935577 3.504372
11.486698 -5.151254
11.967838 -1.604723
8.866236 -10.232804
7.748747 -9.057052
10.761919 -9.236612
12.452087 -3.722151
8.851928 -6.989403
10.683222 -7.484782
9.070291 -8.209502
9.829510 -8.482931
7.150532 -11.156222
11.348368 -9.532337
8.932257 -9.498118
11.103754 -6.921532
10.938055 -7.769910
9.747471 -10.874059
11.943195 -5.488276
12.574307 -5.973540
12.080308 -5.136870
14.524716 -6.719007
10.159811 -6.653962
8.470994 -7.528729
8.522829 -8.820331
8.526148 -9.497661
9.307584 -8.189342
4.740051 -7.477842
6.649622 -7.867235
8.061391 0.499203
8.244164 -0.125825
6.563630 1.402056
6.431910 1.965922
7.223206 0.106850
8.661160 1.124570
9.020332 4.804199
7.476052 -0.002739
8.973166 0.748027
8.670315 1.904831
8.993883 1.830965
8.548146 2.520247
7.509574 1.101427
8.592335 3.624808
6.894930 1.561057
9.302118 3.597734
11.282451 3.573399
10.651369 3.781199
12.280381 3.769485
16.989111 3.794020
15.751917 -0.906296
14.426315 -1.106239
10.912233 3.510504
10.412481 3.706539
8.596577 3.493947
8.886333 1.540231
4.829629 -0.248702
8.332586 1.002714
9.679499 3.599891
8.589034 3.461610
8.021065 2.999667
8.843361 2.681813
9.021403 5.923623
8.996724 2.215744
7.546858 2.395764
9.051384 0.001137
8.256692 0.104102
7.807980 0.478643
8.950502 3.589420
8.368495 8.238717
10.637843 10.017870
8.066792 7.279331
9.416897 5.725162
9.830986 7.431818
6.594597 5.006720
7.998416 3.105505
9.085706 2.555314
7.813471 1.234017
6.812011 2.554068
6.040663 2.097509
8.385565 3.475883
7.979079 5.462389
8.514977 7.928995
9.733609 3.512196
10.957950 10.274330
9.200887 8.205092
15.005112 3.232189
14.850874 3.307748
14.846708 1.115088
14.909174 -2.943897
15.279303 1.979824
15.003485 5.440449
9.587786 5.638153
8.297007 2.591893
8.929747 1.304628
9.075859 0.381437
7.756436 3.159810
8.193021 5.128356
8.429430 1.233541
8.428749 3.212458
7.904268 3.406905
8.655970 7.741870
14.144467 -2.234376
14.885666 1.814385
15.752237 0.801658
15.988464 -4.519429
11.989328 -2.004154
6.471732 0.731701
8.573658 1.927586
7.761408 6.238544
6.979052 2.319666
8.761955 3.984427
7.010250 0.265986
8.422194 2.284371
6.257089 4.546616
6.269442 5.006110
9.779089 3.562874
8.972420 7.385866
8.881990 3.863739
9.308752 6.362081
7.447836 5.258253
7.766786 5.073780
6.458331 6.587753
6.517334 2.050350
8.432226 2.494766
6.925041 4.259538
9.040783 2.708357
7.998316 6.911348
7.626072 5.681751
7.318422 5.898931
9.509689 6.452834
8.418386 3.890654
11.771154 3.562181
9.184179 3.827064
11.494587 3.536320
7.257186 4.526725
5.085133 2.350841
7.592813 1.825925
8.694169 1.804288
7.463923 3.241405
7.789799 5.195040
9.519328 4.107818
8.892433 2.912900
8.413202 4.030487
10.109026 3.666780
8.857346 4.145818
8.703407 4.078093
7.149109 2.904011
9.968762 3.492585
7.892305 5.702984
6.600113 1.261888
10.635936 3.688263
7.358990 3.069855
10.843000 3.775386
19.033728 4.146341
19.532375 1.647422
15.018973 3.009845
14.968363 3.527969
14.869667 5.430944
15.452712 7.273951
16.621462 4.018919
14.312832 2.907534
15.994089 0.151058
16.432657 2.875175
15.241644 5.719500
15.763926 6.565457
9.650129 4.892804
9.609512 5.279394
9.778849 4.404060
8.287471 5.720558
8.986581 5.467525
11.261457 8.865683
13.103807 3.616455
14.341259 2.478730
19.375692 -2.903662
16.007668 -4.554456
15.992692 6.974321
5.787704 3.808258
7.275548 1.298370
8.785296 5.155054
9.327037 4.763712
12.924946 3.728794
9.723383 4.763830
9.079850 2.529664
7.740211 4.775559
9.717851 3.964220
8.757221 5.507000
9.814162 4.843617
9.263117 4.448699
9.187642 3.616339
9.027335 4.128964
8.437559 3.533280
9.626556 4.994501
16.630188 2.287165
14.100487 -2.719002
11.919502 -3.326743
8.928585 1.288673
8.570062 1.404767
9.095226 1.289461
8.696486 3.057708
7.904343 1.549500
7.498250 0.698229
6.962908 0.131027
9.270166 4.121456
9.346767 6.872625
9.192583 7.950748
8.708795 4.344097
9.256375 5.039656
8.731795 1.996849
7.789443 1.662863
8.444499 2.693922
15.302730 4.644150
15.062243 3.698751
14.718806 1.515236
14.538950 0.303454
14.897497 5.692608
9.728530 4.053525
8.265698 6.483867
8.708162 3.787387
7.824123 2.508616
8.487379 2.049818
7.829906 4.538218
7.790159 3.289285
5.723237 -0.063560
5.900792 0.683920
4.650908 -0.096966
8.365147 0.236061
8.545472 2.762965
8.546687 1.723116
8.022652 1.954991
9.083391 0.317831
7.718349 1.478491
7.916544 1.299432
8.997720 0.602062
8.877707 0.555874
8.876740 0.861354
8.484642 0.575562
13.734802 -2.878546
9.039502 4.915808
8.316033 2.816200
8.517036 3.931139
8.622405 2.536024
9.471154 4.156193
12.177677 3.477232
11.264984 3.695860
11.720833 3.603967
13.692966 3.629397
11.908003 3.631518
8.475069 3.544134
9.367949 5.381794
8.594177 5.025604
8.771420 2.011273
8.813397 4.299391
7.684752 1.174293
9.714497 5.369559
9.318658 5.725264
7.096506 8.551002
6.788235 7.449113
5.901319 9.639117
1.374656 8.023627
-3.534240 14.644185
