12.216967 -15.202338
8.827803 -10.476655
9.915202 -8.638703
5.160892 -7.399794
5.824694 -6.071877
7.150865 -8.395514
9.446175 -7.386048
10.366941 -7.435407
7.791997 -7.443141
7.862247 -7.768596
5.972356 -8.327493
9.332226 -8.908398
6.336611 -7.464049
10.423100 -9.184043
9.440252 -9.607388
14.948883 -8.926484
12.336121 -4.202814
12.109970 -4.527368
13.373557 -4.191794
12.934771 -4.224242
11.920125 -2.364908
11.916928 -2.051983
15.425692 -4.276744
16.294691 -4.260398
14.729626 0.461420
17.748938 0.723516
15.165962 -1.439140
16.011978 1.335448
15.067532 4.471285
7.197709 0.197383
7.918237 2.039674
8.554181 6.767161
8.352890 4.900366
7.417586 3.752663
12.037097 3.524333
7.650396 3.451606
10.232054 3.610451
13.053260 3.425864
9.037807 1.788645
8.285181 1.288498
6.406407 0.929308
5.399330 -0.125393
7.173363 1.166689
8.146989 0.869989
7.029777 1.319419
6.049994 0.267219
6.064990 0.418989
3.748734 0.232636
4.988177 -1.983374
13.102079 -2.956560
11.633667 -1.903214
12.104572 -3.077530
8.133625 0.049201
7.762274 2.044902
8.821534 1.518939
4.933002 -2.199512
4.952661 -0.302430
5.410177 -2.959358
4.664037 -7.687519
7.847482 -8.942147
14.349445 -8.405896
12.308247 -7.518495
8.509825 -10.041432
8.909708 -10.539040
5.526825 -5.649017
6.407655 -5.789651
7.368060 0.378218
5.143180 -5.176419
2.422886 -6.948453
5.396550 -4.157224
8.918536 1.057453
7.123099 3.128992
7.644909 4.971886
9.616613 4.901672
7.175832 2.666125
8.917838 3.882009
10.506445 3.702585
6.470390 3.516071
9.275061 4.005156
8.122465 1.788405
8.878160 1.229532
8.708899 2.849881
8.072404 2.410198
8.657287 0.261352
7.994529 0.434253
6.073114 1.449714
8.748058 0.916833
10.982678 3.416362
14.024796 3.648319
12.403214 3.563711
12.232456 9.697497
16.543552 10.411988
15.073993 7.267641
9.386288 5.113127
8.156231 0.329899
8.303149 2.521271
8.202962 3.344584
7.383806 2.330627
8.658900 1.575605
8.530600 2.440264
7.666149 0.950860
14.310058 3.112806
16.138380 1.388951
16.809090 5.462178
12.130511 3.439747
14.653123 3.317257
6.658789 6.638293
8.964746 3.656412
10.935312 3.647212
14.196089 2.100599
14.311869 -2.365407
11.727482 -3.839004
3.891858 -0.360710
3.943028 -1.429540
5.741622 1.261578
4.463843 0.276088
4.150566 0.938487
5.562819 0.300327
3.683121 -0.314241
6.255889 1.293689
6.649228 0.774317
7.178257 3.166609
10.952170 -1.637211
10.697250 -1.605857
7.646428 1.102487
7.932585 1.327512
8.442940 1.359880
15.291773 3.551706
16.591221 6.318579
15.498884 5.921069
14.863876 6.919432
7.794742 8.574409
9.330209 8.510015
11.079002 9.413150
9.703428 7.157057
9.450548 7.980569
11.881369 9.414393
11.038028 10.182168
9.172605 9.137425
12.056422 10.363937
7.935073 9.076198
9.654647 8.087871
9.921052 9.225646
8.988120 8.462597
9.505764 5.156345
10.543784 3.669639
14.491119 1.732073
9.421028 3.722115
11.829499 3.756220
18.698893 5.876500
13.143557 -1.971541
15.334320 -4.902988
9.744519 4.117364
5.347030 -4.076447
12.821436 -4.042167
16.624941 -4.753170
14.419384 -2.954062
15.049561 0.708968
15.320900 1.857006
14.015834 -2.797370
8.542542 0.830560
11.885242 3.570373
15.403315 3.122835
19.945545 2.018539
17.024139 2.734821
14.645216 0.875775
8.937379 1.242197
12.956048 -3.056738
11.656045 3.554665
7.030396 4.598416
6.044297 5.234346
5.391218 4.112973
8.063964 2.921907
9.507730 5.100867
9.812004 4.209095
9.479120 5.334840
8.715708 2.400494
9.394702 7.006162
9.835260 7.556062
8.003080 10.730203
8.447661 8.496766
9.011723 7.726452
14.545157 11.275764
14.007545 12.040979
14.084585 9.102365
12.332720 10.357564
9.930717 10.727332
10.064254 10.324829
9.345315 7.187824
9.469643 7.121699
8.156199 7.143427
9.472346 6.512537
12.812690 3.622743
11.050342 3.773992
7.103200 -6.652511
6.252808 -9.497286
5.326136 -6.039306
5.461192 -5.055378
6.330124 -6.114689
8.783390 -7.336771
8.303185 -9.070296
7.031081 -7.509857
8.904691 -7.217780
9.166361 -7.249505
12.107096 -4.797110
8.263658 -0.119766
10.397470 3.416543
9.107256 0.644158
10.052369 -9.146033
11.283146 -7.048260
7.559887 0.280704
13.747363 -2.113871
14.412042 2.103037
10.834855 -1.606256
14.513993 0.645224
14.923425 -1.125330
15.786795 2.641751
14.900989 7.070757
11.246369 9.233850
8.981687 8.486411
5.880068 6.428346
5.780849 6.874451
7.173099 2.953059
9.838097 6.200080
8.999854 10.388775
11.353719 9.506858
11.701761 10.952020
5.035617 9.701062
9.750941 6.895995
9.785212 5.856086
8.123652 6.102064
8.074781 5.509936
7.691764 5.929197
9.257800 4.657295
10.898202 9.718677
12.827311 10.993002
12.592047 11.365425
13.089569 9.410848
11.047987 11.633956
11.889935 11.304718
9.829781 5.577930
8.837188 4.496184
7.649332 4.321075
10.020867 9.285547
11.867727 9.530186
7.932127 8.582636
9.870178 10.509932
11.413876 9.366986
15.406914 5.174907
14.352910 2.413404
16.049524 4.046833
16.618053 2.277439
17.207169 -0.755743
14.756035 0.397198
11.579212 11.517803
16.782234 8.820855
8.725775 3.041440
8.144112 4.101117
7.892496 4.641705
8.165775 2.781312
9.737294 6.424125
14.822113 9.259795
15.573819 10.632771
13.816684 11.167946
15.850562 9.898055
13.919426 13.134780
13.255329 9.837852
7.427938 7.726228
8.721783 4.540428
7.099873 3.887322
7.114129 2.030720
4.579020 4.559254
6.654216 5.823166
8.815627 5.132441
8.011157 2.510586
10.201281 11.075161
11.135720 8.834849
16.245827 4.749823
14.689757 3.373903
8.768065 1.391120
8.343342 1.843655
8.668777 4.741535
9.227703 6.192321
7.671518 4.692563
7.008683 3.679883
7.240065 5.255693
7.047064 8.222512
8.365744 8.509150
10.581154 10.219019
6.761430 6.681780
8.866084 3.399845
11.746328 3.728081
17.560230 3.549971
16.437965 5.360977
15.700650 3.391714
15.832510 6.778395
15.045971 8.175428
12.788139 11.070682
8.730005 6.841654
7.671200 3.768252
6.699900 5.362744
7.841493 4.123615
10.847783 3.502730
8.414006 2.116590
7.820797 4.871929
7.262805 0.894452
8.174953 2.793229
9.476297 4.894783
8.459828 3.319417
9.090324 5.550696
5.538592 2.777085
8.058581 3.690386
8.176373 -0.020782
7.762586 -0.042320
8.436962 3.230519
8.260372 4.334642
8.704847 3.819656
8.886918 1.495784
7.755977 4.103182
6.952316 2.725205
9.311934 3.712866
11.789004 3.453055
8.787780 -9.428920
9.915539 -7.525509
8.637691 1.698691
7.464844 0.418623
5.783998 0.132133
8.241293 0.963834
9.026290 -0.205126
11.523638 -1.793779
13.141117 -3.647404
12.885542 -3.608287
13.658108 -4.111290
9.480564 -11.380630
7.568565 -8.078395
6.825473 -7.272649
5.354933 -8.709624
10.284016 -8.311328
9.484713 -7.940765
8.108540 0.235277
5.145000 -0.874488
7.691389 -7.188876
11.891466 -9.499005
11.747463 -3.598128
7.520051 -6.667072
6.860935 -7.407219
8.071091 0.158875
8.888080 1.080270
14.152395 -0.113429
14.359224 2.169176
17.225746 6.670621
15.345378 5.161425
16.334372 3.734912
14.460993 3.684037
14.853064 1.396713
7.117066 1.432387
8.802252 2.435567
8.700752 3.473697
7.808142 1.220911
4.293156 0.864542
4.765984 1.242153
4.991124 1.745681
7.229078 5.319839
5.909785 4.375784
10.665621 3.645402
13.660313 3.763755
6.614736 1.491772
8.210991 1.392340
8.980021 3.543180
10.097500 3.683694
9.076567 2.539906
8.976414 2.275484
8.881325 2.650904
8.195533 0.847909
3.087929 0.541784
6.418988 1.578873
7.611798 5.002345
6.219956 6.848074
9.051790 8.896774
13.876767 12.093500
12.884165 10.826160
14.598071 11.449321
10.999283 8.882837
7.103897 9.396964
9.256439 7.540042
9.577014 4.654047
9.772965 3.462246
6.940583 4.231204
7.248709 4.993766
7.427474 3.570989
8.436781 4.324296
8.774335 2.990195
8.167004 0.879969
15.663183 -1.394909
14.381435 2.654465
12.167357 -1.639932
18.072086 2.374606
14.152191 0.540151
8.994968 1.418080
8.648257 3.974007
9.642937 3.671382
8.724362 1.502124
8.254607 0.966411
7.377455 0.331426
6.954468 0.609140
7.981489 1.582071
8.621213 3.118230
9.914603 3.502427
9.016648 4.535628
13.733862 10.305179
12.209435 10.342597
9.267241 6.698580
8.089256 4.178853
10.701899 3.753574
12.068775 -3.367359
11.522141 -2.188944
11.740898 -4.642090
12.059013 -3.756789
13.430008 -1.843245
14.494690 -0.086948
16.194460 2.458947
15.724333 0.637153
15.290251 3.952864
15.843568 0.931838
16.372465 2.779688
15.258230 0.042202
14.855397 -0.087364
15.393752 -1.541125
15.187744 1.635950
13.763577 3.420442
8.590090 2.040085
7.785523 2.102658
8.190911 3.839644
8.922946 1.639091
8.904167 3.861150
9.738237 5.752816
7.874354 3.851312
8.197808 0.668571
6.261024 0.203510
3.879979 -0.649890
4.269903 0.266078
4.045869 0.182511
9.338813 4.555340
9.480881 5.389062
8.574076 3.504047
8.915557 2.287311
7.973752 5.476439
8.452942 5.698355
9.659650 4.875350
12.023724 3.584930
19.298782 1.290538
17.904276 3.736659
12.828364 8.892495
6.390788 10.221757
9.283980 6.313432
8.374302 3.356261
8.742546 2.669595
7.096512 -7.568131
7.688521 -8.051202
13.407426 -2.534453
8.731065 1.794658
7.495705 3.072511
9.380246 3.616579
15.133327 1.899544
14.541392 3.029682
16.358753 1.900620
14.344693 -2.121744
12.887966 -2.111573
5.161736 -2.304273
5.470043 -1.419058
7.997590 0.018045
7.618742 0.328544
8.369867 2.228895
6.137774 3.218599
8.363369 0.810295
8.964708 2.998025
8.608184 0.181297
8.584795 2.100833
8.290225 1.446862
8.364789 3.331139
3.889869 -1.965209
6.006713 -7.863227
5.537083 -6.341448
3.533923 -6.677287
4.717981 -7.691027
4.068629 -6.539529
2.809939 -4.893540
6.882308 -8.228088
9.642494 -7.333390
4.207915 -6.337484
5.420722 -3.629113
5.348316 -3.330957
3.438899 0.199487
6.461306 0.324692
3.717247 -0.691325
7.990710 1.016540
8.328059 0.256737
8.860498 0.345732
6.563450 0.308639
7.571770 0.635522
7.640046 0.794080
8.017327 0.389495
7.797268 1.003415
9.015222 0.594734
6.457220 -0.126076
8.756002 0.522794
6.559311 1.935957
4.875112 -1.162273
4.457067 -2.300009
5.115754 -4.220861
5.458220 -3.175992
4.728607 -1.625435
5.446626 -2.775453
3.620529 -1.006174
4.461798 -2.371994
5.067424 -2.134790
3.660881 -3.127388
6.408758 -7.810095
9.245620 -6.961287
8.582009 -7.634338
6.525857 -6.692420
7.403566 -7.367948
2.529160 -5.469067
4.049610 -3.510088
4.416795 -1.947581
4.884320 -0.450002
6.975428 1.225997
4.261067 0.967922
6.059855 -0.098926
5.582744 0.403735
5.436404 1.915296
8.751325 0.113160
8.992605 0.913105
8.071368 4.219844
8.331026 3.243703
7.400015 3.604746
8.365099 3.587700
7.860108 3.593812
8.151865 2.206135
6.424755 0.955511
5.254992 -0.459200
5.438534 -2.096145
4.240048 -3.665108
5.042219 -3.457978
2.015088 -1.187255
4.472282 -2.445305
5.951590 -7.339901
5.137685 -5.769682
7.022268 -7.374367
7.349986 -9.745630
9.461154 -8.648743
10.277317 -10.284906
12.442549 -12.643226
12.214760 -2.863013
5.062286 -7.993252
7.032324 -8.298589
6.099895 -5.291295
6.384980 -6.107955
4.259878 -7.658242
7.353358 -8.030603
6.962921 -6.751604
8.184135 -8.867841
8.533216 -7.198640
8.434048 -8.865182
9.296765 -6.933187
7.144421 -7.910104
7.189736 -9.267417
10.419929 -8.626336
8.931993 -8.757204
8.215482 -8.184250
6.709741 -6.758076
5.125236 -7.310709
4.943733 -4.380784
4.649144 -5.160133
6.222507 -5.668581
4.379259 -8.156878
6.011233 -6.775570
7.088097 -8.083539
12.390320 -8.654605
11.819492 -4.399632
11.818172 -3.855518
14.284711 -2.653679
14.361671 1.716976
14.631836 2.274314
14.370933 2.764215
17.763876 6.541926
15.381699 5.838377
7.919721 5.408245
5.548220 3.329488
9.019595 4.651926
9.252297 6.683725
8.565135 3.842650
14.140228 3.502223
10.763769 3.549225
8.973423 3.697515
9.368248 4.687586
8.948282 2.669692
8.781765 1.384344
6.992149 0.670664
8.227175 0.046851
8.970208 1.883862
8.762564 2.724206
9.058667 2.660515
8.227845 0.730909
8.550037 0.525141
8.644218 2.142185
8.238751 0.931331
4.954341 -0.178238
7.595679 1.803408
14.060261 -2.143744
14.373226 -0.026763
14.157621 -1.791979
13.813412 -3.417416
11.801097 -3.390265
14.098264 -3.118554
13.193274 -2.487692
6.378176 1.765896
9.103514 7.320225
11.518505 3.419671
12.856409 3.749665
9.688813 3.752950
8.672495 3.378358
8.137277 3.387286
8.768370 2.790763
8.423404 2.773365
8.787693 3.728589
8.899235 3.531411
6.970223 2.795391
3.719689 -1.909533
4.046905 -3.682065
5.030414 -2.425720
3.771716 -2.622109
2.603262 -0.127410
6.132480 0.202365
8.250814 0.530881
7.456731 1.290125
8.241041 0.219520
6.636022 0.902950
8.190696 1.628464
8.116991 1.898150
8.475943 2.158643
7.432033 3.419611
8.704526 7.780721
7.143340 8.888844
5.586548 6.732752
7.866893 5.385807
7.350153 3.123704
8.703292 2.326969
7.875338 1.512055
6.814725 1.128348
7.480431 3.720251
12.431598 3.706857
11.511938 3.585503
10.906572 3.549851
8.116364 4.043933
8.013748 6.673029
8.187974 3.990300
8.679155 3.193981
8.494035 0.248012
8.210118 -0.066902
7.247357 0.190558
7.219934 0.039614
9.739314 7.447564
9.386353 4.943329
8.403534 5.571306
9.444401 4.173725
6.883101 5.788475
11.395588 13.406278
11.078192 9.337974
12.450645 10.964938
