3.344141 17.267687
-3.160630 11.369572
-1.029991 11.833043
-1.126606 12.910148
-0.788924 12.261645
1.043389 10.373715
1.833871 10.358446
-2.355012 12.669448
-1.103632 14.136586
-4.335971 13.660023
-3.970247 11.075740
-1.639516 14.134761
-1.065877 15.357503
-1.346463 11.331341
-1.152473 9.944919
3.801496 8.302376
1.128274 9.285890
-1.177951 14.042102
0.045667 10.976976
-1.832972 5.893907
-1.894157 3.218523
-3.322520 -0.523617
-3.944159 -2.138984
-3.621887 -3.456309
-5.119746 -4.354824
-9.745275 -5.066168
-17.317457 -6.913515
