12.741796 12.970140
9.878453 12.623202
14.144375 10.809573
9.188804 13.082410
11.708683 12.500005
13.126255 11.121511
6.070178 4.267768
5.939157 4.104075
7.339252 2.190802
9.389081 5.548134
6.069220 3.906406
7.851406 3.859482
6.792575 2.780409
7.474515 3.978775
6.114173 3.526885
8.850662 5.583348
8.897943 2.835211
7.676302 2.857764
6.863232 1.045557
11.245437 2.437675
7.038533 1.866154
8.590320 5.254799
9.403295 4.963118
6.863734 5.523012
8.133310 3.996816
10.656674 2.797047
8.794203 2.442769
8.766414 2.293375
11.022958 0.994544
12.743242 2.277833
11.943421 3.775517
7.143062 2.786021
6.779961 3.209322
8.807198 4.977819
7.040198 5.383137
6.098208 3.741421
8.455576 5.322414
5.083509 5.235737
4.519343 3.373598
5.312981 6.130300
2.531813 6.165769
3.717586 4.544069
9.492498 5.211965
14.415719 1.124349
17.433372 4.156887
14.545822 2.429793
13.310320 3.219502
7.879714 4.970708
8.412683 4.418645
15.585798 17.197031
13.798697 11.255237
12.496373 14.698977
12.640728 12.579062
12.164059 8.900495
8.761223 3.952274
9.786407 0.380161
9.988169 3.048467
12.385868 -1.271181
13.524544 -3.527181
10.564454 0.603039
9.835696 5.052037
9.495985 3.921924
9.575877 3.902995
10.741945 3.433246
12.225037 3.722785
18.078350 3.942091
14.311291 12.337411
15.170401 9.200786
15.602308 10.514538
12.979445 10.827617
11.586313 9.765081
12.451385 9.246009
9.738607 2.985567
8.547168 2.428220
10.537069 0.120023
10.516592 -0.165699
10.559768 1.290932
10.938515 3.244378
11.589092 1.850557
5.312442 5.548974
5.896502 6.163139
5.302059 4.794523
6.278461 3.415872
9.395535 4.881329
9.623158 3.518780
9.405734 4.408218
8.287473 3.458318
8.728755 4.226358
3.422398 6.370330
4.073992 6.396688
4.847201 7.624269
3.601050 9.038865
3.462130 8.745371
3.580004 7.871035
3.453681 8.400844
6.358735 10.331374
6.237198 5.386918
8.466209 5.350564
6.836319 4.823691
5.292868 7.009100
6.203231 9.247296
5.403801 10.620536
7.315578 10.894440
9.200512 11.996543
11.871629 10.138715
13.104925 10.502336
14.655348 9.717688
13.870894 9.240350
13.867268 0.456070
14.233050 3.275500
16.848162 4.840416
17.433987 12.022515
9.722630 12.283374
14.623733 14.643438
6.262122 6.570690
9.521174 4.820511
9.314293 2.556123
10.578003 2.910840
9.219505 3.360588
8.138760 3.993270
9.013377 5.145213
8.249414 3.983831
5.530979 3.910926
7.561273 5.523822
9.480388 4.365117
9.256831 0.746684
15.944366 4.364660
13.591498 -1.282647
14.033135 -1.176941
8.528134 5.321915
6.212673 2.629946
6.315563 5.172334
9.234341 4.210707
8.855110 5.157831
8.581450 3.745997
7.958231 5.104061
8.403020 5.200145
11.595756 1.781062
12.264641 1.028066
12.003433 0.033428
12.882701 3.483038
13.414714 3.403434
10.098404 1.646799
9.374599 4.598716
6.225092 3.906157
3.768333 5.997747
7.554367 5.133269
3.857029 6.416904
4.993248 6.725661
6.189469 3.316049
8.476689 4.915841
6.535474 3.043938
7.881351 5.200767
7.581892 4.838697
6.522011 3.902324
7.650088 3.181856
6.998577 3.921727
7.738827 3.649261
5.762855 6.892733
6.773097 11.857228
8.295094 11.500497
6.505438 4.613204
4.859707 4.825480
7.180954 5.254705
4.817550 5.669666
9.798302 5.486536
6.568685 5.600795
3.500883 6.061613
6.056720 9.241565
6.339820 7.992634
4.114902 4.236915
9.611482 5.244562
8.847889 5.196887
8.450766 3.095924
7.095510 3.623963
7.114050 4.133956
7.524734 5.044345
8.761547 5.037571
7.013476 4.195531
6.474280 5.752088
8.389780 2.480759
11.436486 3.242373
11.088509 3.205886
7.778068 3.389751
9.605763 2.785567
6.120852 2.068122
8.152107 3.324158
9.747463 2.767617
10.759427 3.547200
13.467578 2.518615
12.150712 2.687652
7.325241 2.458160
6.230669 5.600473
8.784468 4.779165
4.937427 2.017374
10.812576 3.282632
10.072967 1.286538
10.638680 1.035118
7.202908 2.275530
10.618107 2.212185
10.412802 2.575288
13.799583 9.436060
14.430339 10.932616
11.668609 9.732916
9.288630 3.918471
14.955909 0.555090
13.015898 3.228806
9.117077 2.335910
10.747037 3.032765
8.409738 4.793858
9.627486 4.649817
7.042600 4.709891
8.939899 5.533337
9.553800 4.962611
8.675499 5.425028
8.774988 4.194221
9.309222 3.937097
9.622459 2.516663
8.914185 3.823087
8.608747 3.283953
11.833470 3.744366
10.786415 3.643212
10.087254 3.731350
11.087879 3.726221
8.852998 3.263181
5.841859 4.106738
4.175300 4.981911
6.863002 4.826149
5.019056 4.091579
6.498551 6.282295
6.383989 4.041190
6.784444 5.313248
5.116569 5.705493
7.141448 4.972956
8.723358 4.375512
8.525895 3.059180
7.958881 4.134952
6.295641 4.829635
5.894678 6.520225
8.825471 4.948477
5.869085 5.547705
5.702604 4.113555
6.109904 7.035444
8.601072 5.640254
5.277938 6.163086
8.841768 12.740151
7.315946 11.891453
4.549721 8.428083
5.814311 7.217479
9.505621 4.945770
7.535379 5.388560
9.572604 4.091759
7.478445 1.964640
6.990380 1.486465
9.130841 2.899885
12.201588 2.970153
11.273684 3.418757
10.041397 1.608594
9.702217 5.097444
9.220773 1.089239
10.344922 2.988248
11.974028 2.393067
13.881739 3.773667
10.926667 0.727983
8.123745 4.332094
8.965889 5.213909
6.663624 4.820668
6.252812 5.162191
6.535553 7.036912
5.834986 8.678683
5.576391 5.907442
7.013361 5.267716
7.408381 5.515879
9.744559 4.547694
7.857261 5.090596
8.386570 2.274884
7.757327 3.255986
8.239173 4.217278
11.630070 1.169469
5.787217 6.175392
5.532819 6.777645
5.329372 6.952010
4.440789 8.638254
4.758888 11.120435
9.014649 12.315579
11.749983 10.974113
11.788387 10.096572
12.546701 12.706641
10.539246 11.855005
10.214458 12.073484
8.915648 11.369525
9.439997 12.272710
11.603086 12.440963
11.528179 12.485871
11.996576 9.114682
12.737065 8.992477
14.057133 10.231040
8.637602 12.890387
8.157936 10.876513
9.992522 11.350598
5.648110 6.200617
6.971676 3.517594
9.385998 3.975403
13.184669 0.490410
15.473135 4.211973
11.822010 -0.346549
10.457153 1.156985
10.604099 2.054969
9.967070 3.380440
10.681216 3.298772
11.076561 3.771824
8.913794 2.465544
12.286846 2.332284
15.267124 2.499526
16.581854 5.311123
14.928625 7.840966
16.616150 6.020835
19.220055 2.108700
18.413755 5.314123
18.216311 7.226234
12.788349 9.831100
11.824527 12.072295
10.587836 13.270153
11.143177 12.580323
11.086843 10.916402
8.236691 10.946006
10.094524 11.024764
7.896447 10.832688
11.248339 3.589493
9.323422 5.106734
5.848979 5.009221
6.245913 5.065024
6.174297 3.766058
7.222877 4.440372
6.307971 4.343454
6.322504 7.362513
6.014261 7.431911
5.388239 7.995636
6.239102 7.167772
6.193786 9.197742
6.274274 8.500998
6.464108 9.249121
6.436021 7.733280
4.983458 3.962583
8.799830 4.427276
11.068346 2.314757
12.462332 1.772403
11.634624 2.618383
8.284639 4.784933
12.005022 2.204076
11.786629 2.706747
10.636451 3.470574
12.713346 3.075068
11.086096 2.684883
7.820477 5.091207
5.420866 2.118881
7.835878 0.876789
9.886765 2.952286
8.050818 1.878805
9.395686 3.084288
8.784472 3.130527
10.884495 1.437570
13.194180 0.963071
12.973982 3.790898
8.955345 4.014377
7.673613 4.483231
8.892733 5.340556
11.887812 10.330025
12.950634 9.371902
9.258912 4.710173
9.324667 3.690988
11.127893 1.431738
7.976746 1.985052
9.029970 4.018287
8.581361 11.392571
5.919104 10.174342
10.744060 11.170284
11.006958 11.224123
9.877635 11.237012
7.099119 12.098269
8.509769 12.843678
10.737715 13.220384
8.915130 12.393687
8.644662 5.581064
7.159488 5.621604
7.176992 5.523891
6.333900 4.030333
9.009771 2.206932
10.182716 1.748387
11.719470 3.566017
9.692549 5.263674
6.930202 4.770678
5.487973 6.686181
6.251862 2.985960
6.766033 2.181708
6.670807 1.779423
8.220545 1.282845
12.204289 9.717875
12.367031 3.215517
11.672556 1.529546
16.785999 1.383295
15.672349 0.270740
15.317703 2.222192
11.453291 0.285293
8.609122 5.613015
5.850983 3.548556
3.946653 6.563233
6.162633 7.624852
6.273964 7.535570
5.804953 6.498343
8.265844 2.959107
9.807284 4.448704
6.918602 4.092156
10.575529 2.120439
12.425394 2.847588
11.058465 3.647707
11.875885 2.561616
19.961872 3.561413
19.570396 7.337356
13.451585 10.776656
11.675901 8.994824
14.049747 9.601686
9.286598 11.776195
3.908931 5.080689
5.488534 4.927320
6.223420 6.447666
7.491733 5.171512
7.209145 3.758478
5.790345 0.374846
7.626424 5.086425
7.841811 5.387695
6.146972 5.638049
5.745093 6.567011
6.051585 7.721213
5.337708 8.490300
3.981490 8.760910
5.598689 6.264708
6.302114 4.067906
8.963032 5.178746
5.285796 5.225141
4.815937 8.491279
7.882879 12.415223
5.079427 9.993015
5.529402 6.956081
4.821135 7.816854
6.293241 5.821036
6.345081 5.681504
6.875616 4.568064
7.344469 5.529789
6.328751 3.161376
9.362623 3.287719
9.248415 4.840732
9.819437 2.132070
11.938103 1.876011
6.359710 3.103590
6.039367 6.696988
6.434971 3.844762
8.203380 2.358064
8.215180 3.276965
9.812286 5.492879
8.607367 4.965620
7.912040 2.271305
8.847922 5.265732
7.651607 4.961277
5.135121 4.185531
6.055521 6.975194
4.920181 8.822911
5.979554 8.120645
3.135798 9.085564
6.419802 9.580824
5.096215 6.706151
5.187401 7.218134
5.912478 6.169917
5.702023 4.503943
9.433003 5.260552
8.462412 4.776360
6.851249 5.170629
7.474641 3.597499
3.804018 5.717864
1.249566 1.921086
