-10.352152 -15.323581
-7.935795 -8.679955
-7.132511 -4.443940
-6.328104 -4.360015
-4.102023 -6.337465
-4.284126 -3.268245
-3.086815 -0.230384
-1.680607 -0.183529
-2.479300 2.714172
-1.868458 4.304147
-1.336192 4.391881
-1.408162 1.282337
-3.267538 0.187096
-4.521775 -1.346044
-4.227760 -3.009549
-4.336864 -1.840885
-2.244322 1.138849
-3.333425 1.058528
-0.295553 1.813487
-2.485141 6.631952
-5.913231 7.276489
-7.583278 9.311004
-7.773002 6.020154
-7.590436 6.194889
-7.750456 9.138826
-6.473918 6.413627
-7.902927 7.907373
-7.664676 7.781965
-7.858843 6.243346
-6.900170 8.605035
-8.005659 8.519973
-13.314350 8.884836
-9.803300 10.305358
-5.649727 10.797707
-6.837451 6.549614
-5.531977 6.481880
-4.214270 7.683472
-6.677347 6.567678
-4.397305 6.446607
-4.647040 6.618459
-6.653937 8.036262
-3.239403 6.648476
-4.532377 6.569678
-2.552196 6.340410
-1.146112 6.216131
-1.702069 5.410945
-0.742476 4.888258
-1.820246 6.095379
-5.887612 8.809597
-4.188778 8.295373
-6.702217 6.564961
-6.101280 7.361013
