-17.546417 -13.087086
-10.454103 -8.289990
-8.691360 -8.283833
-8.531413 -8.362445
-8.255045 -8.113990
-8.327108 -8.333421
-8.330790 -8.389453
-8.183938 -8.125575
-8.291941 -8.339043
-8.310877 -8.392823
-8.176985 -8.127030
-8.288507 -8.339774
-8.308967 -8.393237
-8.176318 -8.127203
-8.288182 -8.339858
-8.308784 -8.393286
-8.176254 -8.127222
-8.288151 -8.339867
-8.308767 -8.393291
-8.176249 -8.127224
-8.288149 -8.339869
-8.308767 -8.393292
-8.176250 -8.127225
-8.288149 -8.339869
-8.308765 -8.393291
-8.176249 -8.127224
-8.288149 -8.339869
-8.308767 -8.393292
-8.176250 -8.127225
-8.288149 -8.339869
-8.308765 -8.393291
-7.603270 -7.077464
8.743709 4.393497
15.509338 7.291213
