-18.161980 0.743510
-9.757812 3.391004
-9.730580 3.472343
-7.804151 6.489881
-7.891541 6.373243
-7.811953 6.479990
-7.899247 6.363489
-7.821794 6.467554
-7.909085 6.351057
-7.834285 6.451719
-7.921509 6.335251
-7.849625 6.432113
-7.936512 6.315563
-7.867960 6.408578
-7.954376 6.291787
-7.888934 6.380964
-7.794549 6.502364
-7.909494 6.349624
-7.815935 6.470660
-7.918625 6.309828
-7.830515 6.430279
-7.902273 5.217323
2.215237 9.593130
3.653576 10.034779
4.555442 10.504268
4.410907 11.744979
7.535792 15.676284
