-16.549973 -2.640554
-13.014544 -5.167603
-9.798483 -8.226449
-9.897166 -8.131905
-9.799347 -8.225856
-9.898107 -8.131256
-9.800782 -8.224870
-9.899668 -8.130179
-9.803162 -8.223233
-9.902248 -8.128396
-9.807096 -8.220500
-9.906503 -8.125421
-9.813501 -8.215873
-9.913343 -8.120512
-9.823593 -8.208440
-9.924084 -8.112599
-9.839033 -8.197318
-9.940451 -8.100938
-9.863130 -8.182460
-10.007212 -8.045780
-8.960930 -8.366952
-8.916859 -8.239507
-8.359587 -8.123372
-8.038641 -8.048489
-8.024825 -8.072815
-7.938396 -8.036904
-7.986335 -8.070121
-7.925228 -8.036679
-7.981284 -8.070186
-7.923519 -8.036772
-7.980638 -8.070235
-7.923302 -8.036796
-7.980556 -8.070245
-7.923275 -8.036799
-7.980546 -8.070247
-7.923271 -8.036800
-7.980544 -8.070248
-7.923270 -8.036800
-7.980545 -8.070247
-7.923269 -8.036799
-7.478950 -7.262722
-5.483803 -7.526478
4.941327 -9.464107
7.374514 -10.165538
10.459275 -11.522788
