-14.098775 17.614904
-11.094546 9.162055
-7.841192 7.968886
-7.911132 7.966955
-7.841235 7.968864
-7.911190 7.966928
-7.841342 7.968797
-7.911332 7.966834
-7.841602 7.968570
-7.911667 7.966500
-7.842222 7.967754
-7.912430 7.965274
-7.843641 7.964736
-7.914026 7.960655
-7.846686 7.953298
-7.916881 7.942742
-7.851961 7.909835
-7.917452 7.875197
-7.853452 7.744171
-7.892434 7.615317
-7.769727 7.222043
-7.936171 7.148913
-7.820849 6.476453
-7.913877 6.356871
-7.847658 6.436138
-7.939580 6.316315
-9.698158 3.380722
-9.660585 3.462625
-11.078644 1.621371
-12.049728 -2.126469
-9.842465 -8.135289
-9.693388 -8.285055
-9.866423 -8.115599
-9.715878 -8.266870
-9.882955 -8.102191
-9.731426 -8.254409
-9.893990 -8.093104
-9.741856 -8.245972
-9.899619 -8.085256
-9.747385 -8.238961
-9.862656 -8.032459
-9.712160 -8.202703
-9.639822 -8.297707
-9.777035 -8.152187
-9.702511 -8.251248
-9.844805 -8.101639
-9.798349 -8.261663
-9.956116 -8.120662
-10.447060 -8.068495
-10.245062 -8.183417
-11.905834 -8.210464
-12.625858 -10.055122
-15.285301 -16.700775
