-15.665678 -0.831483
-12.952311 -3.963202
-9.688576 -8.265038
-9.809774 -8.137358
-9.690893 -8.263324
-9.812277 -8.135510
-9.694613 -8.260543
-9.816301 -8.132491
-9.700502 -8.256118
-9.822637 -8.127728
-9.709646 -8.249279
-9.832501 -8.120321
-9.723661 -8.238846
-9.847622 -8.109007
-9.744631 -8.223781
-9.869951 -8.092832
-9.777417 -8.206980
-9.905233 -8.076072
-9.860307 -8.252460
-10.025405 -8.115924
-9.967664 -8.099179
-9.808692 -8.243752
-9.101112 -8.319650
-9.130786 -8.171962
-8.497653 -8.035594
-8.446627 -8.297238
-8.404320 -8.368243
-8.227150 -8.114018
-8.320387 -8.331872
-8.334335 -8.386865
-8.202850 -8.121099
-8.308596 -8.335166
-8.327654 -8.388764
-8.200537 -8.121816
-8.307472 -8.335496
-8.327020 -8.388952
-8.200313 -8.121887
-8.307364 -8.335528
-8.326960 -8.388970
-8.200292 -8.121894
-8.307354 -8.335532
-8.326954 -8.388972
-8.200290 -8.121895
-8.307353 -8.335532
-8.326953 -8.388973
-8.200290 -8.121894
-8.307352 -8.335531
-8.326953 -8.388973
-8.200290 -8.121894
-8.307352 -8.335531
-8.326953 -8.388973
-8.200290 -8.121894
-8.307352 -8.335531
-8.326953 -8.388973
-7.655867 -7.060614
-5.793479 -7.792830
