3.995411 -10.891346
1.819380 -8.839925
-0.302176 -6.622773
-8.214382 2.043547
-9.873051 3.380398
-9.865269 3.461772
-7.838223 6.462363
-7.926868 6.346290
-7.839343 6.460937
-7.927985 6.344867
-7.840748 6.459147
-7.929388 6.343080
-7.842522 6.456892
-7.931149 6.340837
-7.844781 6.454005
-7.933388 6.337978
-7.847634 6.450305
-7.936207 6.334284
-7.851088 6.445716
-7.939655 6.329583
-7.855029 6.440073
-7.943483 6.323860
-7.858249 6.433050
-7.951492 6.313434
-7.888916 6.737040
-7.763990 6.840611
-7.944705 6.827720
-7.805050 6.924685
-7.926086 6.859679
-7.785301 6.956142
-7.911880 6.877924
-7.770692 6.974794
-7.902760 6.889419
-7.761357 6.986532
-7.897171 6.896461
-7.755609 6.993733
-7.893792 6.900707
-7.752127 6.998085
-7.891811 6.903185
-7.750086 7.000624
-13.738890 6.124620
