-0.979251 8.372349
-3.379750 6.721360
-5.364709 5.639436
-6.859492 4.998823
-7.859893 4.697654
-9.483137 3.493057
-9.545490 3.410075
-9.588277 3.364450
-9.535567 3.446734
-9.587149 3.389014
-9.535681 3.469902
-9.620710 3.405477
-9.574045 3.485316
-9.535633 3.499806
-9.587628 3.419850
-9.499353 3.463508
-9.561125 3.378792
-9.626844 3.344620
-9.577049 3.429070
-9.446196 3.466374
-9.514816 3.380917
-9.394905 3.341069
-9.350615 3.404189
-9.267088 3.476321
-9.526323 3.104995
-9.781967 3.020576
-10.469541 2.370929
-15.229237 -0.350245
