15.246338 11.370633
8.850113 11.243321
5.821526 10.680236
4.418919 8.652040
2.228808 5.405355
2.128919 5.090566
1.951327 4.938019
2.214131 5.161158
2.598156 5.704036
2.477706 5.754545
2.386155 5.467883
2.234085 5.467418
2.124400 5.162475
1.923060 5.044137
2.172890 5.269644
2.529814 5.816942
2.362094 5.889544
2.217352 5.636027
1.951764 5.676874
0.941657 5.149408
1.087499 5.399964
1.329205 5.932037
0.746420 5.947895
-0.694761 5.577211
-0.567511 5.856359
-1.019296 6.166615
-0.738907 7.237361
-1.133655 7.114117
-0.852427 8.464823
-1.382504 8.406626
-1.630214 9.344401
-1.236697 9.497554
-1.418052 10.159705
-3.440252 11.032910
-7.490372 13.306691
-17.976641 19.352331
