-18.686218 6.246507
-10.876329 4.504903
-7.870728 3.914649
-5.585683 2.757332
6.657246 1.929257
8.886730 1.418563
11.263413 3.543663
11.204769 3.481577
11.263412 3.543667
11.204767 3.481582
11.263407 3.543687
11.204761 3.481606
11.263392 3.543782
11.204743 3.481725
11.263368 3.544194
11.204716 3.482229
11.263438 3.545872
11.204819 3.484259
11.264631 3.552113
11.206358 3.491687
11.273862 3.572507
11.217983 3.515407
11.332289 3.625274
11.290971 3.570695
11.690319 3.668875
11.694422 3.526678
12.976708 3.672438
13.243949 3.514487
13.394928 3.537870
13.430363 3.472058
13.462658 3.530779
13.459476 3.473444
13.473289 3.532686
13.464005 3.475173
13.474929 3.533589
13.464701 3.475741
13.475179 3.533847
13.464806 3.475888
13.475215 3.533911
13.464821 3.475923
13.475222 3.533926
13.464825 3.475931
13.475221 3.533929
14.650668 1.963141
17.927755 -2.051008
