16.855989 -14.297051
9.161028 -11.656441
6.100517 -10.419739
-6.430369 -8.406379
-8.529098 -8.109362
-9.164309 -8.056858
-9.093278 -8.090091
-9.150848 -8.023502
-9.077852 -8.067733
-9.149061 -8.024550
-9.076253 -8.068654
-9.147984 -8.025254
-9.075287 -8.069264
-9.147322 -8.025685
-9.074696 -8.069641
-9.146914 -8.025951
-9.074331 -8.069871
-9.146667 -8.026114
-9.074109 -8.070012
-9.146511 -8.026215
-9.073970 -8.070100
-9.146416 -8.026278
-9.073885 -8.070155
-9.146359 -8.026315
-9.073834 -8.070188
-15.019283 -7.362053
