-12.075552 16.339725
-7.499700 9.681844
-5.731572 7.257411
-4.123452 6.352896
-3.061313 6.541790
-2.851372 6.523094
-2.661532 6.497015
-2.643351 6.473730
-2.595248 6.456097
-2.602971 6.447856
-2.579548 6.440210
-2.592301 6.438581
-2.574907 6.434882
-2.588933 6.435510
-2.573411 6.433134
-2.587852 6.434502
-2.572928 6.432561
-2.587502 6.434171
-2.572770 6.432374
-2.587388 6.434065
-2.467999 6.226977
-2.441198 6.113470
-2.441820 5.908733
-2.242748 5.527270
-2.316367 5.205546
-2.157215 3.607992
-1.692365 1.360181
-1.193484 0.045011
-0.014943 -1.935075
1.934296 -5.130910
