-18.651228 11.550831
-11.533460 8.554738
-7.785623 7.966486
-7.861535 7.964229
-7.785278 7.966591
-7.861065 7.964352
-7.784428 7.966810
-7.859898 7.964595
-7.782312 7.967214
-7.856971 7.964995
-7.776986 7.967734
-7.849537 7.965260
-7.763374 7.967248
-7.830206 7.963304
-7.727530 7.959444
-7.777279 7.948228
-7.630539 7.915034
-7.855919 7.902645
-7.752515 7.663713
-7.528821 7.715376
-7.831408 6.323163
-7.951567 6.148433
-7.898538 6.167140
-7.781749 6.344880
-7.898386 6.128926
-7.786742 6.308125
-7.926165 6.086739
-7.816498 6.266499
-7.743186 6.383240
-7.860700 6.204212
-7.814124 6.286304
-7.926422 6.107798
-7.931299 6.117121
-7.817268 6.294762
-7.944533 6.060257
-7.835867 6.240417
-7.772243 6.344001
-7.887512 6.165493
-8.383749 2.461924
-8.202555 2.524212
-8.293745 1.372630
-8.433578 1.413354
-8.272901 1.237854
-8.405962 1.302523
-8.248591 1.218682
-8.382131 1.284263
-8.233439 1.200805
-8.445272 1.301066
-8.530239 1.354756
-8.322292 1.239755
-8.509245 1.330865
-8.571339 1.375667
-8.346800 1.251174
-8.523975 1.337179
-8.581509 1.380720
-8.352774 1.253914
-8.527599 1.338745
-8.584005 1.381989
-7.488813 0.924560
-6.868005 0.729105
-6.693576 0.735387
-6.477084 0.841195
-5.917569 0.801830
-5.599227 0.459363
-3.434296 0.410021
-2.578959 -0.302705
