-14.332402 -2.379373
-9.859802 -2.218220
-6.591186 -1.816615
7.601582 -1.390843
8.931411 0.706121
10.961390 3.600424
10.906752 3.530316
10.961390 3.600427
10.906754 3.530320
10.961395 3.600440
10.906757 3.530335
10.961411 3.600495
10.906777 3.530403
10.961491 3.600716
10.906873 3.530676
10.961882 3.601598
10.907351 3.531755
10.963794 3.604944
10.909687 3.535769
10.972987 3.616801
10.920931 3.549612
11.016308 3.653721
10.950887 3.544228
11.335827 3.542312
11.352535 3.692988
11.746303 3.752681
11.795008 3.554937
11.777680 3.761035
11.831263 3.561543
11.779651 3.763020
11.833566 3.563643
11.779749 3.763269
11.833683 3.563920
11.779752 3.763294
11.833686 3.563948
11.779755 3.763297
11.833688 3.563952
11.779752 3.763297
11.833687 3.563953
11.779752 3.763296
11.833686 3.563952
11.779752 3.763297
11.833687 3.563953
13.697572 -3.546333
