13.291712 -4.868005
12.096124 -1.738629
11.579721 3.571876
11.586247 3.454015
11.579721 3.571874
11.586247 3.454014
11.579717 3.571873
11.586242 3.454012
11.579694 3.571873
11.586214 3.454017
11.579601 3.571942
11.586102 3.454120
11.579248 3.572499
11.585670 3.454888
11.578074 3.575983
11.584233 3.459504
11.575150 3.595014
11.580620 3.484226
11.574103 3.690634
11.590302 3.524055
11.309405 3.709348
11.285769 3.568899
11.088933 3.605582
11.027865 3.459561
11.066088 3.576780
11.002280 3.427678
11.063913 3.571648
10.999897 3.421653
11.063704 3.570810
10.999678 3.420639
11.063686 3.570685
10.999662 3.420484
11.063686 3.570668
10.999661 3.420463
11.063686 3.570665
10.999661 3.420460
11.063686 3.570664
10.999661 3.420459
11.063686 3.570665
10.999661 3.420460
9.040050 -0.344776
-4.249534 11.787469
-9.233392 18.776489
