-9.538663 -13.809243
-9.476639 -8.765685
-9.583221 -8.159463
-9.682446 -8.083757
-9.782833 -8.016192
-9.675756 -8.097157
-9.749618 -8.041313
-9.645189 -8.119901
-9.667782 -8.102948
-9.774220 -8.022518
-9.604760 -8.150321
-9.705902 -8.074822
-9.620264 -8.138645
-9.722548 -8.062018
-9.663700 -8.106198
-9.769819 -8.026112
-9.593092 -8.158980
-9.693507 -8.084146
-9.590058 -8.161069
-9.690266 -8.086383
-9.582808 -8.166375
-9.682497 -8.092157
-10.663180 -2.101930
-11.181187 -0.284552
-11.133541 2.487995
-7.913803 6.727758
-7.726116 6.945735
-7.619750 7.069201
-7.768371 6.888225
-7.679865 6.990528
-7.831239 6.802625
-7.773083 6.869522
-7.923485 6.682941
-7.930260 6.706214
-7.743284 6.923032
-7.644533 7.039433
-7.795098 6.854932
-7.725855 6.944430
-7.877855 6.758747
-7.893691 6.818659
-7.700779 7.032707
-7.704766 7.218147
-7.842629 7.111389
-7.634936 7.954903
-7.862279 7.909267
-7.903933 8.243812
-7.705179 8.210158
-7.870807 8.274611
-7.678203 8.232093
-7.864515 8.277204
-7.673188 8.234149
-7.863299 8.277496
-7.672228 8.234408
-7.863065 8.277538
-7.672043 8.234449
-7.863019 8.277547
-7.672007 8.234457
-7.863010 8.277547
-7.672001 8.234457
-7.863009 8.277548
-7.671999 8.234458
-9.680310 9.034611
-15.763256 11.719460
