-11.890216 -17.115875
-10.848099 -10.065296
-9.576359 -8.164754
-9.675475 -8.089006
-9.712114 -8.070252
-9.610551 -8.146117
-9.775181 -8.022246
-9.668655 -8.102660
-9.688422 -8.088052
-9.588310 -8.162586
-9.724073 -8.061044
-9.621670 -8.137746
-9.591465 -8.160231
-9.691780 -8.085504
-9.738560 -8.050123
-9.635070 -8.127791
-9.619524 -8.139394
-9.721761 -8.062870
-9.596366 -8.156716
-9.697006 -8.081719
-9.750473 -8.041100
-9.645954 -8.119670
-9.641972 -8.122588
-9.746124 -8.044324
-12.281712 -2.260989
