6.196561 7.529363
4.271150 5.481845
1.956201 2.988846
0.074760 0.660575
-1.249487 -0.736080
-5.247822 -4.513102
-7.249872 -5.932368
-8.597439 -8.270614
-8.559069 -8.223529
-8.446069 -8.075691
-8.558094 -8.247394
-8.506012 -8.187640
-8.375666 -8.013752
-8.463735 -8.082099
-8.597536 -8.270597
-8.559208 -8.223505
-8.446328 -8.075639
-8.558672 -8.247325
-8.506822 -8.187541
-8.378781 -8.013431
-8.469354 -8.081642
-8.610246 -8.271163
-8.577117 -8.224314
-8.478947 -8.077956
-8.631929 -8.264059
-8.608644 -8.213126
-8.539079 -8.055037
-8.768435 -8.218835
-8.810812 -8.143684
-9.530266 -8.039013
-9.596708 -8.105522
-13.437509 -8.892702
