-6.526939 2.694768
-4.599489 -0.011988
-4.450146 -0.041334
-4.399430 -0.047118
-4.221714 -0.076825
-4.139634 -0.102029
-3.910326 -0.190678
-3.764444 -0.375764
-4.003236 -0.293392
-4.456182 -0.040527
-4.406079 -0.046468
-4.229126 -0.076288
-4.148408 -0.101273
-3.921240 -0.189349
-3.778739 -0.373979
-4.018516 -0.291463
-4.471926 -0.038078
-4.424032 -0.044534
-4.248943 -0.074401
-4.172368 -0.098170
-3.951350 -0.183237
-3.817410 -0.362398
-4.060025 -0.275859
-4.512051 -0.004268
-4.462531 0.034396
14.290019 -17.071529
