1.416964 -3.220883
1.518525 -1.007977
1.661714 0.878394
1.256547 0.769616
1.215258 0.774470
1.040151 0.689640
1.120846 0.731404
0.997116 0.665977
1.101510 0.718957
0.988504 0.660055
1.097533 0.715931
0.986714 0.658666
1.096704 0.715234
0.986340 0.658354
1.096521 0.715075
0.986257 0.658283
1.096481 0.715039
0.986240 0.658267
1.096473 0.715031
0.986236 0.658263
1.096471 0.715029
0.986235 0.658262
1.096470 0.715028
0.986235 0.658262
2.284387 1.216860
3.671056 1.981747
5.700379 3.371228
7.511280 5.277982
