16.282906 16.258383
11.590936 10.821095
10.478840 9.204906
9.933767 8.836974
9.712729 8.716712
9.730888 8.638904
9.770185 8.523630
9.851285 8.459381
9.619543 6.048212
8.698037 3.805851
7.504795 1.806437
5.225315 1.324314
1.638430 0.526343
1.767870 0.590577
1.635386 0.525696
1.764026 0.589827
1.630230 0.524546
1.757420 0.588476
1.621445 0.522490
1.746376 0.586068
1.606767 0.518814
1.727744 0.581502
1.582024 0.511874
1.696354 0.572986
1.539569 0.498457
1.642269 0.556383
1.465249 0.472305
1.545714 0.523482
1.333540 0.420927
1.363150 0.455638
1.072054 0.324778
1.470955 0.440176
1.347513 -0.010168
1.812182 0.004320
1.570099 -2.776176
1.431392 -2.993201
1.490764 -3.141591
1.415231 -3.170491
1.505244 -3.215869
1.428052 -3.210624
1.514530 -3.234647
1.434082 -3.221260
1.517964 -3.239932
1.436227 -3.224246
1.519099 -3.241469
1.436926 -3.225112
1.519459 -3.241923
1.437146 -3.225369
1.519571 -3.242060
1.437214 -3.225446
1.519605 -3.242102
1.437235 -3.225470
1.519615 -3.242114
1.437241 -3.225477
2.432395 -4.128593
3.907870 -6.088562
3.680727 -8.472884
3.215992 -11.502670
1.917818 -19.536581
