-15.748305 -19.463232
-8.420982 -10.949428
-6.308404 -8.180800
-4.782110 -6.692582
-2.931601 -4.793846
-0.968510 -2.331460
0.089362 -0.984482
0.998202 -0.163155
1.633903 0.520876
1.247219 0.417106
0.972584 0.388723
1.423853 0.534118
1.396950 0.555143
1.063505 0.421417
1.685572 0.650014
1.201493 0.489099
0.910016 0.358039
1.567316 0.605691
1.122197 0.453387
0.852285 0.330800
1.521089 0.586399
1.091250 0.437990
0.829914 0.319865
1.503459 0.578907
1.079617 0.432036
0.821570 0.315715
1.496932 0.576090
1.075297 0.429804
0.818447 0.314141
1.494498 0.575029
1.073675 0.428964
0.817277 0.313550
1.493590 0.574631
1.073070 0.428650
0.816841 0.313329
3.750109 1.117576
5.832295 1.591091
8.154865 2.714045
10.324478 3.597032
19.290592 8.965265
