-15.944836 -17.518404
-10.338249 -9.257395
-8.378865 -8.148060
-8.415451 -8.219502
-8.202512 -8.024880
-8.361765 -8.186604
-8.408262 -8.239299
-8.200365 -8.030848
-8.361138 -8.189035
-8.408057 -8.240562
-8.200318 -8.031220
-8.361139 -8.189187
-8.408066 -8.240642
-8.200323 -8.031242
-8.361143 -8.189196
-8.408070 -8.240647
-8.200325 -8.031245
-8.361144 -8.189197
-8.408070 -8.240648
-8.200325 -8.031245
-8.361144 -8.189197
-8.408070 -8.240648
-8.200325 -8.031245
-8.361144 -8.189197
-8.408070 -8.240648
-8.200325 -8.031245
-8.361144 -8.189197
-8.408070 -8.240648
-8.200325 -8.031245
-8.361144 -8.189197
-8.408070 -8.240648
-7.409373 -7.328339
-6.430080 -5.926327
-4.948662 -4.393232
-4.315787 -3.471601
-4.282190 -3.415218
-4.228841 -3.327510
-4.143601 -3.189342
-4.006883 -2.953193
-3.792404 -2.488635
-3.338305 -1.795949
-2.682825 -0.670145
-2.452507 1.043174
-2.734537 4.112019
