9.321148 3.318206
7.810660 1.765354
5.510961 1.334139
1.702448 0.523669
1.734426 0.571315
1.422130 0.444048
1.349752 0.467139
0.902256 0.304969
1.254660 0.435478
1.709153 0.525584
1.743332 0.574031
1.433607 0.448251
1.366748 0.473321
0.925846 0.312128
1.283196 0.442864
1.756096 0.535874
1.804030 0.586577
1.512099 0.466376
1.478143 0.494617
1.079802 0.326551
1.464377 0.443400
1.036858 -0.023431
1.411608 -0.022398
1.105606 -2.197899
0.093931 -5.020880
-0.821797 -7.672742
-1.794382 -9.966745
-4.053461 -14.407432
