-4.536074 -12.508802
-1.662361 -9.859921
-0.064654 -8.311322
1.047206 -6.615898
1.841639 -4.434071
1.030340 -0.471126
1.612413 -0.460410
1.255978 0.460421
1.789498 0.547673
1.526643 0.613940
1.032323 0.494708
0.846301 0.363500
1.326321 0.486682
1.079058 0.453765
1.593576 0.560904
1.341432 0.551676
0.871403 0.420554
1.678538 0.519340
1.176236 0.429997
0.956195 0.405256
1.454359 0.521940
1.202303 0.499753
1.727938 0.599328
1.469102 0.598240
0.982098 0.474318
1.792689 0.553361
1.279746 0.470388
8.397337 -0.275793
10.125905 -0.267482
12.770676 -0.310299
18.541471 0.626267
