-10.820373 14.353594
-4.626943 11.395774
-1.803687 10.203990
-0.791424 6.982891
-1.006553 6.849586
-0.766589 6.122815
-0.649662 5.635964
-0.265782 5.914805
0.741958 5.628085
0.543617 5.285246
1.818990 5.780570
2.239212 5.876054
2.001476 5.462996
1.805962 5.306638
2.697492 5.899966
2.611115 5.585061
2.413192 5.456195
2.946905 5.783373
2.765690 5.682216
2.845840 5.467583
2.589709 5.173804
3.176343 5.863125
2.930543 5.580688
2.728103 5.470740
3.118782 5.850019
2.945517 5.763607
3.026667 5.627739
2.787448 5.342006
3.097196 5.747168
2.913117 5.654972
4.392551 8.661130
4.549167 8.643073
6.202898 9.460641
13.386971 10.476896
