-1.116117 -8.343970
-4.049582 -7.017231
-5.778287 -5.831772
-7.051544 -4.855649
-8.012227 -4.032672
-9.721501 0.265721
-9.689679 0.150473
-9.721686 0.265445
-9.689900 0.150129
-9.722179 0.264672
-9.690494 0.149162
-9.723475 0.262512
-9.692043 0.146461
-9.726749 0.256523
-9.695923 0.138996
-9.734642 0.240153
-9.705169 0.118699
-9.603139 -0.170727
-9.752253 0.197173
-9.725161 0.066947
-9.625814 -0.242832
-9.785950 0.091014
-9.760834 -0.056787
-9.659449 -0.416765
-9.827838 -0.158907
-9.795073 -0.372081
-9.687031 -0.827263
-9.830881 -0.697242
-9.784183 -0.972874
-9.606689 -1.523599
-9.662121 -1.612275
-9.825155 -1.216281
-10.576756 -1.949171
-13.105371 -0.692798
-18.934019 3.057297
