-17.602379 0.019247
-11.480896 -1.657529
-3.854452 -0.719343
-4.233771 -0.713482
-4.510061 -0.735689
-4.078774 -0.759751
-3.889241 -0.716983
-4.270773 -0.708432
-4.525095 -0.686571
-4.122672 -0.722517
-4.452011 -0.745369
-4.020616 -0.759249
-3.838096 -0.719845
-4.216484 -0.714920
-4.501428 -0.737352
-4.070066 -0.759801
-3.881698 -0.718937
-4.262737 -0.711384
-4.526430 -0.756157
-4.096255 -0.777885
-3.921339 -1.054374
-4.219499 -1.166478
-4.282725 -2.489482
-3.201410 -3.761246
5.868133 -8.795024
7.803372 -9.114355
16.783575 -10.926958
