2.916450 -10.948684
2.094658 -7.173239
1.413708 -3.441700
0.960046 -0.798376
3.550851 5.727273
3.278099 5.301774
3.529478 5.734662
3.601366 5.804378
3.465973 5.857868
3.607315 5.890390
3.483898 5.935606
3.636484 5.952560
3.258816 5.416113
3.007601 5.168025
3.407370 5.578889
3.223966 5.388006
3.080137 5.460513
3.489858 5.787556
3.325260 5.572528
3.188826 5.628065
3.573661 5.915337
3.416139 5.693389
3.282494 5.741851
3.489557 5.783215
3.359610 5.827929
3.549639 5.855375
3.425582 5.898484
3.600391 5.917217
3.214572 5.375148
2.956429 5.127383
4.359944 7.681134
4.728161 8.666346
5.199854 12.512544
