-8.605086 7.482628
-6.998094 6.030385
-2.402517 0.254125
-2.632903 0.397878
-3.154610 1.016023
-3.120379 1.021141
-2.516450 0.260310
-2.760658 0.423548
-2.716191 0.462757
-3.011512 0.715525
-3.145556 1.219961
-3.107573 1.000714
-3.064036 0.988612
-2.453627 0.218956
-2.681346 0.356563
-3.156487 0.956020
-2.560692 0.172531
-2.793115 0.304211
-3.305042 0.913664
-3.271340 0.918193
-2.692573 0.118328
-2.926243 0.247225
-3.437497 0.862840
-3.415699 0.880190
-2.864584 0.062269
-3.100695 0.194240
-3.603376 0.823892
-3.593747 0.859479
-3.088403 0.028624
-3.334260 0.176792
-3.830500 0.840121
-3.831527 0.915945
-3.372039 0.096197
-3.701788 0.432425
-3.356736 0.929218
5.866888 -9.556089
7.260278 -11.898964
11.585963 -18.037151
