-19.233763 18.921833
-11.285978 9.401792
-7.824312 7.968338
-7.820412 7.973786
-7.576743 7.914032
-7.711730 7.921227
-7.953702 7.963252
-7.698177 7.924382
-7.917009 7.968501
-7.953625 7.985004
-7.823758 7.967761
-7.819524 7.972750
-7.575095 7.911257
-7.709461 7.917000
-7.945424 7.939023
-7.689881 7.906023
-7.885576 7.863691
-7.894453 7.805757
-7.696278 7.496748
-7.814867 7.392152
-7.784062 6.249067
-7.787916 6.059767
-7.781853 6.917241
-7.881475 6.783000
-7.867207 6.778527
-7.769720 6.913950
-7.796787 6.867281
-7.891717 6.730577
-7.889337 6.749433
-7.792698 6.884920
-7.812820 6.847268
-7.907207 6.710489
-7.900560 6.734777
-7.804220 6.870455
-7.820837 6.837236
-7.915243 6.700156
-8.614841 2.679859
-8.359169 2.635121
-8.485064 1.299306
-8.710346 1.379769
-8.586401 1.342287
-8.376907 1.236320
-8.419727 1.266451
-8.305134 1.201660
-8.379714 1.245687
-8.287881 1.192449
-8.369624 1.240338
-8.283526 1.190101
-8.367072 1.238967
-8.282426 1.189501
-8.366430 1.238617
-8.282149 1.189351
-7.406755 0.885344
-6.769833 0.726663
-6.094494 0.616547
-5.247573 0.442822
-5.238671 0.614792
-3.560770 0.694945
0.239691 -3.927242
1.994456 -6.799091
2.579108 -11.319295
2.138714 -11.382047
2.350191 -12.246789
1.865743 -12.209861
2.808635 -12.598393
2.773475 -12.610273
2.717714 -12.460822
2.263214 -12.357183
2.403648 -12.432734
1.907393 -12.345026
2.836166 -12.645204
2.792439 -12.632142
2.728204 -12.463993
2.275261 -12.359168
2.412241 -12.432752
1.916811 -12.344941
2.166905 -12.437461
2.797189 -12.632152
4.309207 -13.403090
8.395432 -17.362158
