13.859596 -17.601198
8.148134 -10.061252
7.963839 -10.080448
8.132249 -9.929924
7.951201 -9.921611
8.122443 -9.928028
7.939988 -9.919696
8.107711 -9.926599
7.923011 -9.918597
8.079154 -9.925536
7.889703 -9.918564
8.017466 -9.924292
8.189323 -9.934543
8.065926 -9.920870
7.874365 -9.913447
7.988162 -9.923743
8.164341 -9.933039
8.040170 -9.920207
7.844007 -9.913562
7.930882 -9.921279
8.114637 -9.929029
1.120776 -9.961348
0.628279 -9.570830
-0.611151 -8.875337
-2.531635 -7.807135
-4.462014 -6.115120
