18.296381 -0.828863
12.072687 -1.184239
9.374819 -0.934934
7.088378 -0.807116
1.162958 0.380312
1.551323 0.448990
1.402243 0.420953
1.810068 0.469096
1.675384 0.319120
1.760039 0.365572
1.812858 0.288416
0.846436 0.291372
1.218906 0.367780
1.044812 0.351039
1.427937 0.425645
1.274338 0.412938
1.671877 0.473725
1.527005 0.453721
1.046224 0.406558
1.802617 0.348497
1.170514 0.344694
0.995176 0.298755
1.378421 0.361071
1.232102 0.109578
1.639082 0.088410
1.666245 -1.376750
-1.550400 -3.937870
-3.770457 -6.120409
-5.725736 -7.473714
-7.706694 -8.372991
-11.336699 -10.719872
