-11.236259 10.480576
-8.725552 8.503378
-7.899936 8.069640
-7.900417 8.069629
-7.901442 8.069692
-7.903633 8.070052
-7.908358 8.071401
-7.918629 8.075770
-7.941188 8.088949
-7.685438 8.008302
-7.909800 8.084433
-7.946701 8.114827
-7.827602 8.042642
-7.825618 8.031048
-7.602120 7.798854
-7.731657 7.751222
-7.922237 6.790828
-7.817111 6.921819
-7.860707 6.830176
-7.757382 6.964482
-7.827609 6.872943
-7.927326 6.739749
-7.772103 6.947401
-7.874671 6.813996
-7.862802 6.800844
-7.763173 6.935572
-7.807767 6.869118
-7.904490 6.733571
-7.889243 6.766549
-7.790685 6.901046
-7.823823 6.849363
-7.919956 6.713905
-7.897343 6.756120
-7.799098 6.890637
-7.828352 6.843722
-7.924626 6.707972
-7.899820 6.752880
-7.801671 6.887415
-9.245833 3.434976
-9.637440 1.202256
