-18.518667 13.421062
-13.028322 5.316866
-7.764339 7.329582
-7.898310 7.243454
-7.764726 7.329144
-7.898717 7.242987
-7.765445 7.328333
-7.899475 7.242118
-7.766779 7.326817
-7.900879 7.240491
-7.769217 7.323979
-7.903441 7.237432
-7.773452 7.318634
-7.907845 7.231631
-7.779460 7.308253
-7.913707 7.220294
-7.779421 7.286227
-7.910674 7.195594
-7.711701 7.228292
-7.835001 7.123880
-7.900358 6.789558
-7.797863 6.922223
-7.932529 6.763930
-7.829507 6.895469
-7.945667 6.747148
-7.843089 6.878463
-7.952989 6.737645
-7.850501 6.869001
-7.747021 6.998181
-7.854454 6.863914
-7.749304 6.995321
-7.856565 6.861192
-7.750507 6.993814
-7.857675 6.859759
-7.751133 6.993033
-7.858254 6.859015
-7.751455 6.992626
-7.858553 6.858627
-7.751625 6.992414
-7.858709 6.858425
-10.418489 3.498592
-10.687888 3.337140
-10.782102 2.442195
-6.779320 -10.492746
-4.142301 -18.236834
