-6.745141 12.512501
-4.498746 9.003125
-2.983129 7.056375
-1.048509 4.808211
0.406306 2.011415
1.342777 0.413512
1.435963 -0.061882
1.471646 -0.398144
1.689167 -1.464640
1.262867 -1.348340
1.534198 -1.746073
1.103416 -1.595233
1.456061 -1.813141
1.031308 -1.655888
1.422006 -1.827907
1.001413 -1.668783
1.407707 -1.830903
0.988724 -1.671428
1.401379 -1.831564
0.983104 -1.671993
1.398573 -1.831724
0.980613 -1.672110
1.397285 -1.831765
0.979478 -1.672138
1.396695 -1.831777
0.978959 -1.672145
5.440246 -3.996082
5.550679 -4.146655
5.729557 -4.328863
5.867393 -6.406815
6.002208 -7.858201
6.290305 -7.902383
6.609854 -7.902679
6.979466 -7.952528
7.434984 -7.886560
7.964384 -7.978481
8.887326 -7.841620
8.907748 -8.412805
14.425099 -7.741320
