-6.307940 -17.566484
-8.054496 -9.606397
-8.665609 -6.805493
-9.882369 2.419558
-7.773166 6.893612
-7.866648 6.759205
-7.773252 6.893506
-7.866731 6.759099
-7.773373 6.893357
-7.866850 6.758948
-7.773545 6.893148
-7.867017 6.758738
-7.773785 6.892856
-7.867251 6.758443
-7.774124 6.892452
-7.867581 6.758039
-7.774652 6.891915
-7.868106 6.757508
-7.775937 6.891395
-7.869500 6.757058
-7.783173 6.892850
-7.870578 6.770494
-7.685614 7.359655
-7.820226 7.268410
-7.608396 7.819974
-7.773296 7.801049
-7.946777 7.804018
-7.755578 7.820547
-7.942581 7.805981
-7.752094 7.822043
-7.941801 7.806268
-7.751447 7.822265
-7.941659 7.806320
-7.751329 7.822306
-7.941632 7.806329
-7.751307 7.822314
-7.941628 7.806330
-7.751304 7.822314
-7.941628 7.806331
-7.751303 7.822314
-7.941628 7.806331
-7.751303 7.822314
-12.980981 9.220840
