-17.748659 -8.436350
-10.428341 -7.665854
-7.233540 -7.749576
-4.859178 -8.092175
-2.733107 -8.337384
-1.010536 -8.613967
0.568090 -8.922218
2.733354 -9.129167
7.957069 -9.809416
8.134441 -9.840169
7.957074 -9.809415
8.134445 -9.840169
7.957088 -9.809417
8.134459 -9.840170
7.957139 -9.809422
8.134501 -9.840176
7.957296 -9.809437
8.134639 -9.840193
7.957803 -9.809512
8.135080 -9.840268
7.959261 -9.810017
8.136360 -9.840716
7.962045 -9.814273
8.138890 -9.844236
7.951626 -9.853925
8.129266 -9.875175
8.160081 -9.505771
8.082221 -9.409266
7.975885 -9.145460
8.727759 -8.742897
11.427341 -7.923040
17.562386 -6.748895
