18.022104 -14.712497
11.347837 -10.039433
8.668426 -8.875661
7.933499 -8.899724
8.006296 -9.185010
8.070760 -9.298123
7.899442 -9.225256
7.997971 -9.320548
7.885586 -9.225405
7.988133 -9.320193
7.883435 -9.224940
7.986539 -9.319819
7.883053 -9.224819
7.986245 -9.319730
7.882982 -9.224793
7.986190 -9.319711
7.882968 -9.224788
7.986178 -9.319707
7.882965 -9.224788
7.986176 -9.319707
7.882965 -9.224788
7.986177 -9.319707
7.882965 -9.224788
7.986176 -9.319707
6.849591 -8.094575
8.211654 -9.498799
8.182508 -9.477941
8.211631 -9.498801
8.182474 -9.477943
8.211563 -9.498812
8.182374 -9.477963
8.211365 -9.498866
8.182082 -9.478059
8.210773 -9.499103
8.181198 -9.478461
8.208978 -9.500069
8.178483 -9.480044
8.203417 -9.503774
8.169990 -9.486014
8.185818 -9.517552
8.143058 -9.507697
8.128855 -9.567512
8.058545 -9.583877
7.949609 -9.739104
8.123587 -9.782124
7.923374 -9.613020
8.092985 -9.678373
7.899720 -9.607997
8.072658 -9.673298
7.891285 -9.607587
8.065578 -9.672561
7.888474 -9.607491
8.063218 -9.672350
7.887540 -9.607461
8.062435 -9.672280
7.887231 -9.607453
8.062178 -9.672257
7.887130 -9.607450
8.062093 -9.672250
7.887096 -9.607450
8.062064 -9.672248
7.887084 -9.607449
8.062055 -9.672247
5.164530 -6.941318
3.241515 -5.034837
1.882428 -4.030145
1.247640 -3.528993
1.750171 -3.754595
1.432967 -3.126739
0.206912 -1.019562
-0.728390 0.742604
-2.568716 3.507434
-2.984795 4.809960
-3.146334 5.686411
-3.136246 6.190028
-3.266114 6.245890
-3.483797 6.323074
-3.866761 6.268193
-4.674019 6.667181
-4.914649 6.646832
-5.368419 6.473568
-6.438260 6.874362
-7.229843 7.872860
-7.523669 8.082276
-7.758600 8.226807
-7.760674 8.196593
-7.845215 8.254287
-7.802024 8.204189
-7.859618 8.256006
-7.809050 8.204335
-7.862039 8.255995
-7.810239 8.204244
-7.862446 8.255964
-7.810440 8.204219
-7.862514 8.255957
-7.810474 8.204212
-7.862525 8.255954
-7.810480 8.204211
-7.862527 8.255954
-7.810480 8.204211
-7.862527 8.255955
-7.810480 8.204211
-8.515731 8.739769
