18.545816 -16.689476
12.287306 -9.670682
9.497259 -8.112042
7.578571 -8.009722
7.254372 -8.079177
7.947380 -9.104003
8.180170 -9.381120
8.094616 -9.288339
7.930251 -9.090242
8.138921 -9.346594
8.041271 -9.239886
7.843686 -8.996816
7.943583 -9.115446
8.169243 -9.410132
8.075681 -9.333850
7.883354 -9.193603
8.012894 -9.605578
8.172815 -9.676764
8.004099 -9.429547
8.153027 -9.533134
7.982846 -9.420189
8.134082 -9.524651
7.975622 -9.418809
8.127735 -9.523229
7.973340 -9.418433
8.125733 -9.522828
7.972627 -9.418316
8.125109 -9.522704
7.972405 -9.418281
8.124914 -9.522665
7.972337 -9.418268
8.124854 -9.522653
7.972315 -9.418265
8.124834 -9.522649
6.064350 -4.645895
0.738935 -1.935955
1.009981 -2.034162
1.456602 -2.223364
0.739028 -1.935902
1.010092 -2.034104
1.456752 -2.223279
0.739242 -1.935733
1.010342 -2.033913
1.457094 -2.223013
0.739738 -1.935224
1.010912 -2.033330
1.457882 -2.222208
0.740900 -1.933726
1.012225 -2.031600
1.459719 -2.219834
0.743637 -1.929417
1.015304 -2.026560
1.464061 -2.212956
0.750227 -1.917107
1.022690 -2.012220
1.474527 -2.193573
0.766780 -1.882637
1.041316 -1.971500
1.500906 -2.139749
0.809318 -1.787626
1.087165 -1.861200
1.562689 -1.989118
0.907849 -1.516863
1.183294 -1.526243
1.654731 -1.554780
1.048518 -0.789024
1.524581 -0.922974
1.762650 0.568281
1.515619 0.660122
1.813674 1.005619
1.563664 0.936171
1.479531 0.960463
1.374930 0.887769
1.373957 0.927958
1.320423 0.865782
1.344059 0.914815
1.305451 0.858054
1.336028 0.910504
1.301464 0.855722
1.333902 0.909236
1.300407 0.855060
1.333335 0.908875
1.300127 0.854875
1.333186 0.908776
1.300052 0.854824
1.333145 0.908750
1.300032 0.854810
2.647573 1.145897
4.187437 1.545277
3.656143 4.469064
3.156873 8.009561
