-7.721975 -11.011847
-4.236754 -9.532759
-1.809472 -8.934745
0.280703 -8.750653
2.050471 -8.940831
2.827813 -9.288737
2.770094 -9.602906
2.650756 -9.753543
8.013668 -9.849612
8.184964 -9.874558
8.013644 -9.849610
8.184943 -9.874557
8.013567 -9.849607
8.184875 -9.874551
8.013308 -9.849589
8.184649 -9.874526
8.012448 -9.849519
8.183896 -9.874441
8.009643 -9.849241
8.181439 -9.874118
8.000667 -9.847957
8.173579 -9.872743
7.974190 -9.839843
8.150147 -9.865157
7.918430 -9.771192
8.100214 -9.807996
8.091924 -9.080493
8.812452 -8.790851
10.211285 -8.382833
15.377407 -5.961299
