0.605288 -17.891237
3.806840 -13.231001
7.947038 -10.383450
8.156384 -10.305977
7.947042 -10.383451
8.156389 -10.305977
7.947065 -10.383450
8.156407 -10.305978
7.947159 -10.383437
8.156488 -10.305968
7.947556 -10.383344
8.156833 -10.305900
7.949265 -10.382762
8.158305 -10.305453
7.956745 -10.379511
8.164739 -10.302928
7.989893 -10.362273
8.192913 -10.289699
8.133896 -10.280509
7.943725 -10.345321
8.018739 -10.164128
8.197098 -10.131174
7.846298 -8.897273
8.064487 -8.394005
9.085051 -8.420241
9.291761 -7.901257
9.356085 -8.065016
9.193674 -8.476719
9.262547 -8.519719
9.580593 -7.911455
9.417335 -8.042090
9.242666 -8.454384
9.274996 -8.499120
9.595131 -7.887667
9.424961 -8.016854
9.249299 -8.430116
9.278817 -8.481546
9.600452 -7.866195
9.430076 -7.995177
9.253941 -8.409110
9.281942 -8.466325
9.604764 -7.847811
9.434276 -7.977133
9.257642 -8.391891
11.839014 -3.917795
14.539942 -1.207021
