16.766064 -6.019034
10.587481 -7.749090
9.325256 -9.830779
9.325487 -9.808438
9.325048 -9.830707
9.325181 -9.808333
9.324473 -9.830491
9.324342 -9.808022
9.322898 -9.829841
9.322056 -9.807063
9.318633 -9.827786
9.315931 -9.803963
9.307337 -9.820969
9.300001 -9.793398
9.278583 -9.796981
9.260949 -9.755349
9.211424 -9.708240
9.177369 -9.609997
9.091358 -9.366357
7.855425 -10.077836
8.028192 -10.100612
7.934093 -10.136514
8.099445 -10.148603
7.982654 -10.139897
8.142267 -10.151729
8.011569 -10.141554
8.167645 -10.153386
8.028857 -10.142435
7.854464 -10.130336
8.132073 -10.151658
7.971023 -10.139953
7.890260 -10.134003
8.060628 -10.146051
7.956570 -10.138301
8.119273 -10.150214
7.996097 -10.140655
8.154063 -10.152478
2.168180 -11.071862
2.554219 -10.962224
2.811313 -9.962632
0.918016 -9.901873
0.571173 -9.664002
-0.466245 -9.375981
-2.492455 -9.572475
-5.139524 -10.296761
-9.788611 -12.727363
