1.379432 -13.165718
8.165881 -10.181754
8.009385 -10.177523
7.926645 -10.178475
8.094735 -10.181865
8.165826 -10.181752
8.009323 -10.177522
7.926489 -10.178467
8.094598 -10.181856
8.165426 -10.181731
8.008870 -10.177503
7.925354 -10.178412
8.093592 -10.181802
8.162474 -10.181568
8.005524 -10.177360
7.917060 -10.177791
8.086237 -10.181224
8.141108 -10.178058
7.981365 -10.173259
7.868483 -10.118498
8.042514 -10.133641
8.253640 -9.231755
8.623884 -8.811789
9.757615 -7.269802
12.728425 -4.920839
18.459129 -2.754177
