2.794014 -13.737816
2.833653 -5.608954
4.688677 -5.128943
5.308017 6.707233
5.720952 8.169942
6.267264 9.224877
5.646538 8.806760
6.227858 5.487374
8.494645 5.373412
9.493458 2.392438
11.691726 4.360159
8.705785 5.439687
12.777270 5.718818
10.659456 5.567412
8.029832 3.619067
10.456703 5.525857
10.905985 1.619540
12.346326 6.693930
14.043865 6.958311
13.478359 3.873641
12.223940 9.836259
11.588867 7.443573
12.924356 7.558414
11.828817 7.257343
12.335190 7.803410
11.577364 6.671880
15.185268 2.004192
11.302924 4.429103
8.378994 4.436444
7.104445 4.435581
9.213049 4.298210
11.460894 4.812793
14.257994 4.259531
11.617511 5.189570
11.577436 6.606312
12.056894 7.344650
11.907674 7.402166
12.334238 7.718715
13.167175 8.640640
13.122755 8.322518
10.408618 16.116556
18.641405 18.567793
