-8.010764 -15.637691
-4.660508 -8.394528
-3.453308 -7.029166
-1.032758 -4.116261
6.199216 6.967556
3.368405 5.495829
4.285109 6.019769
4.993662 7.704254
4.642759 7.177701
5.607255 7.439603
4.420383 2.362882
6.831241 3.970476
8.809440 5.340999
10.523211 4.929107
9.138057 4.100069
9.759583 5.341528
9.192937 4.745997
9.216806 4.690501
10.521178 4.506522
11.859259 5.220660
12.275261 7.395093
11.968611 12.196935
12.742644 7.631702
11.854307 9.986152
11.711661 9.176652
13.582439 10.873638
10.865221 12.057088
8.089190 11.247389
10.380218 11.355553
13.837372 10.166631
12.523304 6.677323
12.505734 10.021673
11.968308 9.212914
12.917936 5.882185
9.982038 4.735548
10.160622 3.854459
8.912835 3.644734
5.598036 1.663035
5.757362 4.394593
7.998487 5.065129
6.778003 3.754797
12.747707 5.257727
11.997850 6.675958
13.270252 10.956937
15.492332 8.952481
13.256517 6.230576
13.498385 7.467883
11.931120 6.272068
9.173422 1.181265
8.420259 3.856785
7.520026 5.270823
6.273111 5.695228
6.278480 10.569865
7.946354 11.262361
7.997309 11.459191
11.295361 12.903099
9.710695 10.870431
9.655266 12.427980
11.735405 13.411959
16.183226 16.727732
