9.529457 4.016754
8.285052 2.347910
9.008548 0.544051
12.668442 -0.552746
13.930005 0.268282
10.303651 0.499580
7.738221 0.373737
8.352741 -0.502838
4.341542 -0.219365
6.129048 -4.489352
3.766730 -8.068864
6.233431 -7.667671
3.138414 -7.544116
8.260462 -7.516072
11.504826 -6.654488
11.902248 -4.844358
14.223689 -2.068194
13.349758 -6.508718
7.153031 -7.569757
3.021694 -6.133336
6.212453 -5.862618
5.841308 -5.413913
5.121848 -7.276969
7.556641 -8.089380
6.385311 -7.104410
5.723450 -5.414146
2.212124 -7.704165
1.431913 -9.894969
-0.378172 -9.240413
2.810312 -10.324954
2.640786 -8.652902
3.187911 -7.296002
3.152891 -5.390582
5.368243 -7.878129
1.083634 -7.427349
3.155720 -6.288680
4.629910 -7.840000
3.167684 -5.464735
8.004606 -9.324325
9.020096 -9.336850
9.596684 -14.070363
13.567617 -13.848360
14.151374 -13.024363
11.136870 -13.113070
9.265870 -8.945111
12.178634 -7.737827
13.144537 -14.874111
8.091719 -9.080718
9.983108 -1.427908
8.941588 -0.088866
5.404957 -3.622025
5.888553 -5.062880
12.436339 -16.684147
6.713428 -7.997068
6.895154 -7.920979
8.656769 -7.774332
5.197457 -6.998914
6.527656 -1.243366
6.088457 -2.938138
6.210930 -5.642841
6.235562 -7.013681
7.694412 -13.366582
9.004038 -14.236081
5.167220 -15.075712
5.935213 -14.069034
5.860608 -15.441940
3.049847 -13.351662
1.519397 -11.585958
0.692899 -10.753979
1.252261 -11.490639
0.016304 -8.527966
2.836517 -11.788058
0.110677 -10.806647
2.173071 -13.019881
1.254831 -14.159133
6.375342 -13.377267
13.364746 -16.249247
8.373339 -12.019539
8.673805 -10.042490
9.141208 -9.411983
8.463557 -10.572732
9.414655 -13.738858
8.745238 -7.971878
6.708853 -0.809782
5.391309 -1.877494
4.401363 -4.273183
5.043461 -6.703696
3.344009 -6.586236
0.722584 -11.770564
2.100195 -10.046395
1.395040 -9.046077
2.402955 -10.380790
1.538273 -15.343970
6.444108 -15.822881
11.036900 -13.837528
12.064920 -14.775241
10.614695 -14.690565
5.796793 -15.342674
8.881055 -13.882700
7.996562 -12.043023
8.130711 -6.712541
2.040451 -8.404035
3.215642 -8.007778
7.003687 -7.450240
5.167861 -7.485225
8.632368 -8.107643
5.030988 -13.379031
5.555395 -13.216627
1.876962 -14.477373
1.930127 -9.172785
2.590265 -10.824493
1.916516 -10.496267
2.417416 -9.206208
1.224154 -7.932364
2.516490 -4.989197
-1.046370 -10.444217
5.170278 -8.173352
6.608659 -7.691441
8.369195 -11.309121
7.888356 -11.193788
8.937819 -9.094787
4.564942 -4.018101
3.233930 -6.159045
3.241096 -5.822192
2.921928 -8.112646
2.298880 -9.594071
2.585908 -10.505631
2.008793 -12.162344
0.703765 -14.633309
3.507844 -7.548159
2.218301 -8.710703
8.072792 -13.076243
9.083506 -13.934057
8.673577 -11.590353
3.977185 -16.021879
6.108174 -16.441271
7.858060 -11.293426
8.550799 -12.286780
4.661134 -14.224298
5.907842 -13.562987
9.904070 -13.869249
10.685871 -15.128820
10.036856 -13.604020
10.223906 -13.206847
8.092409 -12.459882
7.998346 -9.016467
8.583858 -7.964182
8.076156 -8.279210
8.673006 -7.094160
5.985040 -7.849780
5.465666 -5.932727
3.789488 -6.910402
4.317823 -7.708627
9.012372 -14.174153
7.934278 -13.026780
9.061306 -12.315148
8.413607 -14.119081
5.793424 -14.060197
1.153059 -10.654647
1.886708 -9.613822
-1.064886 -7.018666
-0.240771 -9.219089
0.287672 -9.727623
2.438628 -9.734229
4.686384 -6.013024
8.034079 -10.706438
8.962836 -9.895038
8.372175 -8.691920
11.709839 -14.054638
8.769274 -9.170826
5.916475 -8.102427
6.671422 -7.301125
8.306982 -8.996662
8.108757 -7.202394
8.487786 -8.383801
10.569201 -13.448333
5.155155 -14.147561
5.998578 -14.146701
8.484276 -10.301671
9.141392 -11.238399
8.537595 -9.945577
6.330284 -8.090704
8.592481 -8.105393
8.323792 -8.368915
2.606019 -14.581713
2.801584 -14.185601
6.421309 -13.634961
8.842883 -15.652650
6.228318 -13.820766
2.110550 -13.479427
-0.062461 -9.652323
1.691961 -12.083753
1.456067 -11.947366
1.769906 -12.010000
-0.193336 -8.119304
8.079480 -14.988704
11.132584 -13.266973
7.262547 -7.744875
8.485376 -12.200595
8.063210 -7.341532
3.029932 -6.964716
2.907327 -8.036246
2.252857 -9.546498
2.122488 -10.731526
2.446339 -10.057742
2.473046 -6.624994
2.137857 -9.245095
2.503304 -7.102064
0.220387 -11.279433
1.755660 -11.171943
-0.036061 -10.653195
2.371496 -9.667836
2.647470 -8.704879
2.606603 -8.561910
0.284317 -8.613391
4.081120 -7.959139
4.031614 -7.796764
1.439623 -7.583300
2.385735 -9.646426
2.297231 -10.306603
1.834468 -9.667733
2.726023 -10.520738
1.187859 -11.060578
1.760479 -12.482068
2.587409 -11.536042
1.690795 -10.841623
1.512498 -8.032223
3.529188 -7.640960
5.391375 -8.172416
3.649031 -7.910609
5.838013 -7.690167
5.150563 -6.049884
4.093879 -6.334738
9.781786 -7.319634
7.222416 -8.157069
7.115202 -6.917089
6.021481 -6.705144
6.074336 -2.411610
5.632725 -4.635085
5.853251 -3.726956
5.616206 -5.667888
5.764027 -5.157427
6.409245 -2.254817
4.170594 -1.313964
13.456288 -0.795603
11.531394 -3.762340
11.526094 -7.244736
8.708889 -7.114377
8.192404 -9.413321
7.848361 -6.850907
0.033311 -8.302540
1.512411 -11.916679
1.839115 -8.923871
4.226937 -6.153279
5.867113 -7.299049
2.173162 -6.238308
-0.768560 -9.628390
1.956815 -13.765738
2.373779 -11.893992
-0.261297 -16.638067
5.224746 -17.800198
4.781226 -16.266066
5.554195 -13.869430
6.683379 -7.178435
4.409607 -7.920300
1.362708 -7.947213
8.758601 -8.779748
6.218584 -6.566212
4.558897 -2.245075
5.901320 -3.969460
5.937770 -7.838570
9.069122 -8.177481
8.166104 -10.514574
8.016571 -9.661819
8.953659 -8.692549
8.707809 -9.313303
8.620888 -10.520985
7.675486 -6.748323
9.301509 -7.160987
9.844162 -7.269370
9.682610 -7.486154
6.695955 -6.717693
8.782572 -7.552752
4.937015 -7.851397
8.324728 -7.650689
9.265691 -9.098380
8.163472 -8.116906
7.674110 -8.142772
4.513806 -6.945046
5.119814 -7.982695
6.947298 -6.817072
6.733153 -7.930531
1.716876 -6.515927
2.972108 -7.691243
1.143684 -8.617143
2.680523 -8.840585
6.385970 -14.063493
5.799930 -14.141789
4.426100 -13.707115
6.612017 -15.456971
10.937767 -14.761910
8.755960 -12.490354
1.863766 -10.095282
-0.417566 -9.303851
-0.940039 -8.536361
2.285234 -4.905351
4.581140 -3.597424
5.946432 -6.902705
4.115913 -6.498465
7.942718 -7.592836
7.887239 -8.937480
2.317768 -11.818168
17.975456 -15.584184
17.496872 -6.874511
11.244030 -7.276219
10.374226 -14.488999
7.725355 -17.733994
12.562078 -14.036677
13.385222 -6.142559
16.486471 -8.611313
14.560508 -10.732372
8.309956 -10.929752
8.008007 -10.133724
8.534960 -11.718594
9.266903 -11.076520
8.111067 -6.950385
9.405172 -7.055977
7.872540 -12.269662
8.193720 -9.699931
9.037046 -11.045522
5.374197 -8.178087
10.034109 -13.642480
9.496834 -14.656031
9.216796 -13.443732
9.086248 -12.231908
8.970087 -13.104262
14.164190 -13.060475
11.386086 -15.084971
10.336342 -16.810720
9.154778 -12.038495
1.214479 -11.353120
2.915818 -14.849527
5.643251 -17.337477
4.600917 -6.340442
3.510684 -7.997059
1.807292 -8.467358
2.659917 -9.519383
0.710117 -7.499288
0.938975 -8.359463
-0.125992 -10.155351
2.297771 -11.681458
1.508292 -10.568685
2.391393 -8.828468
2.196990 -10.243944
1.943964 -9.036427
2.626573 -7.259821
4.518530 -8.063110
5.856021 -6.287416
2.545245 -6.283778
5.098584 -7.736243
3.502450 -7.962306
4.549730 -6.570922
4.790583 -7.109471
5.067471 -6.094817
1.040329 -8.575902
2.501783 -9.343590
2.413827 -9.921692
2.273196 -8.548408
2.562516 -12.900189
0.545462 -6.358410
3.417793 -3.427335
4.980431 -7.164377
5.410695 -13.745181
2.260811 -11.743657
11.497290 -14.133221
11.862442 -17.649712
8.000483 -11.611835
8.552169 -10.703496
8.077929 -8.593331
7.936122 -7.297347
11.432364 -0.646216
7.878918 -1.264259
5.196074 -3.421318
4.534563 -6.259064
2.165622 -8.067891
3.805439 -5.052049
1.385016 -9.140397
0.758590 -10.794197
-0.714906 -12.428020
-0.113777 -9.587420
3.839933 -7.621664
1.407163 -9.532233
1.902527 -9.239421
1.838971 -10.573701
-0.189645 -11.225925
-0.428176 -10.108788
2.799761 -10.687809
4.473962 -8.067227
3.184258 -8.010163
2.213643 -11.062060
-1.628393 -12.171538
0.506721 -12.520921
2.018143 -9.874326
3.770619 -4.077194
6.185243 -7.148910
8.608456 -8.232820
8.303619 -10.437839
8.800243 -7.091484
5.720095 -7.933823
6.277196 -4.487924
5.145512 -5.905961
4.329678 -3.982555
5.124362 -7.836929
10.340429 -6.972224
8.128825 -8.678147
10.054953 -12.892279
9.260942 -11.645101
8.343891 -8.925658
7.851905 -8.839590
13.594608 -14.214675
4.865886 -6.970633
6.200309 -7.346725
8.751078 -7.325569
9.037323 -10.045066
4.669247 -7.322421
8.924333 -12.266356
10.491682 -14.459534
7.133329 -14.475145
7.556644 -15.762233
8.119143 -10.686318
8.840747 -10.606911
9.029494 -14.622363
7.862982 -10.096433
7.987059 -10.485505
8.872641 -9.781598
7.939458 -6.663255
5.408804 -7.765801
10.752759 -7.470727
9.808560 -7.743629
7.777353 -14.239661
8.482203 -13.910473
9.248449 -9.521934
7.193017 -7.210454
2.761889 -7.825602
2.617911 -11.121540
0.314435 -11.224650
2.305588 -9.148078
0.314307 -8.813070
3.459888 -7.881679
4.908175 -6.498687
5.006631 -7.521333
0.844959 -6.935147
-0.512387 -8.408849
1.186453 -8.909905
3.475552 -7.798230
8.310450 -6.949690
3.089653 -6.991316
5.571530 -7.874761
9.243813 -9.679108
8.484383 -12.224927
7.867319 -10.942060
9.331657 -12.834151
9.284569 -11.431652
8.464108 -10.706058
8.624024 -13.701501
7.764651 -13.682437
12.934440 -16.642107
13.132474 -19.234011
8.358416 -11.678845
8.701811 -10.023685
8.555346 -11.374022
8.013864 -11.741705
8.224860 -11.068713
9.927845 -15.340425
3.236899 -15.243258
3.238824 -14.213405
5.937858 -15.586047
0.760600 -11.608981
2.660519 -12.431588
2.596220 -10.547768
1.800642 -12.310134
3.429098 -14.052325
-0.201700 -10.383622
2.467699 -9.221057
-0.405425 -9.198819
3.935077 -5.997645
4.802094 -5.517594
2.036491 -6.906576
2.287560 -5.721359
3.531047 -7.449702
3.599896 -7.498335
6.014372 -5.633235
4.645992 -5.556168
7.498748 -7.409874
9.147337 -9.448115
8.052551 -9.653172
8.721510 -8.499956
9.238336 -10.501440
8.352692 -11.024724
8.000957 -7.133298
5.570870 -7.905093
5.991081 -7.211683
-0.383260 -9.115233
2.276694 -8.829894
2.034807 -4.987976
8.330029 -8.126578
8.201701 -8.677711
7.972513 -8.424230
8.893295 -12.828313
9.366344 -9.249501
7.667865 -7.953931
6.685051 -8.020487
6.616430 -7.621116
7.637213 -8.109607
9.215466 -7.217459
7.202597 -6.984280
9.197412 -10.283750
8.073312 -10.993149
9.009451 -7.369317
8.496316 -1.611449
5.129563 -1.550083
5.747817 -3.529843
4.899466 -2.419848
4.297318 -2.311383
5.659051 -2.699788
8.489573 -1.163530
5.154304 -1.146539
3.760096 -4.066184
3.806978 -2.010816
5.838748 -0.868120
9.770627 -1.181106
8.664755 0.670793
8.569164 -1.197937
8.959581 -1.323202
6.301071 0.185067
9.865933 0.254511
9.343994 -0.896286
7.231303 -0.454414
8.631741 -0.541744
11.446264 -2.715189
15.280802 -6.528786
13.453625 -3.922249
13.258213 -4.616047
11.152914 0.462061
8.612233 -0.913537
6.510471 -0.808889
4.834941 -4.406461
5.570480 -2.740138
6.060909 -0.207607
5.774440 -2.501765
5.761642 -5.470116
5.375439 -6.216692
3.656741 -5.802385
5.534109 -0.858155
6.190344 0.029868
6.204897 -4.160369
5.582069 -6.524555
5.712483 -4.488575
4.935442 -7.534164
3.615469 -7.775970
7.445590 -6.661772
8.943906 -10.102286
8.194223 -10.496133
3.941301 -13.508070
11.819000 -15.041276
11.471648 -13.395902
7.595498 -13.425165
7.698421 -14.029285
-4.924970 -17.328657
2.181479 -14.845622
6.295757 -14.677653
10.475968 -13.727569
7.515432 -14.304440
2.300728 -10.680467
2.560060 -7.536371
3.641540 -7.346220
5.480816 -7.476856
4.523132 -7.171299
5.120041 -6.315470
5.882738 -6.698314
2.293740 -6.925022
8.386398 -11.460303
7.607194 -16.844936
9.456268 -17.701963
9.519402 -18.182898
10.369371 -13.496014
12.173402 -14.386819
8.496497 -14.419150
8.292248 -12.630675
8.300665 -13.025535
8.842808 -17.819298
8.735600 -14.183583
8.480297 -13.910617
10.525182 -13.835680
12.068125 -13.363469
7.019504 -13.260083
3.671863 -13.904634
8.309130 -13.437757
8.439016 -12.221097
9.332691 -9.277369
8.497184 -12.214116
8.142280 -8.041892
10.121132 -6.676178
5.941048 -6.701787
5.620197 -7.982311
4.054860 -4.772887
1.930944 -4.629226
2.281722 -7.752717
2.741400 -8.600583
2.049028 -9.765038
2.510367 -9.174922
2.181145 -9.572003
2.267978 -11.665621
2.053439 -9.390800
2.713019 -9.719601
-0.124208 -12.078010
1.078020 -11.646144
5.623403 -5.409994
4.944444 -8.170924
8.239532 -8.913189
7.035957 -7.242682
8.874387 -8.665542
8.358246 -10.645905
6.446651 -13.425907
5.241463 -13.246536
7.906234 -8.364690
14.033909 -13.128549
11.548580 -15.538203
7.750362 -13.397408
10.691454 -13.695090
7.360832 -15.120337
5.800867 -16.745222
-0.136994 -15.181476
2.658182 -11.559130
1.128488 -9.843810
1.817194 -13.205989
9.967391 -13.823011
6.733165 -13.917874
5.132946 -3.679496
6.659993 -7.643234
8.176916 -9.539446
8.892607 -10.396574
8.604948 -9.066211
9.134352 -10.464454
8.388334 -8.847388
4.011347 -8.194871
6.684130 -7.484666
2.028773 -9.663289
2.519287 -11.505646
2.701240 -9.116871
0.200757 -11.755376
8.449445 -10.636228
7.891974 -7.465751
6.482183 -7.979963
4.659060 -6.821488
3.462850 -5.438251
5.797982 -3.519537
5.674086 -5.300960
6.411673 -6.113666
5.030160 -6.956748
8.203470 -6.896136
8.093665 -6.960730
8.085954 -9.816906
8.187183 -8.954032
8.608366 -12.411038
8.381848 -9.887950
8.400200 -10.002505
9.336500 -9.170876
8.630188 -14.737870
3.975539 -15.449498
1.382136 -12.422305
3.326425 -4.664508
2.573442 -8.477188
5.165639 -5.430537
6.219767 -6.818051
4.472918 -8.153615
4.684059 -7.894395
4.186044 -6.244889
1.977310 -8.744292
1.757491 -9.956734
-0.030796 -9.046061
2.653295 -10.118633
-0.731881 -9.262372
1.022114 -10.688205
2.346782 -12.396914
-0.631955 -9.657054
0.793617 -9.672385
0.181759 -14.223521
3.764032 -13.334117
4.720305 -13.468341
8.929199 -14.192902
6.847046 -15.086804
4.107534 -15.241426
6.643308 -13.210700
11.039261 -19.127106
