16.542309 -5.117232
12.903201 -0.714498
11.223077 0.439258
9.012989 2.260296
7.267314 -1.473742
10.417311 3.166724
13.315056 0.039658
9.267126 -0.862240
9.671977 -0.561691
8.136933 0.087578
7.126050 0.801260
5.636405 -0.835689
4.811802 -4.313922
4.482420 -7.574948
7.415341 -8.020045
8.675168 -7.186098
9.174368 -8.124627
9.431758 -7.162217
3.710567 -8.160469
1.023830 -7.834018
1.687961 -10.334242
2.371292 -9.702925
0.429486 -9.731147
0.209936 -6.139030
6.155320 -4.555534
4.559532 -7.423525
4.029474 -7.470444
4.664325 -5.295331
5.655177 -7.184240
6.227684 -4.243344
6.064946 -6.716405
5.147045 -5.154075
5.205585 -4.757164
5.775654 -3.346540
3.518803 -5.022544
2.740621 -3.615589
4.659385 -4.959077
6.967350 -7.985932
8.474532 -7.744411
9.140815 -8.074081
8.892664 -8.030388
9.297177 -7.776433
7.550830 -7.267116
9.780502 -6.656152
5.937718 -7.469172
4.804644 -2.318586
5.497957 -5.907096
5.505274 -5.828212
5.854419 -7.239478
4.937876 -7.853607
4.104695 -3.624413
5.592709 -2.827143
4.195452 -1.930432
6.058987 -0.389776
6.691111 0.100591
7.124725 1.556187
8.014688 1.036362
10.939951 -0.133903
9.766438 -1.222239
11.487841 0.216650
14.910888 -4.451854
12.652005 -6.419950
11.731565 -2.725244
11.874487 -3.792237
14.061210 -4.721240
17.556704 -14.723617
15.430717 -10.368377
11.998947 -1.793050
13.543452 -6.512969
8.341822 -9.369536
8.587599 -9.435975
8.327934 -10.141040
8.839717 -8.462755
5.633683 -7.617784
8.684214 -6.776004
6.214049 -6.738220
7.295954 -7.551523
10.806088 0.749801
13.070964 -1.201132
10.233967 -1.285672
12.205830 -0.320354
11.063205 0.276228
8.231421 2.382725
5.803882 -1.969427
6.796885 -1.074513
9.727386 -0.123722
9.382880 2.260830
4.862005 0.708306
5.348272 -2.075852
4.705333 -3.968205
4.978992 -6.095796
4.209124 -2.700498
5.069533 -0.847918
9.153472 -1.643717
11.734697 -3.084962
14.679132 -0.941262
6.611444 -0.953936
6.537371 -0.255950
9.038012 -0.652253
13.725945 -2.436749
10.609808 0.986365
11.519844 -3.134975
12.441984 -4.579378
12.379919 -7.460798
9.296914 -7.637868
9.068589 -10.601174
8.842583 -12.726543
7.688432 -13.733253
8.720111 -11.115374
7.793857 -7.220500
9.105954 -8.958617
11.502213 -7.699195
17.336735 -7.865196
19.176300 -14.262587
12.001475 -14.381030
9.751184 -13.308440
10.460928 -13.599486
10.983652 -13.225654
10.827524 -13.731697
11.179041 -13.642009
13.549788 -14.985784
10.491421 -14.284951
7.410258 -13.999206
3.049692 -14.490111
1.903962 -17.514318
2.175591 -10.028561
2.156768 -8.409734
-1.176458 -11.295048
0.630559 -9.674582
3.887721 -6.686270
3.556336 -7.786914
6.155071 -7.410965
2.415967 -6.180488
1.564604 -9.984213
0.928502 -9.569046
1.164136 -7.422230
6.447875 -7.856645
3.761112 -5.231332
7.332476 -7.327694
3.606586 -7.194258
0.546966 -7.408409
2.487756 -10.376849
2.803420 -9.519078
-3.238909 -10.810775
-1.727458 -9.778408
2.215502 -8.545374
1.243447 -7.086261
4.693038 -7.451939
6.288086 -7.694178
6.077474 -8.011764
6.975628 -0.763206
5.261744 -1.826688
10.410313 -0.994413
8.828356 -0.566191
9.783149 0.124801
7.821945 -0.898536
9.926481 -7.541649
7.289886 -7.501341
8.332044 -9.304714
8.325761 -10.962304
9.008995 -9.798301
8.439766 -7.997020
6.253844 -7.061858
5.723820 -6.712343
5.519664 -3.197111
5.000488 -3.720901
4.778708 -2.989668
3.761495 -5.302207
5.577391 -6.735290
7.556366 -7.917324
7.138752 -8.172845
5.894885 -7.955867
2.321070 -9.118672
2.135563 -10.745484
-0.202147 -9.828801
3.543743 -15.371478
6.686136 -15.729465
4.908324 -14.589829
7.004529 -13.255900
15.146028 -13.599986
9.198283 -14.275324
5.510383 -15.091407
9.502433 -13.177423
8.172589 -10.801628
8.422696 -11.974957
11.287189 -16.465744
10.098660 -13.042774
13.440214 -13.133767
8.832802 -14.434854
8.409014 -10.071935
8.269472 -12.867911
8.116904 -12.034841
8.945901 -10.518940
9.085805 -14.439932
9.695522 -12.889016
8.277287 -12.851550
8.015186 -12.142795
8.571806 -9.940982
8.342546 -8.624918
8.236729 -9.832881
8.885693 -12.556853
16.111074 -19.116396
8.536013 -12.590871
7.146945 -6.768536
6.926550 -7.349374
5.777122 -6.771613
5.290449 -6.430164
7.406859 -7.684593
1.494002 -9.181151
2.889010 -7.514967
3.795155 -7.363052
6.968894 -7.646124
6.743093 -8.185607
5.654953 -6.625805
7.127827 -6.809779
4.939529 -7.225818
4.009730 -6.234934
5.610552 -6.194908
7.910720 -7.575898
8.980089 -8.546691
8.311540 -9.033179
8.266826 -9.214577
8.733217 -8.024791
9.869474 -7.615088
17.335503 -12.306235
15.368602 -18.449213
13.123999 -13.670400
8.000346 -9.315382
12.386109 -7.324802
5.496243 -6.568820
11.778012 -6.467033
13.100266 -3.731343
12.080784 -2.603274
11.418733 -1.477078
12.657714 -6.102840
11.930666 -4.582920
12.965662 1.561107
7.197555 0.387489
5.868885 -1.897653
5.934578 -3.507214
2.834198 -5.197335
4.469351 -4.868662
2.875884 -4.469942
3.777577 -4.559539
5.007896 -7.329499
4.491392 -7.610683
7.216903 -7.965131
7.857579 -7.082508
6.440592 -7.657623
9.145281 -8.185342
8.695358 -9.157075
7.921016 -14.252934
7.270927 -14.523463
8.571976 -15.196197
3.179298 -14.510894
2.353654 -12.953462
2.730084 -9.584790
1.704618 -10.303369
-1.392613 -9.525861
0.033796 -12.393323
-1.983760 -11.176044
3.059470 -7.946302
3.657834 -5.468002
2.677051 -6.225129
9.344007 -7.568674
8.055681 -8.412914
8.929501 -7.922998
9.129313 -9.728722
8.447886 -10.295382
8.260406 -9.418391
5.807779 -7.068802
4.143366 -4.750659
5.252545 -4.912024
4.886231 -4.360624
5.242091 -7.718827
9.713169 -7.805403
8.322613 -9.445608
8.330380 -9.101714
8.720025 -10.105823
7.641895 -6.770640
3.123900 -8.047529
9.822536 -7.249759
8.598622 -7.455492
4.432564 -6.272881
3.109879 -3.722584
5.638060 -6.238633
4.910187 -7.569553
8.317044 -6.852719
4.481235 -7.749397
8.829556 -7.821461
6.261385 -5.098387
9.041945 -1.630502
9.737080 -1.591535
8.677824 -1.460527
10.213271 -0.658642
6.894313 -1.641186
8.352514 -1.087242
7.914387 -0.698642
6.295868 -4.808246
5.809274 -4.976250
5.421416 -7.846934
5.589549 -7.530398
5.359500 -3.904222
4.826115 -7.670575
8.230831 -9.448313
8.268643 -6.888577
7.877597 -7.228214
17.152622 -7.661186
11.855576 -5.748779
16.444004 -10.298651
17.482010 -10.691800
15.977175 -6.731360
12.797725 -7.735929
10.043757 -7.058761
7.860246 -8.783135
8.649148 -9.943202
9.369952 -7.837877
5.947837 -6.986585
4.910246 -5.693332
8.428742 -8.639060
10.026886 -7.239857
8.495607 -7.205321
8.062003 -7.115289
9.263921 -7.497283
13.271481 -6.984910
14.309869 -7.321421
13.240841 -13.729870
13.451853 -17.388432
14.994144 -13.484930
15.067366 -12.516659
16.296568 -12.096378
15.335487 -13.577494
18.009712 -9.104743
14.060470 -7.595389
9.188156 -7.353910
9.312085 -9.430401
8.384502 -9.465239
8.345711 -9.087687
8.604085 -10.911720
8.208258 -9.094435
8.369231 -7.814282
10.096361 -6.813680
9.621498 -1.242361
11.990682 -1.527572
10.650092 -1.173842
8.734936 0.180204
7.259113 1.062725
10.112418 -0.294120
12.483176 2.210875
11.985174 -2.497527
9.092022 -12.280007
8.903332 -12.137343
5.300117 -7.652725
5.138380 -8.095349
5.541295 -7.181216
12.927540 -7.006001
10.344590 -7.059836
11.441803 -7.332433
9.592617 -15.593202
14.030173 -13.324124
15.169336 -10.044368
14.717457 -16.842787
18.062080 -9.712381
15.111909 -8.038247
14.751501 -8.687225
7.563060 -6.935662
7.854947 -7.224515
7.968585 -6.678197
10.004271 -14.071751
12.600653 -13.135755
8.766168 -9.675372
8.644643 -12.122627
18.287521 -6.966492
13.081090 -4.124752
12.771971 -4.866242
11.592854 -3.984122
8.608765 -6.824707
7.890518 -8.250066
8.014722 -9.418290
8.860440 -8.772023
8.310111 -9.545130
8.687794 -9.412662
8.313666 -13.643659
9.808729 -15.492775
10.835982 -15.603280
10.187252 -13.494863
11.235273 -13.562037
9.481950 -7.309987
10.507386 -6.731863
8.576461 -7.558713
5.968573 -4.925823
2.199515 -7.039822
6.267705 -6.865316
7.293200 -7.599389
7.901446 -9.914350
8.084947 -13.822394
9.132597 -9.334706
9.349783 -8.885787
8.170536 -10.524317
7.835320 -14.279213
11.690250 -13.817238
9.336212 -15.013442
6.784418 -15.644712
1.781736 -13.152118
1.205590 -11.609010
-0.016882 -10.126973
0.202476 -11.730506
2.728457 -11.510490
2.716505 -8.120677
2.415397 -8.305648
3.005605 -13.437122
0.619639 -15.217443
4.590028 -14.365170
8.099481 -13.165169
8.245132 -9.240569
8.384678 -9.934951
7.846618 -10.794497
17.822395 -10.362845
8.833628 -10.226985
3.893404 -13.896276
3.038929 -14.611476
16.214731 -10.907794
12.630888 -15.112175
9.102320 -14.115179
2.855529 -14.245133
1.771635 -11.962513
-2.178970 -9.792346
-3.353216 -8.657302
9.004554 -9.405049
8.404955 -12.311261
5.980557 -6.369046
1.982202 -7.976984
2.190721 -8.094975
4.087833 -6.521229
4.487254 -13.952683
5.823556 -14.224002
8.405439 -17.319387
9.362364 -15.905704
12.970694 -17.337822
10.578438 -14.867046
15.308950 -16.056496
15.600268 -18.626974
18.004200 -13.607181
13.264908 -4.633270
8.874458 -6.888904
7.281493 -7.583129
5.422071 -7.641028
2.977144 -7.562775
5.130420 -6.737743
4.999595 -6.724130
3.054044 -6.178948
2.577651 -8.756314
1.767174 -8.565608
1.045675 -10.449885
1.286478 -11.006772
1.423760 -8.156090
5.847231 -5.345490
5.986841 -8.023730
7.188526 -7.816554
9.827618 -6.714456
7.843754 -10.885140
9.035025 -12.734162
9.035633 -10.861208
9.567070 -14.362803
5.959144 -13.427009
11.487001 -14.482524
8.425143 -14.559359
9.846689 -14.127292
8.400270 -10.180345
8.037471 -8.598237
8.843843 -8.244672
9.113703 -7.695315
11.440077 -6.882585
10.827923 -6.854116
5.242573 -6.499355
8.955904 -7.646865
6.939527 -1.397851
5.006456 -4.704819
4.601599 -6.270509
6.302382 -7.189827
5.650716 -7.542571
5.066778 -6.511876
6.749344 -7.907950
3.083619 -7.904461
9.708285 -6.837394
8.333568 -8.424719
8.426986 -10.323871
8.725748 -12.863371
6.851895 -7.236967
2.306599 -10.121575
2.543553 -11.229117
8.846186 -11.981521
7.412295 -6.909649
6.292600 -7.623539
7.857942 -12.079077
9.346656 -10.920384
6.915578 -7.467929
2.590532 -9.151838
2.310665 -8.973345
0.206952 -9.158235
2.849447 -7.374524
8.396616 -7.197230
9.102320 -8.241363
7.251567 -7.671069
7.780615 -8.142502
7.198075 -7.623228
7.801414 -7.308875
8.707144 -10.291156
5.733784 -6.947019
2.942590 -7.649718
2.319857 -10.128727
1.342535 -9.192738
1.403556 -7.274796
6.245443 -7.423212
7.511660 -8.189844
5.479246 -6.919681
6.351295 -3.402371
8.846766 -1.332072
9.270337 -0.578332
8.479416 -1.485615
4.063486 -1.199966
4.507294 -2.851785
4.880043 -4.773479
6.134833 -8.149315
1.781039 -7.145278
-0.723002 -11.449952
8.840738 -9.653759
9.292734 -9.715924
8.980055 -10.805460
8.751989 -7.444680
9.934134 -7.244206
8.091231 -7.043852
12.120101 -1.281492
11.667930 1.329136
5.670161 -2.207519
6.188111 -2.067649
4.187273 -0.759828
6.851334 -1.415282
9.197787 -0.057075
10.108038 -1.502616
10.302479 -1.013316
8.589240 -0.761768
7.852254 -0.862984
7.728252 1.935841
10.436634 2.698471
6.988364 0.421071
6.201774 -0.357758
4.070903 -1.190497
2.449295 -5.556161
3.413938 -6.537550
4.486901 -7.672561
4.098367 -5.174480
6.783870 -6.973764
5.793883 -6.230921
2.606062 -8.131841
3.982359 -5.377734
9.251846 -10.494895
9.251418 -9.184810
8.711535 -8.946045
9.845018 -6.964104
8.730405 -7.052964
8.694854 -10.879586
11.386632 -13.480582
8.561329 -15.232431
8.119173 -8.318620
6.808070 -6.754406
7.685072 -7.613915
1.224606 -8.654784
3.369399 -7.901329
11.652092 -4.453817
14.846625 -5.304676
13.158293 -6.305353
11.543345 -5.671850
12.198832 -6.921566
3.741987 -7.735063
8.321552 -7.319396
8.624743 -8.955251
8.196057 -10.063693
8.750998 -8.577490
7.953481 -9.857223
17.064932 -8.416333
10.925393 -7.666298
12.499255 -6.916823
15.501970 -7.888194
14.892885 -11.536126
9.211004 -10.078681
14.053524 -15.486584
13.512259 -17.701727
10.462637 -19.083570
14.376829 -16.454420
12.196074 -12.847329
11.661163 -7.690559
12.502935 -5.272939
13.750569 -7.160769
12.522072 -6.941447
11.162033 -7.199364
6.696378 -7.019976
8.418550 -8.382558
8.533541 -12.050374
7.291142 -14.970440
11.132202 -13.363645
14.578197 -13.370796
12.649791 -13.643813
10.203149 -0.498956
6.919213 -0.604237
5.292079 -2.659884
12.203951 -5.526676
7.340022 -7.001766
8.422046 -7.355655
13.895409 -7.235243
13.326222 -2.573693
16.621469 -11.315749
17.553185 -11.612103
13.995947 -15.387074
13.158068 -13.088737
15.241764 -12.143898
10.606622 -7.679634
6.173536 -6.540092
5.952653 -7.752027
9.702840 -13.293521
9.218948 -10.297000
8.501912 -8.265532
8.668119 -8.825463
1.533808 -11.582696
1.540420 -12.174742
-1.721799 -8.994253
1.752167 -8.775809
5.613449 -8.117908
4.774766 -8.144604
5.847939 -5.521851
1.039317 -5.777674
1.620623 -7.793801
9.791428 -7.812713
12.272535 -6.374907
7.911283 -8.047485
1.613073 -8.572107
-1.682011 -13.400087
3.930279 -13.843938
5.066287 -13.734870
10.983004 -15.756541
9.976212 -16.496271
6.011976 -18.608252
1.524344 -9.094191
-0.022110 -7.617240
1.256724 -9.178040
-0.121857 -9.467312
2.166401 -9.665849
1.104002 -10.640541
0.215215 -12.360290
2.234555 -8.826146
2.134921 -7.210513
8.523318 -7.530742
8.208652 -8.239997
9.961566 -7.298039
9.393152 -7.173965
2.393769 -7.784654
3.695508 -7.535769
3.099750 -7.468078
5.495471 -7.247838
5.160564 -4.310442
6.319131 -1.340830
8.139066 -1.621068
6.331878 -7.004121
8.111333 -6.808891
6.085431 -7.128993
4.434010 -5.702712
5.810899 -5.305707
4.915493 -5.468539
5.908066 -3.753609
5.072801 -4.383898
2.641391 -4.069192
3.849658 -2.368583
5.754357 -1.478080
9.284103 -1.189189
9.109875 -0.915692
11.910423 -1.156398
13.123356 -4.489501
19.095074 -4.738816
16.325256 -15.012450
14.391735 -9.321640
15.096144 -12.382315
16.660080 -13.468287
14.008691 -5.841262
12.466629 -7.358877
13.035550 -6.775737
11.162758 -6.743330
5.779935 -6.961198
5.262006 -7.508015
6.626108 -7.030582
6.117787 -6.623247
9.923765 -7.449018
9.707753 -13.206824
9.305717 -10.534095
8.924293 -11.478398
15.647608 -12.551404
18.612961 -13.519042
8.288923 -7.678742
8.080233 -7.810879
4.375309 -6.160189
7.619598 -7.916639
6.448986 -8.081216
8.652056 -12.478127
7.977942 -10.074336
9.584695 -14.097310
13.382323 -13.286479
15.323581 -12.616811
16.612621 -13.929649
14.872375 -7.843776
17.382856 -7.574811
10.808344 -13.112463
16.123587 -8.214849
13.223725 -7.390179
6.224923 -6.137455
2.248665 -14.343401
2.293725 -12.384354
1.171659 -11.873074
2.594044 -10.738851
1.592808 -8.434200
2.396483 -7.971320
7.999149 -7.621921
3.983709 -7.170882
2.844599 -5.824070
4.183401 -8.083379
5.652078 -8.153790
3.587143 -13.387964
3.037932 -7.976713
-0.345221 -9.088944
0.550382 -11.129974
2.084772 -12.103539
2.830922 -9.103677
1.241037 -11.292508
0.913013 -8.794795
2.721772 -8.643648
8.160410 -10.589314
8.625406 -11.252645
7.895854 -11.723516
7.959397 -13.523742
9.045238 -9.889597
8.300570 -13.769126
13.211332 -14.797037
10.358007 -16.058653
9.861647 -15.169425
8.852372 -13.496398
9.024756 -12.729195
9.728378 -14.218998
10.352070 -16.380960
13.855661 -17.199203
14.088360 -14.998225
13.701132 -14.713828
8.172494 -11.078551
9.208160 -10.932052
9.933447 -7.493724
8.276741 -7.808721
9.313387 -8.127372
15.285606 -15.430450
5.396841 -5.236310
4.318046 -7.618643
5.777255 -6.469829
4.831195 -7.799480
2.164652 -9.029881
2.770252 -13.418040
4.842356 -14.502925
5.010270 -13.363576
1.296174 -11.112928
2.442240 -11.064032
0.297894 -9.243156
6.082244 -7.430150
4.806643 -7.804556
2.515232 -9.592189
1.383982 -10.275764
8.605175 -9.263989
8.670584 -8.904105
7.416603 -7.279616
14.672884 -9.801496
15.726477 -12.262918
16.722250 -6.118378
8.009027 -7.217834
9.337933 -10.183435
8.523043 -9.770877
8.461330 -7.544108
3.453394 -7.717016
6.984105 -7.459815
7.407930 -6.871984
6.273457 -2.593365
5.497016 -5.680700
5.234807 -5.827123
2.164654 -7.562339
2.232275 -9.850402
1.892753 -7.256915
0.660271 -9.865716
1.476731 -8.884611
1.606427 -12.162953
3.756219 -15.041698
8.011687 -16.262989
15.319854 -19.458559
8.897968 -16.447750
7.856128 -11.375970
8.768628 -10.752593
8.485115 -10.425858
7.789141 -7.731425
8.708624 -9.906222
7.987687 -10.236670
3.682184 -7.873437
4.523170 -6.849613
4.058514 -6.954091
2.628090 -4.893084
6.114073 -7.648766
4.572920 -6.272646
2.653012 -6.142078
2.651580 -11.377095
2.657852 -10.364245
1.613486 -8.047419
1.796496 -10.715877
2.014430 -10.156019
1.435713 -7.652101
7.434539 -7.705213
9.640338 -7.557846
7.303915 -7.073467
8.919079 -7.229610
7.946859 -7.081251
12.105140 -7.391411
9.383629 -6.730752
6.401736 -7.988685
6.246981 -3.118879
5.335614 -4.642879
4.551160 -6.205766
6.313256 -0.009960
8.979678 -0.874531
9.555822 -1.497231
5.632395 -0.269417
4.605997 -3.029157
4.819459 -5.385561
5.486793 -4.135719
7.115441 0.861792
8.086123 -1.344450
7.017978 -1.357393
7.263032 -0.162944
5.718410 -2.797647
4.734526 -4.318755
4.905353 -4.916846
6.142248 -5.860338
6.549189 -7.427510
8.601814 -7.133546
8.497973 -8.467578
8.734056 -10.953189
4.414490 -5.368574
5.119844 -3.383773
0.330637 -9.620196
2.650832 -14.651685
2.118060 -11.013860
1.130063 -5.529170
2.683588 -5.592145
2.400138 -7.229048
7.824288 -7.367626
9.364735 -8.408635
8.928299 -9.353673
12.298661 -5.853300
7.451331 -7.849196
8.693039 -8.454555
8.401624 -9.444840
7.463029 -7.486136
15.277950 -10.667134
16.280218 -11.226786
15.157245 -10.292052
13.646374 -16.723618
0.599725 -14.091961
2.327750 -12.598691
0.386893 -14.406942
2.080612 -13.038383
3.688139 -17.372353
6.992181 -14.101497
5.478537 -14.853244
1.889034 -13.182405
1.431178 -11.588668
8.845505 -18.883799
13.069979 -17.485764
8.971386 -18.900663
9.815390 -17.840765
5.972209 -15.187664
8.502968 -8.453728
16.959764 -17.408327
15.662274 -13.260225
8.092528 -9.429311
8.886897 -9.978908
10.787733 -14.891498
14.689360 -16.592138
12.751266 -13.258941
14.928320 -13.044759
16.412851 -9.346202
11.121260 -7.197033
7.733143 -17.140528
5.447956 -15.699327
7.913233 -11.347894
8.638947 -12.922685
7.853885 -13.377137
8.657279 -10.589520
14.917724 -10.923375
14.848206 -13.458861
16.331539 -9.030366
16.712116 -5.211891
11.687397 -7.734614
13.260521 -5.558135
13.465824 -4.433971
13.939123 -5.477359
12.542611 -3.457155
10.280520 3.094008
8.470262 -0.396501
14.468399 -2.565980
15.089739 -2.913242
12.109076 -5.932456
7.934644 -9.906661
7.124753 -7.981140
7.331243 -7.652897
12.445501 -5.899012
13.231252 -6.282992
13.096982 -3.197906
12.811440 -0.426479
9.420942 -6.975971
8.226431 -9.197577
7.126884 -16.560438
6.318452 -15.427023
8.710327 -14.214249
7.987547 -11.047570
8.543034 -9.736779
9.940539 -7.567993
9.978778 -6.768054
7.054703 -7.928458
7.255869 -6.893510
7.593554 -6.832166
6.127306 -7.313433
7.831133 -8.109760
8.240021 -7.600931
10.889780 -6.780861
13.252019 -6.280693
12.226376 -7.617462
7.224254 -7.441035
8.562129 -7.242022
8.260693 -9.020604
8.285940 -10.335670
8.551660 -9.805668
9.006053 -8.923141
6.760567 -16.249514
10.101767 -17.133741
13.043512 -15.247170
14.974051 -9.153794
15.466251 -8.735659
11.922400 -14.758883
11.545273 -13.869265
10.369877 -13.408265
8.634147 -11.355298
8.335711 -12.997962
8.082674 -8.988497
8.333943 -11.383143
9.145002 -10.414474
7.378046 -7.308590
6.544276 -7.502539
8.523933 -8.867017
14.675533 -11.842459
15.308640 -16.742180
9.334313 -11.020262
6.895645 -7.322900
2.821133 -9.281258
3.459769 -7.956511
3.027186 -7.458352
6.377112 -6.149943
5.797228 -7.399807
5.315283 -4.445557
3.839309 -6.484233
2.379651 -7.168762
2.182376 -9.422572
2.468983 -10.401108
2.604492 -11.096219
1.612257 -9.309514
-0.875499 -9.400475
6.009787 -13.214366
6.789713 -7.591505
9.181122 -11.108264
2.215956 -12.470513
4.451923 -15.268635
8.617723 -10.220775
8.851659 -10.437399
7.890419 -9.306071
8.004947 -9.257648
15.024950 -7.743081
12.326719 -4.004185
11.949545 -0.828711
8.960967 -0.306013
8.143434 1.225869
7.559657 -1.085606
6.224494 -1.991037
6.415207 -1.977872
5.573945 -0.635911
5.811955 -1.476996
5.011121 1.510018
8.281587 0.168332
5.790060 -1.888809
8.704660 -0.433125
7.694124 -1.395237
8.935464 0.578772
8.069606 -0.765908
9.784940 -1.478508
12.966412 -0.659892
12.006186 -7.817866
12.777310 -4.870443
13.372939 -4.509343
13.154453 -4.877751
9.350765 -13.080296
8.074884 -10.738994
14.601573 -14.251544
8.270606 -9.225888
8.607356 -9.659871
8.017820 -8.550138
12.566816 -13.748102
12.590919 -14.337678
10.763983 -7.627304
10.658710 -7.003769
9.364693 -9.552062
8.646437 -16.039618
5.614482 -14.884838
6.678115 -16.228758
10.277460 -14.392077
10.219192 -13.358058
8.241657 -10.175544
7.772722 -7.213490
8.367798 -8.485365
7.809170 -8.111554
9.251885 -10.885123
6.356045 -5.888470
6.086685 -7.641145
4.548965 -7.798178
5.468076 -6.292339
3.809027 -6.326895
1.812195 -6.629488
0.641869 -10.594105
2.063521 -14.773035
6.862621 -14.181872
6.152915 -14.957425
6.320153 -13.730704
8.026023 -12.173582
13.350697 -15.738608
11.660242 -13.434489
1.161662 -9.882421
0.077325 -11.354262
-0.403071 -11.944782
2.800069 -10.025572
1.670495 -10.129949
2.073325 -7.845917
0.696235 -10.537918
1.775801 -9.239810
2.186259 -10.617990
0.903210 -9.241527
1.173967 -11.829928
9.115941 -9.564916
6.134340 -8.045852
8.371097 -6.810993
12.448904 -3.130954
12.791615 -5.079320
9.048921 -10.995979
9.538064 -14.282245
8.788729 -14.888387
8.385013 -9.551931
8.422089 -9.695347
9.067607 -11.058871
11.874153 -6.248858
13.624149 -4.678351
10.365815 -6.871071
11.335077 -13.512300
6.139240 -13.216896
4.371596 -5.646301
2.401206 -6.743219
4.397596 -7.337421
1.687512 -9.410718
2.298281 -10.457950
1.120601 -9.308033
1.171909 -6.642660
3.841933 -6.048656
9.275337 -8.426294
6.474938 -7.280214
5.879824 -8.080474
0.089098 -11.454241
2.015484 -11.209121
2.033081 -9.066771
2.779770 -8.000532
5.547694 -5.859344
9.198296 -6.939601
10.107709 -15.844234
8.765509 -16.135897
8.435843 -10.505790
11.738751 -16.911158
6.310508 -7.479853
7.829866 -7.672661
4.985703 -6.011246
7.089392 -8.084602
12.892805 -5.714418
12.355585 -5.822546
11.773323 -3.083859
8.990358 -9.290352
7.112009 -6.711429
8.497807 -8.534568
6.603959 -7.260279
5.097146 -2.655047
6.034095 -5.572604
6.168713 -7.771251
7.681700 -7.341140
9.119451 -11.508554
8.318385 -11.969161
8.749678 -10.711233
8.089832 -10.135813
2.267769 -10.308881
1.988313 -9.971593
1.952406 -10.993369
2.614251 -8.630003
1.582885 -10.390341
1.271706 -9.253252
0.302376 -9.022656
0.431481 -10.388673
-0.019107 -8.000447
2.909588 -7.338172
3.987422 -7.289996
2.573286 -9.100357
1.686721 -11.100061
0.414250 -9.251579
1.490844 -5.896247
2.477658 -13.854479
9.776050 -15.432936
10.213311 -14.114259
6.950882 -6.846917
6.119884 -7.359668
4.502541 -7.935279
6.727563 -8.158191
9.256138 -9.540271
8.805797 -10.059359
7.478921 -6.746280
4.215714 -7.749243
4.692073 -3.593201
3.961425 -4.041881
5.903349 -1.628849
6.833277 -1.632755
7.424018 -1.005821
3.656041 -1.448802
5.578840 -2.500102
6.187391 -1.923239
6.263604 -8.035192
7.112520 -7.301504
8.678146 -8.023206
7.434477 -7.704054
5.746666 -4.518599
11.449472 -7.632490
11.697719 -7.030819
9.061309 -9.754949
9.128381 -10.784857
8.008680 -10.362960
9.342078 -9.832500
7.880311 -10.975184
8.849823 -12.705615
7.855453 -8.476678
9.336626 -9.351736
9.344434 -10.798820
12.962053 -14.518821
8.112642 -16.602354
7.231639 -8.137753
7.058475 -7.839273
1.650306 -9.445237
0.651134 -10.989509
2.201257 -11.845231
6.919810 -14.270778
-0.826864 -15.939534
6.143180 -13.660579
2.772758 -7.987443
-2.028133 -9.770102
0.911263 -10.518531
2.776589 -8.172399
3.973991 -4.911509
5.083733 -5.947823
15.581300 -16.175951
16.984735 -15.584397
9.285521 -15.762776
15.183805 -19.442236
11.162460 -17.577555
11.529310 -14.892120
6.896850 -7.284537
2.544612 -10.532497
-1.995498 -9.701459
8.712048 -11.428658
8.103598 -8.303335
7.280018 -7.169848
7.527731 -7.911494
5.312356 -5.649753
5.706341 -6.517425
4.677729 -8.147283
5.598807 -6.092040
3.674937 -7.459462
4.409873 -4.511185
5.617777 -8.032729
4.714016 -5.038099
4.726263 -6.622903
4.142570 -6.179976
2.423033 -7.286800
2.262421 -10.798610
2.826418 -13.890168
10.475897 -12.856429
12.709789 -13.703622
14.809244 -12.297963
12.365234 -13.360643
14.091627 -16.421301
8.467852 -9.174207
2.763335 -8.947932
0.922956 -10.774173
9.897347 -15.463592
10.411003 -13.955441
6.201990 -3.073160
3.461301 -4.112698
5.930846 -2.728060
6.305412 -2.687842
6.113060 -0.108356
5.459649 -0.411470
3.122095 -0.171736
7.027658 0.166266
8.264991 -1.084506
10.670815 -0.987507
10.173567 0.037710
5.237247 -7.959999
6.423394 -8.009192
7.831253 -7.747797
16.843826 -10.156646
19.357212 -10.984803
18.229691 -8.951099
13.235687 -6.570107
7.159048 -7.179154
5.864746 -6.677032
6.081403 -5.311922
5.273753 -8.200445
15.365686 -11.930345
14.003696 -15.536016
7.792620 -17.771894
6.203361 -15.537751
4.475206 -13.771251
2.971954 -7.740180
2.472471 -8.035892
2.579945 -11.319844
8.621147 -9.161878
7.280715 -7.805534
8.608991 -9.237166
8.428205 -10.182368
9.332007 -10.485309
8.569396 -11.969613
9.951677 -13.731645
9.484076 -14.347189
9.549436 -13.531487
8.523750 -9.630851
9.072055 -8.496291
8.783450 -7.628661
6.826406 -7.720298
9.987959 -7.592187
10.701204 -7.402099
9.276465 -7.556009
11.545017 -7.560215
8.382799 -12.230723
7.957236 -10.109446
11.351587 -12.978297
5.027790 -13.726398
8.617067 -9.893945
11.013990 -13.138056
12.440528 -13.153783
9.042133 -1.634588
5.827730 -4.413748
6.008522 -7.509940
4.168086 -5.265517
5.141156 -6.821936
6.142532 -6.100203
4.778994 -5.961501
15.028408 -8.557226
12.771435 -6.953272
11.749155 -4.584887
7.284962 -6.970627
5.984880 -5.690599
5.657961 -4.862336
8.794999 -8.579559
9.464000 -7.517913
8.862377 -7.681636
10.132891 -6.654866
5.599847 -7.908407
2.475150 -8.580520
1.726878 -7.738740
5.427288 -6.043283
12.083179 -4.072340
10.136273 -1.494544
8.556619 -1.445696
7.087415 -0.939450
5.251571 -1.516275
5.927484 -2.018303
6.425154 -5.219322
5.876761 -3.403008
5.784306 -1.835810
9.177100 -0.832915
8.151162 -0.036560
6.401156 -1.215743
5.104841 -3.255968
3.572868 -7.501259
1.652496 -9.039684
1.560509 -9.819992
-0.553685 -10.008254
1.769816 -10.689571
5.537827 -13.298882
2.477340 -17.340040
2.070137 -16.770401
6.017813 -13.800862
1.883077 -12.585763
7.366203 -14.487826
7.857969 -10.492046
9.171631 -10.285367
8.214630 -9.904962
7.854636 -11.971281
7.887595 -9.501945
8.174832 -8.852800
8.533934 -6.731837
6.135943 -4.270665
5.639571 -4.864691
3.691558 -7.982149
5.122725 -6.676635
8.378269 -7.590270
7.355497 -7.131660
4.655611 -7.173574
8.037050 -12.500447
1.730476 -9.988881
1.972702 -12.493735
1.289381 -13.628640
6.048474 -13.218287
6.136706 -14.524591
5.623571 -15.640315
-0.443488 -12.459847
5.788363 -14.444373
11.411646 -15.772822
14.248952 -14.268663
16.350473 -17.865650
12.301233 -18.183474
9.388760 -17.549055
8.803619 -10.831330
8.275791 -7.621062
8.720107 -9.200097
9.244119 -10.555894
8.938311 -7.133974
6.399825 -7.389271
4.837877 -7.084243
5.744911 -6.535401
4.811575 -6.918334
1.590857 -8.171225
2.833705 -8.397964
8.378458 -8.279785
4.510796 -7.378980
5.869704 -8.019256
8.852152 -7.878007
9.339130 -8.662930
6.178743 -7.035094
4.704657 -5.137983
8.862103 -10.702697
9.545265 -14.514943
7.618051 -17.178696
9.018889 -10.597114
2.300752 -11.132058
9.098469 -9.806179
12.723804 -2.829534
13.261410 -4.745710
14.400667 -10.058022
13.969090 -15.798113
15.121478 -9.109694
17.481272 -13.256822
16.469189 -11.925834
16.646751 -14.450923
17.014311 -14.059672
16.148304 -11.885501
14.075710 -5.830398
17.889429 -3.925987
9.891138 -0.873452
9.498091 -1.523077
8.833090 -9.505628
8.995541 -7.658994
3.344458 -8.167285
5.431575 -7.505944
3.372932 -5.375964
4.390882 -3.742551
4.871188 -3.385587
6.443870 -0.916982
6.306280 -0.915335
11.984829 0.245304
11.996587 -3.466549
16.452677 -2.133586
16.021837 -11.898641
13.997629 -14.368857
10.705975 -13.324207
10.621515 -14.697538
7.579473 -14.602468
6.317105 -15.478660
2.380953 -14.731955
6.752038 -13.314965
9.304383 -9.525428
8.427873 -8.628932
6.037984 -5.056255
5.959170 -6.971644
8.568214 -8.134032
8.508233 -8.583398
6.960445 -7.216309
5.501643 -7.032767
7.082526 -8.140225
9.721411 -6.843333
8.425316 -9.122537
8.823179 -9.541749
8.715390 -10.774035
9.263357 -15.163416
5.506888 -14.202115
4.641131 -14.660027
4.805820 -16.018383
4.908994 -13.582058
1.703921 -13.698064
0.942067 -12.820923
1.645679 -12.153611
-0.316958 -8.737605
0.741639 -10.463155
8.112918 -11.249712
9.017550 -12.164138
8.276119 -11.933812
7.961787 -10.549942
-0.502251 -12.007135
0.967051 -10.014092
5.079718 -8.185695
5.407355 -6.508041
3.808536 -8.157935
6.290384 -5.712878
2.133480 -6.677562
1.693488 -9.301165
2.474336 -11.148886
2.534250 -10.859316
2.312474 -11.359179
2.759323 -11.036715
1.503089 -10.878313
1.053097 -12.029542
4.257765 -14.934333
6.834546 -7.198245
8.428818 -10.871408
7.526238 -14.318762
5.459794 -15.563422
7.359772 -15.871789
6.996532 -7.532670
8.777245 -11.133737
6.776310 -7.725426
2.599949 -11.814392
8.659918 -12.385736
6.873384 -8.027739
4.424998 -7.313705
1.702203 -9.024138
2.250754 -10.847558
6.173968 -7.979660
7.178164 -7.582977
7.449544 -13.969212
6.219363 -13.978478
3.763147 -13.715545
4.456363 -3.855876
4.987708 -5.481093
5.368892 -8.140935
3.775051 -7.363494
2.627275 -10.752450
2.102527 -9.039126
2.250282 -10.922263
0.564981 -12.107081
3.134764 -6.378847
3.643762 -4.120236
5.171019 -7.165481
9.224224 -11.043712
9.271233 -10.550613
8.231057 -10.273895
8.260020 -10.020427
8.556673 -8.970090
8.899270 -7.740293
6.665870 -7.696494
5.581754 -5.686448
6.016118 -4.650891
6.342179 -7.842558
8.537758 -7.949238
9.799165 -7.523849
9.299854 -11.636966
8.966562 -10.012923
2.015971 -8.853139
1.102893 -9.473756
2.477410 -10.222080
3.006924 -7.021065
8.666058 -0.233516
8.948110 0.341027
10.212091 -1.512045
8.451715 -1.579638
11.788403 -1.653535
11.576833 -1.689588
10.618492 0.845586
5.890010 -0.132242
4.638112 -2.966233
4.754464 -2.698502
7.297065 -0.768248
9.496956 -0.620828
11.729776 -1.293624
10.105719 -7.512592
9.234902 -10.482464
8.624224 -8.314873
6.728030 -7.066816
0.873117 -9.849313
2.411717 -9.878633
1.102627 -10.012737
8.375251 -6.812983
8.432733 -8.811424
17.082998 -6.947120
6.077532 -15.392703
12.423177 -14.462193
8.854295 -11.053928
9.356256 -10.500495
13.196922 -7.217306
12.775984 -7.565056
9.847821 -7.402874
15.281189 -5.003454
11.064270 -0.437359
12.809002 -3.106933
14.892664 -4.353411
12.121888 0.167082
10.646490 -1.061780
8.240122 -0.621086
8.633501 -0.538903
9.484956 -1.110273
8.815250 0.404477
16.790297 -10.077365
17.676390 -12.549110
12.541353 -13.476533
4.918743 -7.651541
4.938286 -6.149439
10.270487 -6.957964
10.445988 -7.478817
10.496168 -7.496362
10.263180 -7.482916
7.946023 -8.377013
8.533327 -8.677565
7.791045 -14.527374
8.979806 -15.892697
10.399733 -14.499709
10.103698 -14.057324
9.291448 -8.921596
9.087401 -10.631957
10.242848 -7.178689
12.152612 -6.575108
13.079042 -7.114949
19.531597 -15.374655
13.569764 -14.373459
8.132161 -8.912082
9.264527 -11.351755
4.183414 -6.473374
7.646591 -7.429214
6.917478 -8.067244
4.116124 -4.916739
6.250487 -5.708423
4.020298 -7.326955
6.318361 -6.788182
8.384197 -6.696014
9.099613 -10.097930
8.808952 -12.490003
9.043740 -10.924020
8.475092 -16.348318
6.788632 -13.395878
0.887205 -11.843709
5.611704 -14.308539
5.274933 -15.165595
11.373537 -13.245873
2.681746 -10.085362
2.812565 -7.269631
6.313818 -7.568396
4.110011 -6.876215
6.153017 -7.682421
9.635167 -6.885114
5.435914 -7.272816
7.245067 -7.670027
9.185960 -11.877277
8.701702 -13.616536
9.409021 -13.115014
8.546992 -12.434113
2.716847 -10.648231
3.444758 -6.461206
2.410080 -7.357794
8.023829 -10.260116
1.241510 -10.222286
1.961820 -8.919206
4.376443 -5.987494
6.433827 -3.852981
5.882686 -6.103652
6.221973 -3.526762
1.209449 -9.192841
2.584116 -8.838405
2.193473 -8.235036
3.297695 -7.780469
1.057594 -9.256167
2.486617 -12.387197
1.242521 -9.449771
0.177246 -9.401064
2.608023 -8.210910
5.047376 -6.825106
8.164959 -8.049879
4.071933 -7.930954
2.271575 -8.044981
3.125964 -4.940978
5.302034 -7.236600
7.766675 -6.961664
5.897419 -6.872628
4.822678 -6.854428
10.604863 -7.338963
12.689109 -13.326183
14.279592 -16.268915
14.614055 -10.548397
10.739705 -13.554881
2.888198 -7.260424
3.765701 -7.376326
2.138532 -8.339110
1.717822 -10.821129
8.149437 -9.320752
8.564260 -10.965564
8.805653 -9.974986
9.163995 -10.433335
7.473450 -6.768328
4.437093 -7.873295
5.449847 -5.955482
3.926018 -5.345306
7.309775 -6.803155
0.418041 -11.328345
2.628491 -11.070544
0.896833 -12.290498
1.502236 -11.729082
7.292439 -13.521502
5.288391 -3.911637
5.188562 -4.493144
8.004049 -8.599469
8.032207 -7.922441
8.240601 -10.184422
6.022998 -3.207066
4.899602 -2.857458
6.600462 -7.590053
8.490206 -8.422123
6.724059 -7.922795
7.940336 -7.164685
0.404196 -8.840755
-0.523320 -8.290344
2.200750 -11.768882
2.717243 -12.741158
0.802485 -17.700640
8.130043 -18.717503
2.968324 -13.358350
5.361889 -13.567725
8.463905 -14.589194
8.184385 -9.362075
6.422815 -5.526035
4.393823 -5.019756
5.560190 -7.455620
7.621573 -8.014988
5.524467 -3.334312
4.416112 -6.177200
6.397360 -5.098588
3.966657 -6.044926
4.225053 -6.314018
5.494012 -6.589220
7.821841 -7.770339
2.788560 -10.953431
2.442878 -10.249282
2.168316 -8.366183
3.966954 -7.693554
4.763033 -7.846192
1.804005 -7.829899
8.367517 -7.784681
8.010254 -10.066175
7.236752 -7.085578
7.515179 -8.182077
8.406174 -6.680016
11.128127 -7.734550
13.225496 -7.484035
6.768946 -1.548383
8.990038 -0.506610
7.986847 -7.920055
5.054211 -3.762157
6.292394 -2.655588
8.737621 -7.133304
8.650282 -10.006150
16.045364 -8.733845
15.311816 -11.211740
13.080898 -14.167243
8.383885 -14.277667
-0.959937 -14.396324
1.893057 -11.341891
2.151246 -13.225876
2.233657 -8.165252
2.630159 -6.640269
2.803525 -9.839820
0.678512 -8.190179
5.705513 -8.026742
5.284117 -7.981321
3.244907 -2.497253
5.556261 -4.232773
8.238356 -7.026323
6.056698 -8.146782
2.369686 -8.632157
1.787998 -8.781803
3.737763 -7.535128
8.389398 -10.001568
7.959586 -8.747132
7.995441 -9.090211
9.234596 -7.482003
5.335393 -7.668086
6.002504 -7.324211
2.427262 -6.614308
5.856632 -7.543584
2.016640 -7.536972
1.063910 -9.462404
0.083117 -10.417134
0.613169 -9.136071
1.281708 -8.084499
2.781811 -9.285359
2.806581 -10.011300
1.955343 -12.997663
6.869934 -13.887093
6.615038 -13.289693
6.074967 -13.915602
8.929613 -16.396807
9.296863 -11.719459
8.485950 -9.767850
4.113758 -7.943098
3.363258 -6.716933
3.262823 -8.154377
3.128165 -8.139746
6.229738 -8.114733
5.440444 -7.742997
8.947130 -11.511827
8.247540 -10.513037
14.206836 -6.538017
9.208139 -8.839334
8.483685 -9.500078
6.171788 -6.864566
9.131845 -9.429576
8.294083 -11.205989
9.227262 -13.875522
8.593082 -10.748630
9.349369 -9.037037
12.976911 -5.181519
15.267786 -4.993806
11.018427 -7.395824
12.971731 -6.897922
17.727062 -9.678025
13.922157 -14.510276
12.925679 -13.281636
12.774183 -15.621295
18.328049 -9.410544
13.713606 -6.870018
12.744742 -2.586844
11.284458 -0.910351
9.485401 3.773836
8.215567 2.571363
7.421646 -0.284659
8.170539 -8.738509
8.443931 -8.177341
6.715649 -1.491804
8.994853 -7.624121
7.373341 -7.469423
9.264045 -7.030879
9.225106 -6.853303
16.070330 -7.995023
11.647000 -4.835716
5.928610 -6.594622
8.171836 -10.243741
8.103793 -12.108645
-0.690669 -10.541641
-0.091409 -9.370573
2.232769 -7.082325
4.264862 -6.729683
3.085587 -7.626698
3.623161 -6.692957
2.238213 -10.292045
1.199493 -8.602957
1.499997 -9.090691
1.614450 -9.091613
5.163714 -7.918884
3.728695 -7.999796
9.138700 -8.369632
8.870291 -9.423139
8.813452 -12.248802
10.183092 -7.524009
11.015264 -14.986671
6.197940 -14.438914
7.890398 -15.586986
8.722305 -12.190524
11.159881 -13.494075
12.123498 -14.002070
12.293113 -15.979005
16.523937 -10.932050
14.434385 -9.099513
11.839060 -5.267738
5.462156 -3.672939
5.968957 -4.836903
2.873904 -4.698700
7.561979 -7.751257
11.208772 -7.383483
9.314784 -7.752815
8.467590 -11.114533
9.340610 -8.414127
6.868062 -7.154579
8.009508 -8.016999
7.522120 -6.753656
10.531179 -6.816680
7.879586 -8.524417
6.202277 -8.104167
3.730908 -6.834689
9.147583 -7.331420
8.955212 -11.295165
12.681205 -17.939358
12.471159 -14.282020
12.087054 -13.226439
11.245820 -14.101492
7.750510 -13.350482
10.151106 -14.973900
11.346201 -15.120062
10.596482 -12.862908
8.907495 -10.954420
8.396581 -9.121959
8.045425 -9.348048
9.314939 -8.007046
16.937744 -7.884375
15.591538 -10.416639
19.510189 -9.982681
14.140834 -5.514582
15.371023 -8.869624
17.459993 -10.745625
13.637088 -15.293634
14.836384 -12.242435
14.261060 -13.221766
18.982939 -11.995431
15.326472 -7.123225
9.044242 -11.807487
8.511800 -7.076190
8.529385 -9.298077
9.087352 -8.929897
8.321546 -9.689040
8.226404 -10.733280
7.850117 -8.644263
7.853089 -8.062608
8.923269 -8.745933
2.330566 -9.291320
1.059003 -9.151458
2.104661 -9.076254
1.624392 -9.530325
2.661243 -9.628526
4.732834 -7.328166
2.941458 -7.365496
2.878282 -7.688460
4.575625 -8.015532
4.979985 -6.518754
7.364591 -13.235018
11.523491 -13.411653
10.922740 -14.080932
7.883561 -9.947116
9.146596 -10.541821
8.085489 -7.690403
6.306218 -8.197286
3.543452 -7.192020
4.163458 -7.422113
5.545610 -6.402700
7.384428 -8.006860
8.713573 -8.130289
8.368741 -8.898322
8.458481 -8.816418
13.536957 -5.470047
15.409527 -10.453286
8.427391 -13.791220
7.854604 -12.048667
10.555039 -13.235192
17.016241 -8.679528
14.923814 -6.334727
12.388641 -6.926281
15.976382 -6.768109
14.173890 -6.175003
11.545797 -6.281969
12.650421 -5.184588
15.468700 -5.828134
15.677826 -10.116417
10.468513 -1.090155
3.238524 -5.860077
4.593784 -6.386832
5.573722 -4.484695
7.842829 -7.279490
8.369456 -6.811395
10.779607 -7.815558
10.085844 -6.668303
2.939267 -7.005605
3.135582 -5.498122
2.606565 -8.712882
2.196950 -10.613254
0.746651 -7.833132
3.357389 -6.428262
4.023620 -8.154890
7.773246 -8.171072
8.683392 -6.728786
5.373838 -7.076374
4.956207 -6.760406
3.706862 -8.036616
2.817203 -7.237220
2.519647 -8.668804
-0.510804 -10.024083
2.462024 -10.113238
-0.076430 -9.905940
3.893077 -5.166192
4.630330 -8.020570
5.168404 -7.035666
3.226366 -8.068273
-0.948981 -9.047409
1.005707 -9.312340
1.377241 -8.934896
1.826417 -9.279443
1.951761 -8.503009
-0.470419 -10.230643
1.289247 -11.776429
2.920164 -14.837879
0.390799 -12.225522
5.048670 -14.492448
4.247132 -13.344647
-0.357119 -10.204358
2.253413 -10.447935
1.703568 -10.534178
3.051127 -7.590213
4.774480 -7.575775
3.815553 -7.869565
1.225945 -8.149426
1.569334 -9.292799
0.746596 -11.638646
1.604886 -10.577564
2.777526 -10.243913
1.881423 -12.078385
0.229090 -10.453158
0.640982 -15.268868
-1.414736 -11.999408
2.542251 -4.962681
3.934869 -3.225281
3.547786 -5.637190
3.952813 -7.243554
2.650337 -7.960058
2.558341 -11.106776
2.349476 -10.707662
1.982792 -11.145602
1.713761 -9.533616
3.661415 -6.510511
5.875959 -6.731106
5.331580 -7.434297
5.572889 -6.972886
5.233579 -7.714697
8.214922 -8.266312
8.057539 -9.444329
9.216742 -7.567376
8.528731 -7.238932
17.043373 -7.444420
16.812258 -10.472651
14.735568 -10.038322
15.198680 -15.469548
12.005591 -13.189493
12.846447 -13.743501
4.344040 -15.101974
0.284180 -13.924201
2.043680 -14.729218
9.062725 -14.716923
8.598071 -10.862065
8.714215 -8.513135
8.891861 -9.685677
8.228776 -8.135446
8.895362 -8.755456
9.086025 -10.895750
9.140194 -9.230488
5.384165 -6.799143
6.430933 0.413266
10.278270 1.580171
9.777464 1.178972
8.782196 0.010976
9.391089 0.222902
5.964806 0.329193
6.510728 -0.947393
9.146839 -0.800339
8.626414 -1.263220
8.459187 -0.782699
7.861782 1.098472
4.314680 -2.794056
4.901044 -4.958224
5.551278 -7.149837
6.437933 -7.967088
6.303526 -6.814350
3.682935 -7.774642
8.715656 -9.297610
15.233479 -9.664868
17.274929 -13.486352
16.697351 -6.271479
18.931013 -14.564569
18.392464 -16.364338
15.023792 -16.099726
11.197028 -16.436247
8.885284 -12.147460
9.192957 -8.719657
9.005713 -8.124905
5.554540 -6.571037
4.488551 -1.634162
6.047701 -2.186238
5.690407 -2.481412
6.426211 -3.704346
3.937186 -4.374140
4.298312 -7.276007
2.535788 -7.904166
5.470650 -7.936808
7.825003 -7.464787
8.744103 -6.859689
5.366932 -7.534341
9.542520 -6.839463
8.376955 -8.862189
8.954483 -10.711713
8.826957 -6.839757
9.780654 -7.664186
5.506818 -7.095705
9.715724 -7.548858
7.486513 -7.044702
10.804851 -6.681611
8.456882 -7.590206
9.296444 -9.598939
9.233960 -9.999507
8.854930 -9.775340
8.494287 -9.358809
9.194937 -9.302489
9.100800 -12.297349
8.572670 -9.492326
9.234043 -13.265754
8.084903 -12.850570
9.211536 -9.640144
9.108660 -12.340508
9.792247 -13.918900
10.094584 -14.101337
7.606315 -1.296046
9.869547 -1.622926
8.033389 -7.255180
12.142135 -6.838856
12.545331 -1.343084
11.446305 1.946236
8.230121 -10.002872
8.125144 -11.614785
8.945193 -13.068881
8.013521 -12.340157
0.459697 -11.536775
8.292151 -10.929597
8.264521 -13.081222
6.244937 -13.485124
7.884414 -12.830221
2.324106 -11.561149
2.751503 -12.305665
1.741083 -9.187620
2.078327 -11.327374
-0.560519 -9.704139
1.406110 -10.390557
1.366358 -13.018048
2.796220 -14.555661
6.442394 -13.240184
5.439663 -13.443040
6.675383 -13.972320
9.813698 -12.982450
8.961460 -12.743294
7.939610 -8.875069
8.485479 -9.651832
8.239903 -8.623824
2.191011 -12.262412
1.189494 -9.322472
0.891746 -9.886200
-1.535426 -12.245014
2.676414 -10.639413
1.101953 -12.431088
5.072161 -14.429168
4.164569 -13.416180
-0.572089 -13.075333
1.176106 -9.828361
2.638829 -10.163213
1.093861 -8.869046
4.085543 -6.434745
5.647434 -6.509745
5.737009 -7.153353
4.797877 -4.575768
6.049884 -4.556352
2.771236 -9.612765
1.824242 -9.772966
2.349397 -7.293401
6.402810 -13.949988
2.630529 -10.393733
2.065086 -10.909871
7.911266 -10.988191
8.414873 -12.293049
8.932463 -11.122190
6.867118 -13.488633
8.689142 -11.217879
2.173609 -12.005259
2.025326 -10.244113
2.377964 -9.463480
1.125430 -7.975709
-0.086774 -8.034894
0.044471 -11.313349
2.552163 -12.627543
2.008459 -8.536574
1.378903 -6.288319
3.531582 -8.111596
10.755960 -6.786845
10.462316 -7.682634
4.455222 -7.110879
5.923911 -7.694952
6.812932 -7.054620
10.032222 -7.610892
10.184406 -7.675228
5.408199 -7.942774
6.206835 -5.243564
4.562824 -5.537093
4.141590 -7.113634
2.643971 -8.228772
1.619445 -10.283250
2.214123 -10.724309
0.734048 -9.526542
3.253935 -7.909854
3.474116 -7.362768
2.632488 -8.115826
1.929801 -9.194171
2.731761 -11.534163
4.175650 -13.528155
7.049119 -16.463987
11.580551 -14.456522
8.879817 -10.386348
10.227854 -13.294637
9.897534 -13.010380
14.460882 -11.904832
7.646899 -7.697732
8.799700 -9.879718
8.054982 -7.668715
6.596501 -7.409426
9.015448 -10.838528
0.172702 -10.751233
-0.972344 -10.918494
1.026878 -9.291802
-1.117846 -10.915749
0.780690 -10.142270
4.547993 -7.851171
5.564600 -7.623082
2.503142 -10.779033
2.586746 -13.246188
3.896557 -13.585114
1.108221 -9.621129
0.974211 -7.568296
4.214046 -6.983136
6.411585 -5.889155
5.013258 -5.507517
8.130643 -8.270520
7.553595 -7.178636
5.404500 -6.947490
4.869872 -2.104984
4.982567 -5.905137
7.425509 -8.026973
7.928913 -10.588564
4.002149 -7.305626
0.120173 -9.964646
1.287273 -7.812035
5.437285 -7.493276
5.921733 -6.996054
6.502359 -7.268708
6.009739 -5.429034
6.255579 -5.290392
11.700998 -7.791468
7.505906 -7.249004
8.868632 -10.091146
11.325747 -7.655936
7.962259 -9.381433
8.734748 -7.778432
7.906075 -9.016827
9.741325 -13.205262
7.893420 -11.028768
8.121454 -9.689948
9.160793 -11.280827
8.810189 -11.775549
8.667521 -9.795329
3.953557 -16.608362
5.310341 -16.260971
14.442575 -11.433259
7.762558 -14.325175
9.057388 -13.335134
12.579741 -6.841935
12.628315 -7.064971
15.489686 -7.649987
12.686045 -1.682487
14.141572 -7.474335
4.046603 -16.290308
2.064202 -13.546004
7.047731 -13.299942
5.284029 -8.035757
8.233158 -9.360279
7.994699 -11.978772
7.958975 -12.540177
9.117185 -9.958735
8.804424 -10.314997
8.933726 -11.995725
8.274949 -9.562082
8.220484 -8.655190
7.650063 -7.655613
6.463447 -7.095894
2.900180 -8.102294
5.487302 -6.291977
3.053846 -7.288175
2.264555 -8.423926
6.096246 -5.428707
2.010885 -7.795746
1.661147 -9.752007
2.461509 -10.486024
2.265973 -10.305730
1.796624 -11.726055
1.513921 -11.075711
2.282469 -9.818213
2.657631 -8.171802
2.292729 -8.982553
2.339270 -9.350427
1.471987 -7.302582
3.470481 -7.037735
4.517314 -7.501397
6.094979 -7.848677
6.942543 -7.004949
8.653318 -8.939631
7.551213 -13.364613
5.830731 -14.108150
6.264649 -8.117936
5.712676 -8.152778
3.802737 -8.111937
4.292655 -8.083406
5.797873 -7.307441
6.120939 -6.836390
3.518339 -7.397923
1.498922 -7.150800
0.382142 -7.830314
1.129842 -10.612884
1.358967 -12.306439
2.778193 -8.168495
2.504266 -8.805405
-0.185225 -11.819211
0.448277 -11.165298
2.320421 -11.199896
2.828364 -8.908449
4.786007 -14.267522
8.069610 -14.424342
8.220347 -9.745525
7.916417 -8.815515
5.533535 -7.777520
4.570124 -7.051097
5.325908 -5.469803
1.231249 -9.519559
2.152885 -7.741955
4.939283 -7.876696
6.359756 -4.992172
2.408943 -5.358013
2.769755 -9.108546
1.662807 -9.240329
1.841594 -9.544045
0.970501 -8.092769
-0.929612 -12.886833
3.681118 -15.209794
4.209691 -15.829276
6.826551 -15.475234
9.418496 -17.984755
8.816455 -14.564419
7.927488 -8.492487
8.922335 -13.467424
13.426183 -15.807424
14.482397 -15.243871
1.391403 -14.173818
2.664963 -11.996055
2.724630 -8.036455
4.060746 -6.537041
4.991601 -7.447671
5.806041 -6.092724
6.417453 -6.408305
8.976214 -10.437524
8.468756 -6.779358
5.695571 -2.555636
8.284488 -6.771349
10.808302 -1.592323
11.111164 0.281230
11.850026 -4.860172
4.713548 -4.161110
5.483535 -5.275952
8.804280 -10.629478
6.400820 -8.102047
7.846578 -0.904037
11.599401 -3.952681
12.365988 -5.317627
11.939541 -7.215806
9.213504 -6.830061
12.454849 -7.064436
11.604895 -3.701655
12.295643 -3.346893
12.808914 -4.892585
11.814097 -7.420547
8.590431 -9.235482
8.421148 -11.697827
9.186790 -11.691960
9.284666 -11.841809
9.370990 -9.763391
8.750927 -7.294385
6.734514 -7.462600
7.247980 -7.438577
12.045454 -7.108761
15.620888 -7.832378
16.940556 -16.120420
12.406258 -13.791553
12.528549 -15.247945
12.640108 -14.072732
13.840523 -12.924755
15.605606 -14.449040
13.504728 -13.481527
9.655560 -7.472530
8.269938 -8.259057
10.291266 -12.972583
9.040033 -11.820907
8.543629 -8.522610
7.912722 -7.154568
7.721327 -7.041251
6.119094 -7.442447
8.181555 -8.177017
9.275239 -7.832108
6.162140 -7.851573
6.522844 -6.798484
1.972594 -9.005359
1.363650 -10.740696
-0.162119 -11.155929
1.867315 -11.535063
1.618178 -9.769199
-0.939551 -12.905625
4.656869 -14.630815
4.150783 -14.131053
5.432327 -13.213536
5.656462 -14.241065
8.679837 -12.146216
9.029548 -9.454213
7.992912 -10.967368
7.967930 -12.770164
12.410375 -12.884743
5.763700 -15.177396
8.053548 -12.774716
5.511280 -13.413480
8.919104 -17.922991
5.532509 -6.502783
7.075528 -7.970911
6.599753 -7.341223
0.484587 -10.634805
-3.391902 -9.781960
-3.771879 -10.956073
-5.424678 -17.156240
-5.004745 -18.767376
5.929999 -15.459444
9.313803 -9.789630
9.386028 -10.896352
11.183162 -15.544390
9.552362 -13.159045
8.146963 -10.604942
8.854936 -8.980197
8.520999 -10.435124
7.964614 -15.084851
8.187378 -16.036123
9.339210 -9.191619
9.081503 -10.121123
8.376822 -9.698215
9.359814 -11.740194
7.335699 -13.743645
7.932121 -14.134598
10.997568 -13.097091
13.720966 -15.686913
19.575195 -15.210666
10.393277 -13.208742
9.420026 -13.298574
1.915158 -9.021241
10.272764 -6.854429
6.533753 -7.603692
3.347939 -6.753962
2.832656 -7.167078
13.185736 0.947620
10.943534 -1.387502
6.779347 -6.964643
7.924945 -9.495808
8.506165 -11.061746
8.187344 -11.754006
8.902797 -7.424268
5.295591 -6.896993
6.562587 -7.030138
4.761030 -7.352440
9.238606 -8.894543
8.531126 -11.168504
8.680688 -10.465778
8.298574 -10.509684
6.056606 -7.719596
0.431679 -8.396081
1.180266 -9.398658
2.292313 -9.330480
1.351427 -12.431600
1.150623 -12.841318
0.885770 -12.463948
1.748225 -11.770753
0.705427 -9.682088
5.796341 -7.169366
8.192159 -7.179281
6.712780 -8.028926
6.785369 -7.192215
7.124939 -8.062718
6.864489 -8.012635
7.436004 -7.209915
10.284578 -7.430566
11.359992 -13.516511
7.469848 -14.128879
9.690983 -14.172170
12.769663 -15.456815
8.520388 -16.914913
7.933639 -14.421926
2.763953 -8.266603
2.368898 -10.008239
0.750257 -12.513744
0.524947 -14.098543
2.018143 -12.245828
7.906483 -11.057667
9.189131 -9.011319
8.839115 -8.209718
10.191372 -6.655542
10.621123 -7.741506
8.072755 -6.954355
7.782631 -7.004340
8.548034 -8.061181
8.112044 -0.831932
7.295118 0.734290
10.926485 -1.448109
9.416161 -0.374242
10.013997 1.857203
12.140642 -2.921468
12.818763 -6.195053
17.073593 -4.057381
11.523815 -6.603977
8.067583 -11.406730
9.018538 -6.789401
11.090732 -6.843909
12.030265 -7.397532
15.991325 -11.613604
14.420141 -11.818339
16.127796 -11.489440
11.537743 -6.013654
8.574094 -10.752606
12.132933 -2.392375
12.229607 -4.075150
11.910778 -3.816260
12.568661 -4.213140
11.916876 -6.918753
10.265646 -7.400113
11.689031 -6.624113
10.942455 -13.717491
11.396149 -13.397923
14.822632 -13.834835
10.939731 -15.457953
8.431501 -17.351934
8.028470 -10.478234
8.256138 -10.072225
8.646133 -10.636339
9.228943 -10.521111
8.127167 -9.483949
8.414854 -8.258762
7.298605 -7.834036
6.615145 -7.376621
10.098118 -7.186018
4.069761 -15.660022
5.406248 -18.090248
10.509483 -18.657589
9.646214 -13.686006
5.018660 -13.498348
5.768110 -14.170825
9.576643 -13.058461
4.232198 -13.580468
4.457545 -14.667076
8.150595 -13.739930
14.211136 -13.949038
15.359146 -9.207219
14.663673 -10.284423
16.220770 -8.736451
13.635377 -6.150367
12.674046 -2.856976
12.376971 -4.155180
2.835219 -10.814145
2.231308 -9.515562
2.591449 -10.035110
8.448259 -7.324802
9.294158 -7.850633
8.093279 -9.629134
9.233367 -8.185030
8.182976 -9.526505
11.851372 -5.562783
10.655084 -7.689105
15.506519 -6.912449
19.709206 -5.601398
10.142944 -7.009669
7.675735 -8.029021
8.279485 -6.882249
7.607205 -7.541943
8.472600 -9.955398
7.986523 -9.821733
9.129068 -8.341296
8.737864 -9.583611
7.884957 -10.176593
2.715323 -11.872352
2.332510 -12.444407
2.768579 -9.735057
1.187322 -8.562119
2.555927 -5.531554
1.728308 -7.325170
3.139915 -3.438988
6.989823 -7.446713
6.538394 -6.937233
1.257865 -8.098191
1.989729 -9.667966
2.404090 -8.483489
1.068496 -10.916037
1.802112 -6.879106
1.186119 -9.513816
2.415737 -7.433859
6.443304 -7.962757
3.874132 -7.973095
1.261304 -7.701576
7.161461 -7.548793
5.899837 -7.511321
4.750943 -7.907945
1.863278 -11.940118
2.375758 -16.551052
1.045613 -12.721493
2.564957 -11.845128
8.888425 -9.010177
9.341067 -11.182893
8.630118 -9.178389
8.673890 -9.095289
8.674136 -16.280798
7.300066 -14.633536
5.752656 -14.049867
6.232996 -13.311525
6.946243 -14.463861
16.494642 -16.112820
15.530640 -10.540901
16.429632 -13.737224
9.397779 -15.286559
8.917421 -9.614092
8.666080 -11.221696
3.723275 -7.102015
2.588532 -7.769065
2.507786 -8.842353
2.329309 -10.022981
2.980077 -6.662256
3.753734 -7.595927
5.079422 -7.976491
8.134615 -6.669563
12.263474 -3.234005
13.606420 1.448260
10.760885 1.050141
2.667860 -8.496706
1.983020 -8.523360
3.130287 -8.060500
5.091134 -7.955605
5.553823 -7.963715
5.977810 -7.592483
7.196006 -7.469603
9.173680 -8.388169
7.986762 -11.322478
12.037615 -13.712761
8.821259 -13.871398
8.178144 -10.236586
9.553962 -7.514714
7.862254 -12.327651
8.280025 -9.202584
7.861678 -10.201589
6.159033 -6.526525
5.351559 -8.200444
5.562768 -6.447120
5.746053 -7.464144
-0.331865 -7.674969
4.364783 -5.225240
2.772024 -10.243262
2.643003 -10.168831
1.250467 -7.998329
2.155382 -7.914106
2.119156 -12.945774
1.471817 -11.794784
0.533336 -11.497576
-2.394163 -10.996407
0.176217 -7.752778
0.507755 -8.947325
1.650022 -8.022514
0.014650 -9.241164
2.211427 -10.727473
2.442156 -14.146419
7.284503 -16.347578
3.408211 -14.630401
-0.901549 -13.799283
2.388699 -11.794408
8.183590 -10.354981
3.878687 -8.154899
9.615150 -6.956836
8.956225 -8.943591
9.296502 -8.219886
4.009645 -13.294367
5.460773 -7.340739
-0.252017 -12.260392
1.327685 -9.260921
1.596016 -9.514636
2.793709 -5.713204
0.560138 -7.266649
6.257311 -7.149724
3.473200 -7.490238
2.373888 -4.956362
2.646160 -4.671367
3.973808 -4.559816
3.679169 -7.433105
6.391544 -5.797983
4.900655 -6.160375
6.177352 -7.975768
8.502939 -8.213200
10.045221 -6.912517
8.445627 -11.418861
8.846405 -12.128233
11.050319 -15.241562
9.783239 -12.899587
15.578201 -16.635490
16.203318 -10.932660
13.111351 -13.697014
2.727627 -14.718558
7.842747 -13.524064
4.243582 -6.756321
5.660734 -6.830751
7.909603 -7.253380
10.317969 -7.065050
8.498690 -10.735181
8.856430 -10.258857
8.147060 -8.361062
3.808836 -5.488401
5.572920 -5.358117
10.205314 -7.540496
11.482038 -7.504010
8.230928 -11.391021
9.541716 -15.633510
13.478758 -13.231049
12.741323 -15.755874
9.801174 -17.393784
7.280122 -13.303132
6.288842 -13.746015
8.321837 -11.099238
6.294333 -7.073508
1.531319 -6.309507
8.995512 -8.206087
8.224811 -7.713346
6.618332 -7.546939
2.020327 -10.304334
2.133989 -10.321095
10.435812 -12.843500
7.785069 -13.265661
8.751899 -12.432561
7.806365 -7.419541
7.853107 -7.060998
6.187053 -7.096512
7.827661 -7.182415
6.206563 -7.511767
5.603437 -4.679312
4.827624 -5.538362
5.556304 -6.807012
4.944565 -4.681001
5.144218 -5.873626
5.691063 -5.839478
8.771422 -1.462574
3.976893 -7.192400
1.671252 -12.026570
-0.422032 -12.538478
2.599044 -10.550291
3.731997 -13.576749
9.365715 -8.829638
8.485395 -8.630274
10.556980 -6.734167
8.221045 -6.712837
2.554127 -6.148665
4.177931 -7.646217
1.664818 -5.276084
4.761094 -5.473110
8.718676 -7.306411
8.138330 -12.718513
8.281302 -10.802658
9.000799 -13.653501
8.695089 -12.124454
9.279022 -12.207429
8.184538 -9.988425
5.226726 -7.761241
5.753365 -5.796759
5.738071 -5.876503
6.189675 -6.814883
8.393130 -7.103710
5.763389 -8.033052
3.923530 -7.600191
1.273174 -8.382096
-1.978906 -10.033775
3.893778 -5.466054
5.154023 -7.129204
3.183138 -8.199191
2.517424 -7.698953
2.331114 -12.115733
2.537890 -9.846124
0.882119 -14.152476
7.688163 -19.033247
9.679312 -14.182035
6.487185 -13.648143
7.943866 -14.416124
8.927422 -12.696714
8.077528 -6.946921
8.475207 -11.089564
8.119517 -8.472073
6.269050 -16.404531
5.430015 -16.560190
7.566137 -13.316708
1.526901 -10.917341
1.563312 -10.354777
0.767081 -9.636758
0.281329 -14.173614
7.037414 -18.045984
9.230021 -15.973313
5.444661 -14.553419
6.508453 -15.301793
8.105146 -13.673231
4.613866 -7.683949
8.930037 -8.144992
7.490302 -7.610513
9.271107 -7.482048
13.979318 -3.824530
11.737980 -6.003612
12.408167 -0.537557
9.476830 -0.138832
9.880186 0.478063
12.441393 1.398863
13.504034 -4.481165
12.113056 -5.236376
14.243017 -7.719937
10.887177 -7.798658
2.156097 -7.520972
5.223828 -6.560369
1.910541 -9.525077
2.413683 -9.698663
8.334138 -8.339662
5.434361 -6.910389
10.857916 -7.222010
8.522552 -7.990367
10.995106 -7.174092
6.460548 -7.689397
5.256102 -17.324884
9.608036 -14.094535
9.954457 -17.877758
7.019102 -15.493322
9.654716 -13.389310
12.227270 -15.250896
9.185532 -12.035287
8.225135 -13.963996
13.205521 -13.555640
16.364222 -12.941846
18.080681 -8.383589
11.357580 -7.009748
12.654318 -6.590311
8.284207 -7.361550
9.917049 -7.474785
5.845333 -7.969771
6.142407 -8.018552
7.387659 -7.407834
9.340850 -8.572081
9.042306 -8.618146
9.216113 -9.219693
7.967857 -10.726010
5.948218 -8.103793
10.681787 -6.902121
15.225848 -11.735719
17.013531 -6.663917
8.410878 -6.904450
14.517555 -10.045642
15.846960 -4.394231
13.055683 -4.611630
13.937675 -5.621100
11.814217 -6.762053
12.451448 -1.450611
9.218603 -10.398612
8.247711 -9.085637
8.240219 -11.174160
2.770942 -12.628005
-0.829827 -9.866363
6.182583 -7.287453
7.179772 -7.886380
5.456504 -5.978587
4.462348 -2.290403
7.292924 -1.298721
7.273819 -1.449768
11.367592 1.504665
8.750423 -1.290063
8.675534 -1.555219
5.121826 -6.131097
1.116170 -9.552222
6.021139 -5.474112
6.434466 -5.071661
5.780604 -3.316143
5.037415 -5.973575
1.039863 -8.800219
3.102557 -8.033640
1.065736 -8.549951
1.946261 -8.845422
1.485958 -7.101229
10.170218 -7.182629
7.032515 -6.858238
6.927273 -6.893913
5.091402 -6.107275
5.868404 -4.267886
4.102407 -2.486089
7.296878 -0.661746
11.440165 -1.025034
12.084661 -0.711918
12.003289 -3.105208
14.022505 -6.977424
10.888861 -7.270827
6.171555 -8.047008
5.986237 -6.928583
4.378274 -5.531754
5.212693 -4.188274
5.092197 -2.676705
4.848950 -4.189808
5.874003 -3.593614
6.838291 -7.136450
3.919150 -6.258250
1.200963 -10.034352
2.664667 -7.947401
2.842834 -6.715333
8.085918 -8.782351
9.607460 -6.765010
8.922778 -9.015089
6.982813 -7.117629
4.761485 -5.473100
4.659169 -2.730549
5.701975 -5.118498
5.967712 -4.220009
5.769445 -4.038085
5.060521 -6.910094
6.628572 -6.876309
6.170380 -7.269085
4.599841 -1.025588
7.911781 0.111122
8.384879 0.603599
7.748115 -1.550767
9.647832 -1.089550
9.240433 -0.993596
8.875454 0.139569
7.725853 -0.406079
5.945227 0.447223
6.066876 -2.495216
5.730631 -0.047469
8.336784 2.136725
7.568043 0.521979
9.133139 -1.161363
5.973327 -0.060980
5.684060 -6.860624
8.080721 -6.854819
10.030890 -7.185074
10.339064 -7.495940
7.239362 -7.052321
5.223621 -7.033616
8.810201 -7.646106
5.559050 -6.964694
6.349058 -3.157883
8.775647 -8.553150
5.713175 -8.038690
6.019440 -7.414595
5.389162 -6.565576
8.417973 -9.227887
7.113699 -6.983693
9.223329 -8.950250
8.879578 -9.395636
5.842588 -7.832801
8.923648 -12.158088
8.226141 -10.694322
7.001660 -15.963696
1.730541 -13.344421
2.210506 -11.302533
2.754685 -8.003388
8.897846 -12.248809
8.128700 -9.883383
9.310612 -10.251073
6.903480 -6.743950
5.720470 -7.903088
1.495199 -11.092881
1.563692 -13.253461
3.360246 -15.283587
6.595945 -13.678372
2.453703 -19.691858
1.282774 -12.294206
0.894271 -10.180270
2.007644 -8.826959
2.320639 -11.819312
1.488521 -12.777055
9.119884 -8.845186
17.305309 -6.662233
12.341575 -16.613676
9.908953 -13.499310
13.071628 -14.278262
12.777508 -7.784232
12.978700 -3.501099
3.902530 -7.826933
2.740105 -5.526506
2.548929 -9.724576
2.399550 -12.190845
2.262757 -10.256639
2.361556 -9.578459
6.000302 -13.707696
4.635572 -13.386203
8.472136 -7.141237
6.344768 -7.949057
5.598439 -5.551391
2.944642 -7.724914
2.682195 -7.903596
4.070201 -4.819345
6.174794 -7.306827
8.721215 -7.618223
8.135979 -10.605450
9.087274 -12.684661
-0.526085 -10.373964
0.933084 -9.805369
7.417599 -13.308853
6.367652 -17.151781
3.336714 -14.849787
6.075150 -14.745397
8.446830 -13.340793
7.928176 -14.858971
7.410801 -14.028644
9.187287 -11.587836
8.038147 -11.215538
5.487597 -7.734304
1.982290 -10.649524
1.763569 -12.319741
2.566391 -15.252870
-0.063503 -15.798777
0.086333 -13.957863
0.835685 -9.585232
1.881267 -9.045884
-0.049680 -10.722841
2.108982 -9.931239
0.781656 -10.305617
-1.579994 -11.002341
5.339300 -5.257357
4.660591 -7.999089
6.713200 -7.432794
6.055290 -8.076314
6.620406 -7.104093
8.115221 -7.461894
7.618571 -7.815637
7.825534 -15.472026
1.597980 -15.935460
7.143106 -19.315413
5.829385 -13.607255
-0.096811 -9.976882
2.069448 -10.023609
-1.175272 -9.143395
-0.062420 -7.365664
2.754127 -8.765160
1.196768 -9.578833
0.631321 -10.756486
5.877285 -6.478070
5.394036 -4.749712
6.393386 -7.854836
6.265987 -5.971689
0.883530 -9.540198
2.699657 -9.900814
1.481558 -10.539779
2.819221 -11.357080
2.401347 -10.194244
2.095682 -9.498975
1.008210 -5.869565
1.312628 -7.810528
4.545289 -5.022621
6.671757 -7.393394
6.522470 -14.641898
3.972981 -14.620242
2.331202 -10.405247
-0.191861 -10.257815
1.827151 -14.070916
3.724754 -15.495022
9.962235 -15.523474
9.227827 -12.118717
9.250845 -10.939777
8.272757 -11.746937
9.339480 -8.933263
7.031000 -6.694960
5.577478 -7.349358
6.113834 -7.899688
4.388140 -7.466054
5.119320 -7.043994
4.787178 -6.036294
4.517902 -6.825840
-1.465375 -6.519548
0.131683 -7.692674
2.771652 -8.938920
0.111181 -10.983722
1.354444 -11.068267
3.974794 -14.894697
8.077426 -17.301220
7.903506 -19.439024
3.699019 -19.008295
6.060455 -13.635517
10.027018 -17.534056
8.449235 -11.980395
8.212294 -11.532502
8.270010 -10.591460
7.684615 -14.840457
5.383835 -7.123599
6.122543 -6.451728
5.149726 -5.633754
6.190711 -5.975413
2.448054 -9.555757
5.072545 -7.521422
9.972939 -7.660865
6.697164 -7.712578
6.940104 -6.807960
9.011484 -10.974658
7.974849 -7.103315
10.266359 -7.546834
10.393632 -6.804002
8.058398 -7.718062
5.830545 -8.119242
3.795453 -7.073507
8.814116 -7.426640
6.195118 -7.188202
8.359581 -10.138124
7.976273 -8.791563
6.389625 -13.287616
5.862730 -14.578279
6.001081 -14.322530
3.745819 -13.835238
1.688623 -11.612096
0.837698 -10.238984
2.787372 -12.788746
0.212361 -9.808559
0.959315 -10.963295
-0.394044 -9.151243
1.548613 -14.351275
4.271959 -13.583497
2.831074 -13.155294
2.188395 -9.543076
0.262577 -12.099775
-0.425033 -10.230488
1.285660 -11.167644
8.542484 -11.507641
3.576443 -7.871413
4.043571 -7.397853
5.973716 -7.989996
1.597427 -11.873991
2.237420 -12.355608
1.634245 -9.812000
9.060815 -14.862538
7.681981 -14.049735
-1.041747 -15.596980
0.634254 -10.230205
1.139627 -11.673919
-0.043870 -14.318894
-0.421190 -10.008283
-1.376350 -9.104187
-1.319261 -10.237197
-0.685737 -9.041621
-0.223083 -8.583142
8.382220 -8.961160
8.184551 -11.728461
7.901927 -9.741622
2.008091 -6.824733
3.722186 -5.808995
2.662379 -11.775584
1.292909 -9.064733
3.372038 -5.998313
0.560759 -10.264831
2.616068 -10.655461
0.763115 -10.159390
-0.396190 -8.886022
2.454702 -8.373514
5.368805 -6.752044
9.239024 -7.660054
8.167750 -10.538242
8.574756 -8.181930
9.120314 -10.144377
7.921959 -8.570270
7.763080 -7.378482
2.506679 -7.812812
2.812449 -5.359001
7.434585 -7.044155
11.358270 -7.104256
2.144471 -7.408748
2.699094 -9.482192
2.490304 -10.482800
0.731951 -13.131320
1.930103 -13.095881
4.973464 -16.976343
6.946457 -13.816639
8.738190 -15.402985
10.391063 -13.151217
12.345394 -16.153986
9.348948 -13.713998
8.427560 -11.118027
9.360224 -9.366848
8.602396 -12.645570
7.149909 -17.280762
12.017229 -15.307920
7.383970 -13.350053
4.986107 -16.269659
5.628959 -15.686211
3.464547 -16.016893
-1.166483 -10.722580
1.112071 -11.221865
0.554396 -10.547769
0.684996 -9.170574
1.702174 -7.772942
2.299848 -8.500464
4.730808 -6.471554
7.338511 -7.824613
6.544869 -7.052535
8.773503 -6.912901
7.906312 -10.609590
9.555477 -15.500827
7.550080 -13.938996
11.034034 -14.239047
5.494308 -6.651463
3.544872 -7.958171
4.192232 -7.768788
2.402789 -9.728393
9.084080 -10.003287
8.382354 -10.754321
9.263790 -10.702867
9.246284 -12.010198
11.478378 -5.062864
7.942769 -10.261085
8.450110 -9.228095
9.872417 -7.120052
13.043825 -13.726359
10.580803 -13.136499
8.620367 -16.926432
8.923040 -11.974406
12.256084 -6.474726
7.581379 -7.791458
8.882800 -8.822312
7.987639 -8.743558
8.603571 -8.462832
8.829404 -13.642373
10.859834 -16.918039
8.502475 -12.553369
7.927521 -12.293913
8.514313 -11.714784
8.099730 -10.896188
8.079552 -10.116263
5.563849 -7.318769
4.285807 -5.887848
1.860258 -9.360299
2.677254 -9.396464
2.643049 -8.203269
-0.160370 -9.580441
1.460465 -7.900624
4.673187 -7.543859
6.987063 -7.409855
6.565419 -7.988395
3.913604 -5.223016
5.594453 -4.748244
0.865609 -9.097478
2.812785 -9.039260
0.028201 -7.097037
-0.097145 -8.280145
3.291625 -5.899185
8.524227 -11.841555
1.896197 -11.672483
-0.524114 -11.727800
2.450122 -9.313043
1.456353 -9.867035
1.472347 -12.075768
2.069852 -14.268285
4.028149 -13.560875
8.227070 -14.789707
7.861332 -9.714718
9.282580 -11.764624
8.175606 -10.649981
8.818609 -7.513241
12.560890 -6.843421
13.249191 -6.295605
16.105680 -7.510569
15.991467 -12.174548
17.500233 -11.448958
15.893185 -16.152910
15.796769 -17.486944
9.253948 -10.234079
4.141156 -5.805695
8.463261 -7.488179
9.080886 -8.246028
7.629681 -7.836443
12.805212 -7.713789
2.428200 -8.009618
-0.152353 -10.011937
2.730626 -12.369523
1.960611 -12.140379
0.274892 -10.188288
2.468598 -10.170426
1.371921 -10.405053
-0.796702 -6.763920
2.401397 -8.873426
4.057388 -1.913041
5.376785 -4.679709
4.753124 -7.672006
4.890359 -5.387871
1.934245 -8.590699
1.391161 -12.086342
2.147684 -12.525672
1.570090 -8.762185
8.308980 -11.332701
7.917609 -9.817069
8.671785 -7.499830
8.415572 -7.818981
5.693938 -7.561490
10.085463 -7.454004
10.112496 -6.894879
11.615680 -5.799233
13.009176 -6.543255
15.011363 -6.732460
15.629763 -12.500142
15.327836 -13.527205
10.685495 -13.524260
10.125935 -15.108957
8.760885 -15.258615
8.991804 -7.843762
8.876405 -10.460619
8.884331 -11.068274
7.623473 -15.897663
4.967487 -15.865837
7.264210 -15.705963
6.782554 -15.216445
1.938824 -10.709790
-0.455538 -10.021790
2.130827 -10.167636
2.816698 -6.669656
2.788662 -7.557200
5.248865 -7.315237
6.174211 -8.046573
6.609409 -7.596429
8.798950 -8.335474
6.433419 -7.723725
6.720578 -7.825419
10.082559 -13.795377
14.721159 -13.478461
7.846013 -8.349586
8.871037 -11.044683
9.053158 -10.243739
7.969041 -9.462710
8.341725 -14.067555
15.480267 -14.782840
10.782375 -16.493269
7.252053 -13.924283
10.034577 -13.500964
9.022193 -8.684052
8.938136 -7.884287
8.020812 -7.263088
7.317838 -7.184305
4.057241 -6.585075
5.358984 -3.691463
3.164588 -4.650237
4.892582 -4.657413
2.129992 -7.384967
7.615933 -7.533046
4.131917 -5.939302
2.100420 -8.890834
2.591048 -10.030656
8.412511 -6.734651
6.056210 -7.556223
8.339459 -10.512444
8.963565 -8.567533
8.192381 -8.235310
8.364934 -10.668014
5.417799 -6.528928
7.309369 -7.008726
9.714643 -7.145136
5.956996 -7.971205
5.490175 -8.099799
5.815992 -7.428158
4.325416 -6.769073
4.567849 -6.685294
7.793830 -7.859686
8.623509 -13.385365
7.756851 -13.548691
10.274156 -17.085758
13.782089 -18.135849
8.699521 -14.107259
2.585756 -12.458388
0.301123 -12.130157
1.523962 -12.569074
1.393342 -10.288116
0.900459 -13.000311
0.380175 -14.878905
4.396726 -13.206964
4.751740 -13.640061
2.768412 -13.797370
1.875890 -9.092218
2.326671 -8.227355
2.951690 -8.108594
-0.238884 -9.995126
-0.018880 -11.982417
0.247096 -12.869170
2.103518 -9.755500
1.635558 -9.753311
1.684106 -11.414330
0.376983 -9.465512
4.759459 -4.690894
6.360929 -6.943660
8.164610 -6.706050
9.699524 -6.663421
7.627730 -7.545798
9.303317 -9.248034
9.328142 -10.748078
9.373719 -8.219038
8.590834 -8.666084
8.119733 -8.555313
8.209183 -11.746621
12.610584 -15.909284
7.984327 -17.991823
9.245232 -8.442512
7.379804 -7.747288
6.057625 -6.597164
5.911592 -3.951995
6.333875 -2.479856
6.452303 0.781898
8.053223 -0.894507
7.961453 -1.491863
8.548023 -0.754421
8.263636 -0.718236
5.051254 -1.857567
5.613091 -4.114415
6.276303 -4.609786
6.296116 -5.022500
5.090786 -3.374028
2.544014 -4.185925
4.970088 -6.823658
5.817816 -8.137374
5.706753 -7.466172
3.955923 -6.776875
3.935587 -6.893713
2.765888 -9.674564
1.366460 -9.850745
1.685332 -9.481341
2.299916 -11.045423
1.817584 -8.616060
1.688013 -10.443564
-0.322732 -9.490189
1.389904 -8.710814
0.166938 -13.466947
7.906342 -12.354756
7.945033 -12.818180
10.910430 -12.939929
9.684719 -14.970693
8.861419 -12.393661
2.039798 -10.258627
2.823284 -5.707552
4.112014 -5.141072
3.649506 -7.507674
5.526837 -7.618687
2.394711 -7.469684
3.430533 -6.771107
6.062727 -6.179098
6.783775 -7.524739
8.391741 -7.042271
6.674922 -7.175824
12.410625 -5.218964
8.298726 -8.389498
7.029923 -7.255218
8.072249 -8.334418
8.661415 -9.565931
5.674487 -6.970598
3.258344 -6.910795
2.559652 -9.048416
-2.848561 -13.239281
1.486226 -14.017707
2.736825 -8.520254
6.360633 -5.778559
4.655471 -6.772664
5.006411 -8.089113
2.733283 -9.702746
4.722857 -7.492708
5.949553 -6.913041
8.171841 -9.356542
9.472663 -14.948538
10.816248 -14.570338
10.289763 -12.941850
11.398643 -13.796914
9.916012 -12.979243
12.220564 -12.914594
8.990994 -9.512700
2.349504 -10.889163
1.287869 -9.876569
1.886286 -10.013750
1.510082 -10.259726
2.035227 -7.701194
4.313723 -7.864519
5.838662 -7.764718
0.284269 -7.801710
-0.785063 -15.135638
-2.338497 -14.137991
3.138421 -7.007190
0.381808 -9.273021
0.754212 -10.091683
0.979060 -12.364556
6.554653 -16.394835
4.973887 -15.079430
3.606565 -18.097090
1.005570 -13.214136
7.858158 -13.009597
8.900485 -7.747220
12.013745 -7.059421
5.946445 -6.692668
4.410803 -3.386004
5.085130 -3.580507
5.069530 -3.977623
6.393094 -2.064933
3.102067 -7.046489
8.764679 -8.388057
9.626797 -7.034926
9.807753 -6.896019
6.287026 -6.939662
4.940641 -0.748433
9.503370 -1.541119
9.977344 0.505913
13.822786 -2.295475
13.008240 -2.435681
12.258184 -3.844252
14.255531 -3.831903
13.144487 -2.936719
10.590785 -0.132535
14.253863 -2.182247
14.354114 -5.969799
12.138681 -5.112466
6.250603 -6.595719
9.269446 -9.061366
9.055967 -10.014474
2.548609 -10.063702
0.911664 -8.017911
3.897467 -8.164567
4.710175 -7.875498
1.884947 -9.663777
1.151924 -10.920321
9.312971 -8.571910
8.032672 -8.150458
10.266942 -6.841660
8.793605 -8.215775
8.704927 -9.207549
8.480683 -11.431280
9.162253 -11.206943
8.478224 -7.559692
6.556828 -8.191698
1.679052 -10.716117
-0.301154 -10.415808
0.130463 -10.168246
0.306568 -11.052413
5.141123 -6.929264
8.557447 -9.974741
1.534289 -11.395448
8.614721 -12.536305
8.663328 -11.946498
9.206676 -12.212924
8.692415 -10.273394
7.939801 -16.365122
10.667207 -13.693430
10.469943 -15.422659
14.710083 -13.834208
10.595674 -6.739611
6.714081 -7.089787
8.421815 -9.974042
7.430201 -8.175229
6.537948 -8.163778
8.016200 -14.346214
4.729699 -14.726846
4.028176 -13.210109
0.143358 -13.086766
-0.844379 -11.096822
0.708563 -9.159045
5.634939 -13.950398
9.133826 -15.309439
7.513216 -13.802684
8.241711 -10.558124
8.239272 -10.017102
8.356361 -7.750490
6.130181 -7.564111
8.125596 -7.574617
6.923244 -7.166333
6.416849 -7.305707
5.049572 -7.342015
6.621437 -6.654181
5.296095 -6.977622
0.141849 -8.570344
-1.333580 -9.840683
9.094271 -10.334187
8.348640 -10.647840
8.106874 -11.777974
8.661743 -10.172866
9.239407 -10.567754
8.229283 -12.182782
8.702824 -11.615835
8.918084 -12.741485
10.372048 -13.755918
8.989392 -9.426520
7.597213 -6.878284
6.035426 -7.385813
10.361006 -7.240685
5.661415 -6.768452
0.191198 -9.022794
0.601281 -11.880025
5.527709 -13.255493
7.256111 -13.395249
9.250914 -14.647970
7.944553 -10.673566
6.390550 -5.153636
5.038136 -6.422588
5.435008 -8.152390
4.085934 -7.998230
0.822023 -8.699557
2.455091 -12.090812
2.500847 -14.377847
5.850690 -13.623104
6.323679 -13.408574
7.356629 -13.244450
2.392375 -10.131389
2.361319 -11.147481
0.031821 -8.983115
4.175685 -6.983002
7.066998 -6.843200
3.124929 -6.616182
3.986048 -8.111677
0.965519 -10.322489
2.517733 -11.281516
2.680145 -12.665693
6.193432 -6.090631
4.987368 -6.421470
7.619598 -7.610020
8.144633 -8.013032
8.498244 -9.278925
8.494611 -8.134565
8.117330 -9.076443
5.900892 -5.261264
6.024098 -1.083731
7.089099 -0.199366
13.090704 -1.888008
9.583076 -0.837206
6.281654 -1.331595
7.286158 -1.557400
9.790283 -1.487877
12.086698 -0.096942
13.304052 -6.855965
10.770498 -7.717537
9.617891 -7.054071
8.972245 -6.812535
8.189713 -9.468517
7.982585 -10.136991
8.296535 -12.125033
2.306811 -10.957359
1.354030 -9.275034
2.267690 -8.675817
0.828523 -9.942773
5.416381 -7.826453
6.277901 -6.555997
4.450200 -5.541816
3.220343 -8.183597
7.001026 -7.379943
8.818326 -8.340655
6.100583 -6.722594
9.238006 -8.888270
8.939275 -12.673955
8.959541 -12.961543
8.762987 -8.708646
4.295268 -7.667181
5.445230 -6.931540
3.950486 -6.924097
8.444021 -8.606461
8.407758 -9.947597
7.812476 -7.926744
7.997956 -7.234076
9.068748 -7.401518
12.455567 -2.925940
11.731906 -5.516509
12.025227 -7.756825
13.819724 -7.360772
8.025455 -7.764064
8.503779 -8.699766
8.076345 -9.474322
4.934186 -7.081889
5.479717 -6.599436
4.995512 -5.574985
4.718925 -5.218513
3.666536 -7.855625
7.190762 -7.097338
6.208148 -8.077866
8.435497 -9.232860
8.020189 -8.306453
0.009432 -7.977870
1.806173 -8.346173
7.348887 -13.684456
5.408538 -6.846728
5.530396 -4.430792
5.484897 -13.226718
8.278238 -11.607718
8.312939 -9.781562
8.879032 -8.374364
7.266960 -7.987840
6.627985 -8.070831
9.046663 -7.591501
8.380285 -10.102388
9.081683 -10.280830
8.774383 -10.398228
7.968655 -10.684859
7.261051 -7.674365
8.617423 -7.474100
8.752255 -9.129820
9.268525 -7.879614
8.707006 -9.498778
10.272902 -14.397347
10.583330 -14.346560
8.716184 -12.300213
8.865861 -7.676527
8.588806 -9.765138
7.674178 -14.035167
11.795300 -16.842438
11.883101 -19.235582
13.485868 -12.841887
8.887550 -9.490034
8.263222 -7.187057
7.946249 -10.858361
8.846308 -12.225936
8.987812 -8.459641
15.726699 -13.182738
13.794870 -13.296191
12.219707 -7.551663
11.172496 -13.755319
3.764897 -8.000473
4.206105 -6.527080
6.365480 -7.072083
1.561406 -8.463203
1.705327 -8.725129
-0.285563 -9.067319
1.878466 -11.558761
2.144741 -11.126402
1.815042 -8.834726
1.701056 -8.201133
1.728491 -7.521138
0.605341 -6.761670
2.059400 -6.211471
9.351778 -11.796563
7.597168 -7.503623
4.820948 -7.334856
7.004831 -7.807848
5.037815 -6.388209
6.022171 -7.175501
4.904603 -7.550846
4.681794 -8.106082
2.537833 -9.700594
2.677257 -9.247315
2.585609 -12.631713
6.058589 -15.178279
3.840387 -13.760973
9.815344 -13.962480
7.540160 -15.143014
7.750862 -14.592546
2.211100 -13.480239
0.321706 -10.365489
1.707920 -9.216313
1.578448 -5.800770
1.593555 -8.871978
4.071051 -7.687679
8.366436 -11.133342
7.540064 -8.147951
3.690955 -7.455735
11.126159 -13.991570
11.626421 -13.397803
10.789527 -12.921524
3.043947 -4.897433
4.328912 -3.873738
3.018020 -2.967362
9.098888 -9.463622
8.466682 -9.155198
8.756908 -8.582936
8.238420 -10.366809
8.354559 -10.846959
8.313387 -7.001874
9.072211 -13.768883
8.870353 -7.564244
8.671462 -9.738950
8.788612 -11.755883
8.043022 -12.240267
8.470224 -12.772061
8.217206 -9.187106
8.742234 -10.222259
7.868704 -11.080066
8.416768 -9.640062
8.396391 -14.042571
1.966828 -14.850221
0.734067 -12.285463
2.553823 -9.662096
0.712718 -9.685360
1.509348 -8.463796
8.595518 -13.030423
8.356476 -8.522609
5.590524 -7.824557
9.235148 -8.497044
8.561966 -9.660151
8.297295 -12.857404
0.457654 -12.630073
2.727981 -10.044995
1.768955 -8.460373
2.531248 -9.253285
0.082370 -9.474698
2.189114 -8.229108
6.831193 -7.183716
4.232263 -7.843558
6.027725 -3.949021
3.704694 -7.168121
2.800558 -7.955046
3.713564 -6.229294
4.855830 -7.269781
3.956920 -5.465179
2.557806 -8.169692
4.537241 -6.774187
3.151605 -7.218852
-1.273246 -12.404092
2.386364 -10.410825
1.911324 -7.030647
2.197588 -7.562091
-0.159988 -8.405941
8.533417 -10.074466
8.953787 -7.575776
12.967212 -6.681390
14.615133 -5.651688
14.813173 -8.494972
8.474716 -8.456141
3.589403 -4.586050
4.290203 -2.332663
4.769308 -2.193592
5.383143 -4.737884
1.935414 -12.125688
5.388636 -13.651647
-2.078761 -10.909270
-0.991113 -8.376267
2.416677 -9.648000
4.097639 -13.344350
5.906397 -8.033704
7.873764 -8.838529
9.261738 -9.201226
2.530528 -11.466622
1.632317 -12.508680
0.078881 -12.769248
8.424547 -9.847118
10.087816 -13.084548
3.356416 -5.734665
6.564687 -8.183197
8.115667 -9.608380
7.681260 -7.594321
5.684069 -14.868310
3.712250 -13.279983
4.545033 -15.651090
2.013036 -10.599978
-2.221921 -11.163527
-0.917900 -11.110538
3.167368 -13.258103
6.853127 -14.904321
14.925830 -11.445616
15.094789 -12.656501
14.254237 -7.159757
8.063740 -8.705878
6.209088 -4.864759
3.189232 -7.633808
1.622188 -6.917375
0.156707 -8.727994
1.563263 -11.412515
2.759021 -8.776992
1.935221 -12.417457
1.104310 -9.541789
2.726752 -10.715610
3.693334 -6.558688
6.159206 -6.926300
8.417069 -7.362743
7.960705 -8.661345
9.122261 -10.154148
8.535992 -9.895259
8.703044 -9.091179
8.893602 -14.486136
6.214089 -14.051956
5.741291 -13.943223
4.300018 -17.062237
9.146522 -16.680532
7.987208 -12.937400
7.954426 -10.078912
-1.571525 -11.447034
1.934080 -11.298700
1.825602 -13.546185
0.319788 -9.699039
3.796319 -7.187750
5.296180 -7.537315
5.614741 -13.547705
3.507415 -13.910430
2.491189 -15.417651
2.420514 -12.938963
2.217633 -11.943324
5.490983 -6.486763
2.495648 -5.185722
2.777990 -8.464223
2.714417 -5.754937
8.781710 -8.240770
7.446664 -7.314314
9.472013 -7.143501
6.437648 -5.928550
5.881600 -7.575361
12.167065 -7.084944
6.868333 -6.803294
6.218109 -7.248503
6.065724 -7.764969
4.889884 -5.387570
8.539700 -11.697556
8.911657 -12.908001
9.268055 -9.702618
9.069150 -9.405293
7.742333 -7.733164
5.389134 -7.100363
9.147909 -7.571972
7.987535 -7.553452
8.330474 -7.553268
6.375000 -6.532368
4.108779 -5.398764
6.357010 -7.360511
4.219158 -7.608999
-1.191202 -9.224563
1.402863 -12.170497
1.358776 -13.507341
2.616821 -10.161124
2.788985 -12.519159
0.867101 -8.809516
8.053218 -12.355359
8.679112 -10.642629
8.782391 -10.046029
7.884856 -13.262520
9.078816 -10.535639
8.482152 -10.336745
1.722412 -12.130533
2.386419 -11.645416
2.736636 -9.043370
1.299625 -10.449190
2.420403 -8.573247
4.763984 -7.432070
4.073114 -6.764145
6.456598 -7.385695
6.191874 -4.232546
5.566372 -5.588683
5.601036 -5.593079
7.371528 -8.012997
6.197730 -7.566073
1.912720 -7.302333
8.414891 -10.220823
8.234531 -10.749735
8.410505 -12.240830
14.376814 -12.987157
0.157802 -10.502159
1.210350 -10.516784
1.026856 -9.232302
1.372852 -9.167676
4.439845 -6.998501
3.104870 -13.608505
6.937578 -14.088759
1.448686 -13.584303
0.646561 -11.422097
1.417431 -9.351943
5.797957 -4.513124
4.649009 -7.216109
4.314329 -13.768946
-0.314137 -11.260966
1.185738 -7.821470
1.580305 -6.822752
4.190024 -6.231088
2.715796 -12.345127
2.553551 -10.353357
1.969245 -10.615265
8.654727 -9.033626
14.270414 -4.505489
14.250642 -1.928823
11.861225 -13.152867
8.775699 -8.875459
8.828406 -7.522139
8.586169 -9.182511
7.531376 -0.177028
6.639212 0.358519
5.940362 -1.461337
5.967240 -6.902484
4.621522 -5.429391
6.379924 -6.233398
5.415343 -8.074518
3.066083 -6.202539
3.419470 -7.961392
7.875403 -9.513230
7.862153 -8.274584
8.339283 -10.527881
8.557440 -10.072677
8.996569 -7.853378
7.491694 -6.965593
8.943122 -9.738841
6.002557 -6.292645
3.891183 -8.101795
5.622411 -7.310507
7.870435 -11.565981
8.468614 -9.057086
8.354688 -10.595153
12.516239 -13.018044
10.279434 -13.903813
8.760138 -10.218270
9.728609 -7.354208
4.877336 -7.798749
5.896496 -6.953111
2.712156 -7.883049
1.216009 -9.119237
2.024876 -11.442882
2.449446 -10.658166
14.958355 -10.129157
17.572029 -9.423709
16.964218 -10.146866
15.969168 -10.442538
13.241725 -13.638590
8.352385 -10.815136
8.443890 -12.553567
8.331719 -10.626743
8.664489 -11.855680
8.126509 -11.231912
7.991503 -9.257817
7.955945 -8.337983
2.789205 -11.069358
1.577615 -12.420922
4.552456 -13.310096
3.686999 -7.182456
3.191260 -8.131001
5.692215 -6.241718
4.547232 -7.974819
6.140334 -8.165870
6.682563 -8.076413
3.626439 -7.753627
6.024771 -6.331580
8.705887 -8.460623
9.114466 -10.119817
8.196349 -8.130123
7.132563 -7.735904
11.669175 -3.184456
12.772316 -6.733004
15.579995 -7.801324
14.147388 -6.523092
8.534993 -7.301370
18.559544 -7.316299
18.608727 -14.242229
18.029650 -14.182187
14.081816 -15.056722
13.098856 -12.902945
7.684814 -13.555856
11.054038 -15.137078
11.363074 -14.463589
12.037141 -19.423964
8.324965 -11.896343
4.017950 -7.626265
2.572531 -5.099897
2.385759 -10.039268
2.331340 -7.641715
6.217793 -7.963336
5.728591 -6.644114
7.031360 -7.208047
1.573338 -9.493816
-0.000008 -10.563985
1.675612 -9.576619
2.718038 -11.318822
2.137776 -9.205621
2.226710 -10.781996
1.873464 -10.443032
1.866509 -8.846617
2.865257 -7.658221
4.979858 -7.334304
3.233949 -7.897164
2.953756 -8.122265
6.029858 -4.763556
4.889996 -8.130600
4.833939 -7.515433
5.336359 -6.706661
8.753345 -10.671033
9.040055 -9.381661
8.269051 -10.345771
9.256365 -10.890925
7.860019 -9.125267
7.869476 -12.189242
8.328150 -13.007586
8.018493 -10.279889
8.081188 -7.156928
5.933109 -7.976079
1.781438 -5.429814
1.113458 -7.625826
-0.515727 -8.271914
1.262666 -9.472043
1.804716 -9.482354
1.039900 -10.562308
1.436689 -8.384676
4.560606 -4.463415
5.991007 -8.015926
6.031767 -6.675541
7.564687 -7.871966
7.128195 -7.548003
7.007558 -7.187819
4.408903 -5.965436
5.982441 -6.137343
4.911407 -7.254486
1.545711 -11.675431
0.539297 -14.000421
-2.866187 -11.432668
-0.466675 -7.096367
-1.572816 -8.652974
8.092841 -9.334996
11.577646 -14.968548
11.072533 -13.319616
6.177217 -13.331594
7.047968 -15.740052
5.262784 -14.897767
-1.424325 -13.805936
1.392942 -10.975109
2.700805 -9.262895
1.762072 -7.804472
5.852991 -7.702840
5.406303 -8.186835
4.557971 -7.042111
8.163966 -7.391094
7.877632 -9.373945
7.939910 -7.633894
8.187914 -7.686629
8.791370 -6.785576
4.792484 -7.866054
1.150545 -7.564531
2.736339 -8.733485
1.059191 -8.545249
-1.192955 -10.073615
0.120132 -10.955316
1.911969 -13.598561
4.268456 -15.414275
8.317299 -14.639836
8.981149 -11.300349
9.219151 -9.735353
7.745378 -7.206532
8.601251 -8.713857
8.567527 -8.914688
8.169294 -11.358495
2.406704 -10.098143
2.498030 -12.622899
-1.686571 -10.682652
1.596696 -8.925284
2.167369 -11.770085
-1.000226 -7.654073
-0.592780 -7.982894
2.055669 -9.041032
0.722012 -10.581687
1.903768 -6.712436
5.201316 -5.814288
6.183341 -7.563901
0.934112 -9.766698
-0.023222 -11.904988
6.329996 -14.390990
5.076077 -13.696598
5.106473 -14.292378
4.584995 -15.561749
0.498158 -8.344436
2.640027 -8.045957
3.162476 -7.759609
3.675390 -8.163910
1.570623 -6.889930
3.425022 -6.566068
4.292841 -6.731981
2.320746 -9.396683
2.414900 -9.817822
8.970482 -9.179915
8.066177 -9.175882
8.671364 -12.315001
7.862325 -11.579467
4.997623 -6.550519
3.911438 -7.677218
5.594516 -8.195826
8.672470 -11.192469
2.118447 -8.107671
2.785480 -7.373529
10.753796 -14.544230
13.326566 -14.129079
8.924767 -12.872460
8.927462 -10.692800
4.287387 -4.615512
3.936276 -6.561931
8.734289 -7.510539
8.297192 -10.782508
9.071261 -11.107850
6.187337 -6.971434
6.097179 -6.508169
6.448924 -7.516348
10.874242 -7.799644
16.990276 -7.509869
13.705223 -6.166925
15.614831 -9.924199
14.807573 -10.949994
15.488952 -11.740333
6.678635 -13.443366
8.121193 -13.231087
8.270832 -11.372060
8.852683 -7.086584
12.182213 -7.481761
9.229591 -9.660366
9.138189 -8.631719
2.445567 -9.482408
1.927788 -9.898112
4.364248 -7.948922
3.189181 -7.939688
2.687768 -7.745660
0.821117 -13.553582
8.796863 -9.846174
8.702049 -7.163737
6.437037 -7.942460
7.105047 -6.818021
7.172185 -6.680811
8.601402 -8.729039
3.351663 -7.641061
2.459538 -8.269439
5.911154 -5.730077
6.243763 -6.175620
1.947800 -11.277451
2.682010 -8.649499
2.018463 -9.734839
2.444548 -8.521552
8.146686 -9.230176
5.683967 -7.188410
5.528426 -5.673117
6.631743 -7.809161
8.750072 -8.937574
9.156926 -11.787786
8.665841 -10.481982
8.523386 -7.213329
6.192647 -7.591251
4.536754 -6.684871
3.880579 -4.590859
2.617601 -8.413716
2.034713 -10.095779
2.613532 -9.220641
4.253089 -16.243330
10.253630 -14.357718
11.431834 -15.975408
8.793172 -11.650132
8.623426 -9.258126
8.814892 -8.023595
9.665283 -7.506389
5.041632 -8.009033
6.258121 -7.895144
2.691967 -8.890962
2.805893 -10.418794
8.522868 -11.351889
8.333926 -12.925100
3.269936 -7.994056
5.191363 -3.160315
4.353057 -6.696407
-0.228389 -9.970391
2.544342 -8.091006
5.957383 -7.197222
5.642793 -4.900079
4.653365 -4.958783
4.767305 -6.134169
6.227975 -7.982837
3.903035 -4.266935
6.813733 -7.330804
6.580778 -7.562335
12.214286 -6.783211
13.723698 -4.247049
12.044160 -5.908668
13.313017 -4.267515
14.878468 -8.728906
18.072897 -9.445799
16.605816 -11.995200
13.321096 -6.639920
6.902352 -7.052667
8.432236 -8.819018
8.016046 -8.865233
8.221338 -10.957474
8.507967 -13.910176
11.359344 -15.039535
4.948864 -13.646058
7.901956 -15.263440
8.382442 -18.181196
12.164306 -13.866124
9.878318 -13.555930
8.811060 -12.357921
8.481173 -8.915204
5.289352 -5.622249
5.228651 -7.365882
5.261732 -4.281169
4.451542 -3.609367
6.465374 -7.268706
12.065075 -3.925473
12.097351 -6.305893
15.624496 -3.135685
15.000882 -3.371807
10.459742 -7.750865
6.808532 -7.872671
6.690444 -8.182848
9.144183 -9.537653
9.049067 -9.266976
9.166444 -8.688958
6.909233 -7.622519
9.246418 -6.998731
5.512374 -1.023863
8.730427 0.875112
7.893785 -0.819933
12.238847 -0.743795
10.970962 -1.510794
8.268016 -9.659607
7.977042 -9.993484
11.032524 1.817745
12.204676 -2.518774
9.404929 0.626247
8.882816 -1.616937
9.900385 -7.498855
14.466415 -7.912280
12.896339 -6.921985
12.379030 -5.782930
16.252111 -8.855913
11.921969 -14.969236
14.618590 -14.494580
3.201425 -15.225917
11.868727 -18.544592
8.648198 -10.867093
8.818697 -10.146339
8.083754 -8.690644
6.051039 -5.869923
6.450290 -7.670026
5.020463 -4.450803
5.781881 -5.213074
3.430820 -6.611124
4.914547 -7.710331
3.193623 -7.804883
9.491441 -13.021388
11.102919 -16.846907
8.163275 -8.681582
8.586093 -8.220859
7.537846 -8.082870
9.550571 -6.955409
11.576838 -7.121573
11.956418 -6.333767
18.619154 -10.102172
11.776892 -15.525270
10.237924 -17.191103
14.439173 -13.620606
11.894333 -14.469766
14.980082 -12.105729
18.729389 -12.676142
10.154434 -6.698526
13.986122 -5.127094
18.452768 -13.769559
14.665401 -11.824127
19.426643 -15.785022
14.956957 -16.685354
15.458155 -16.540751
9.422707 -14.341151
9.180688 -11.524381
8.964258 -9.166572
8.332424 -6.805021
8.955124 -7.390657
8.587615 -11.258232
8.931032 -11.825671
8.403087 -10.776549
9.511054 -14.705400
6.912317 -13.239773
7.438866 -14.520680
12.627232 -15.811127
9.604198 -15.702020
12.436684 -15.855229
10.438082 -14.520048
11.515114 -16.291641
7.352406 -16.311485
9.264680 -12.147539
8.397120 -9.463771
8.922835 -10.510240
8.090989 -12.089530
10.814281 -15.237070
2.985368 -13.529643
5.398739 -14.133437
9.078501 -19.734692
9.035402 -12.462461
9.341009 -8.993775
9.227543 -9.443437
8.806879 -9.564485
3.326389 -7.593122
4.565635 -5.943429
5.767276 -4.397033
4.130420 -7.040088
1.620192 -8.889275
1.942085 -10.090695
2.377226 -10.059183
2.671418 -9.401368
2.002668 -11.176383
2.725358 -10.143001
8.120300 -8.411783
11.570802 -7.229306
12.496344 -5.400473
6.616501 -1.473928
5.466499 -7.959054
7.240305 -7.719468
10.958862 0.495895
11.518414 -1.990043
8.401172 -9.312284
8.373338 -10.985168
8.221319 -10.872165
8.900301 -10.833380
7.982080 -6.958220
6.122404 -7.862964
6.596614 -7.496256
4.061195 -5.549088
2.095091 -9.156919
2.734409 -12.409734
2.589358 -11.876047
2.428775 -13.844016
7.138344 -14.457934
0.956823 -12.814303
1.798875 -10.472222
0.965082 -10.330063
2.178448 -8.096558
4.932936 -7.868639
4.110466 -8.047451
8.771163 -7.784355
9.685159 -7.085707
6.289478 -7.741378
2.212261 -7.670040
1.402044 -10.080112
1.003254 -11.502831
-0.385742 -11.157029
-0.410738 -9.004750
4.614082 -7.310281
0.685263 -11.379136
-1.218550 -9.849670
2.560439 -12.442895
-1.524827 -12.286019
0.188176 -9.587673
2.181458 -9.718884
1.308022 -11.821132
-1.719941 -11.798038
8.215379 -11.378047
8.031512 -8.943014
10.159426 -6.828124
10.195981 -7.049556
9.199657 -10.457206
9.316714 -12.566210
8.208816 -10.325406
8.153771 -10.678550
9.094276 -10.526690
9.050570 -13.063764
8.523714 -9.581416
8.878709 -11.574475
6.999525 -15.153709
2.482971 -8.936994
2.271986 -6.187340
2.166560 -8.266273
2.675453 -8.147876
-1.387984 -8.375099
0.372817 -11.069777
0.114736 -8.485149
2.119173 -10.128270
1.915450 -10.541265
6.596757 -13.479451
5.521297 -13.325755
6.300982 -13.275605
7.967350 -11.630346
6.500919 -7.961284
6.188052 -7.738877
8.826387 -8.350440
8.941894 -6.714784
8.863279 -8.205634
6.868155 -8.108554
4.436192 -3.971893
7.268532 -8.147994
12.595385 -4.743758
12.059574 -6.432139
10.581692 -7.767593
8.992475 -9.649224
6.843496 -7.811262
8.366074 -7.937205
4.900132 -7.757264
8.331719 -9.434390
8.668104 -8.403599
8.561875 -8.567359
9.014814 -10.578935
8.860780 -9.171968
4.983740 -8.119826
5.562137 -7.209663
5.400787 -5.492041
8.935238 -8.237665
7.914979 -13.017294
10.182155 -14.658102
6.789326 -15.293977
13.178219 -7.305459
10.106154 -7.643173
5.793654 -16.749140
10.031657 -12.920501
8.511871 -12.091933
10.838968 -14.506901
9.793819 -13.765144
9.035184 -12.036259
1.793025 -11.611130
1.701244 -12.954082
5.161138 -8.049519
14.214646 -6.888301
18.619123 -6.828996
15.014566 -4.865993
10.655540 -1.454577
10.980990 -1.497486
9.574979 -7.744548
11.550868 -7.241953
7.986571 -7.718351
8.941648 -9.514045
8.007299 -11.832356
14.533710 -11.193913
15.322297 -5.028771
12.528634 -14.196836
10.648328 -12.982672
9.232181 -8.752296
12.129852 -3.981947
11.786051 -7.061328
16.591413 -8.708345
15.751697 -11.078340
14.873437 -11.807731
15.000308 -9.869504
17.240311 -12.307964
9.091217 -8.473768
7.458123 -7.754271
10.826186 -7.672965
10.778975 -7.106581
9.965734 -7.355936
8.921570 -10.931793
8.290359 -11.106212
8.494574 -10.058834
8.061378 -13.404176
10.550917 -13.092806
8.955471 -13.650430
8.406299 -8.531607
12.067299 -6.533072
4.524609 -4.471937
4.578406 -5.549283
4.705142 -6.020395
5.058558 -5.332306
2.751394 -6.434464
13.055601 -7.257415
6.520606 -7.178688
4.658753 -5.564984
6.161443 -3.562230
8.972492 -10.110326
8.481173 -9.446170
9.041735 -8.709685
7.527095 -7.577528
11.543085 -7.066270
11.902430 -3.533916
14.690886 -3.798803
12.438254 -0.903490
13.903160 -3.190055
17.476891 -11.841406
15.128473 -13.785382
15.315767 -8.323527
14.624890 -7.962794
13.079091 -0.640963
12.977663 -7.526067
11.239477 -7.605651
6.944901 -7.014583
8.455575 -7.304037
8.957882 -8.809065
9.199306 -10.427090
9.071258 -11.964391
8.750031 -9.740418
7.919180 -10.828784
6.286641 -13.982100
4.777139 -13.504905
-1.160798 -12.694051
-3.090017 -12.157918
-1.290522 -14.947658
-1.000342 -12.963279
2.357237 -9.819995
2.410193 -10.015057
1.972247 -11.616878
7.997190 -8.931443
7.937794 -7.201694
6.875565 -6.864956
8.777017 -8.721110
7.836233 -6.841265
7.096704 -7.118649
5.691451 -8.007212
5.426156 -7.319241
4.828426 -5.780646
8.511289 -12.497167
5.349485 -7.289268
6.184709 -8.072371
16.650097 -8.796196
8.814501 -9.851190
9.198085 -10.326851
8.380577 -10.253091
8.562436 -7.591434
6.054866 -8.094558
6.516990 -7.702047
6.258241 -7.132616
-0.660584 -9.038388
2.176330 -9.525418
2.328083 -11.009106
1.419893 -12.356591
0.109091 -12.507859
5.679959 -14.735785
1.553699 -13.406621
5.841450 -13.682786
6.044954 -7.437379
6.250716 -5.922104
7.575390 -7.001561
5.365700 -7.715392
4.346431 -6.805928
3.911713 -7.006863
8.514856 -6.816779
9.131625 -11.414536
7.977929 -11.755609
5.257782 -13.681687
6.599028 -15.701032
10.177465 -15.446931
2.470386 -14.326231
2.243788 -13.597857
1.244059 -8.566470
1.206038 -12.344474
1.127110 -11.150786
3.598894 -14.447490
-2.902006 -10.713476
1.951177 -7.527227
4.396926 -7.915480
1.259345 -8.342246
0.914328 -7.695407
4.060073 -7.184677
1.417148 -8.203393
2.809248 -9.074236
2.288828 -10.735198
2.370938 -10.580777
2.824431 -9.752780
0.570924 -9.621226
0.760021 -10.201587
1.444060 -9.033078
4.432991 -15.308451
4.228008 -14.848814
5.815720 -14.762183
2.566547 -13.962500
1.069254 -10.545779
2.053497 -9.659907
2.039157 -10.152080
2.804555 -10.383462
2.425712 -9.758255
-0.828202 -8.732638
2.948582 -8.082678
4.243924 -5.487178
4.075013 -5.767287
5.893924 -6.459818
5.950711 -4.381754
13.538212 -14.564456
8.292171 -12.565085
9.869864 -13.000190
7.035362 -13.313307
5.406569 -15.488199
8.267848 -14.550322
9.077628 -11.381223
7.911636 -8.943393
7.457535 -7.912879
3.078198 -4.392109
0.921095 -11.767995
1.619391 -13.741391
1.358027 -12.323034
2.180133 -10.558977
0.469364 -8.090826
5.029911 -7.439703
9.085274 -8.473126
8.479842 -8.947391
13.364092 -5.563160
11.330789 -7.252874
18.277800 -10.698430
17.919197 -17.716013
15.291956 -13.774673
9.238884 -9.325575
7.885080 -11.930952
2.476810 -8.263731
5.195472 -6.942421
7.526690 -7.871079
6.391954 -7.710465
6.748306 -7.123607
4.619224 -4.913790
2.189582 -5.375559
4.026940 -3.481531
4.497658 -5.824088
4.808287 -5.659952
3.431351 -8.116329
5.011107 -8.117020
4.120850 -7.956127
-0.097743 -9.465213
1.844858 -10.350780
4.341297 -13.781165
8.415281 -13.595195
5.245563 -13.263186
5.317060 -7.661386
3.444661 -8.034738
8.606304 -8.430440
7.597161 -7.777659
8.995297 -8.997085
8.007936 -11.568404
9.938151 -14.031864
5.274716 -15.157609
1.927071 -12.665864
1.925595 -10.094076
4.131902 -2.929063
5.705041 -6.527554
1.158246 -9.231348
1.558412 -10.278649
1.697914 -10.049967
1.187247 -10.351565
2.526816 -10.201977
0.896273 -8.939524
1.923804 -8.003105
8.116769 -11.297257
9.280328 -8.603695
8.428045 -7.958283
5.885723 -7.179776
8.286708 -6.881470
6.597237 -7.990599
9.306757 -6.759481
8.802743 -8.487566
9.131660 -8.549043
9.255664 -12.669613
7.817812 -6.869183
3.757372 -4.772460
6.020205 -4.496637
5.798169 -2.109979
4.982690 -5.143947
4.826333 -7.033432
5.742395 -6.901463
6.794434 -7.241294
12.590887 -0.107993
11.767878 -0.596866
14.410879 -3.299565
13.459179 -3.041736
14.932995 -5.237365
15.498188 -3.737016
12.046031 -6.413156
15.371111 -6.019321
16.741049 -4.143379
4.587195 -6.158841
8.442594 -8.320027
8.181817 -8.483752
7.934918 -7.117074
8.639849 -9.189739
8.546432 -8.145100
8.108651 -9.456964
8.713521 -10.021699
2.604807 -10.444006
2.661828 -13.452024
1.551084 -13.228869
4.305515 -14.677794
4.983226 -14.165124
8.469722 -11.642983
8.203600 -11.234532
9.425202 -7.665580
10.757992 -6.966099
10.105264 -7.354289
13.370707 -13.173745
16.850914 -13.923156
15.073023 -11.342452
7.066612 -7.186074
8.092198 -9.199265
8.159838 -12.609986
11.637530 -6.918336
6.784120 -6.698960
6.541059 -7.466528
8.363962 -7.680418
7.846434 -8.421886
7.941002 -8.084940
7.939905 -10.686807
14.470509 -11.056827
15.562966 -12.933127
11.857016 -4.890619
13.431839 -1.181809
11.833588 -1.089189
12.058279 -4.558867
8.517435 -8.901414
8.973724 -12.928229
8.677035 -6.953328
11.232954 -6.774907
11.371569 -7.585292
15.218958 -7.594260
16.111124 -8.908959
14.573450 -8.931108
16.679146 -11.169339
16.921551 -3.934693
11.578352 -5.387833
11.601013 -3.883500
17.373917 -9.654857
14.777317 -8.446971
14.679332 -10.794293
1.059476 -12.075980
2.092095 -11.899305
4.190086 -5.923998
5.446509 -4.900061
10.588074 -6.963215
11.270752 -7.759774
7.793464 -6.821402
6.926023 -7.930800
7.905899 -7.628006
8.808928 -8.354787
8.801744 -7.398150
7.972764 -9.395097
8.076950 -10.994556
8.073465 -6.704583
5.581973 -7.696908
3.300909 -7.205506
2.011556 -8.828926
2.409062 -7.578492
7.345402 -7.914724
3.739495 -8.122782
5.656312 -3.257514
6.249936 0.046798
7.984713 -1.280396
7.146925 -1.520753
9.319836 -1.183366
9.487550 -1.205437
7.218919 -1.308302
8.437880 -0.845270
7.906578 0.462926
9.001413 -0.576426
8.441813 0.456609
12.898333 -1.530269
11.915178 -2.487840
12.918821 -2.753833
15.915661 -8.502085
13.562259 -5.898135
12.633438 -4.439105
11.876301 -5.997516
12.586777 -7.011950
5.121068 -7.524441
6.357899 -7.842315
11.616085 -7.654108
11.336870 -7.813490
4.748158 -7.818814
8.046273 -7.501822
8.724600 -8.992316
8.448393 -9.106858
8.321235 -11.404167
8.473639 -12.173736
14.588387 -17.606281
10.848783 -15.560872
7.278529 -15.841712
9.146049 -9.734354
7.896251 -12.204079
11.428247 -14.173722
