19.033041 19.013807
13.133973 10.592797
9.031089 11.326026
7.710754 11.316197
12.447832 12.588538
13.032049 9.346763
12.993183 12.198373
11.592948 7.831640
13.145667 9.834331
12.340059 8.107893
11.550566 4.661686
10.833921 4.908245
11.537907 2.898201
11.218104 4.167586
7.696071 4.396864
6.761693 4.650498
14.899065 5.702404
12.960398 7.056125
11.648869 2.369248
9.646520 5.370427
10.876619 3.173760
7.009870 3.207917
5.911454 4.119773
6.136399 4.519254
4.217198 5.093019
5.720860 4.721114
6.400474 6.675863
5.111876 5.846848
0.299961 2.895558
0.938303 0.506738
0.782410 -0.695235
