17.374218 12.325482
11.693190 8.225644
13.404327 7.136876
10.172533 2.445091
7.875771 4.434970
6.658594 3.358613
4.848494 8.360637
6.531106 6.570514
5.722205 5.849965
4.046431 6.805404
6.341061 7.971713
8.109399 12.049989
8.313532 13.322543
8.424723 15.675241
8.083770 11.528579
10.092528 10.833682
8.008242 13.726720
5.398145 11.056169
3.825365 10.890387
6.233138 7.597426
4.590895 1.986255
8.001817 4.762171
9.778360 5.449709
5.935215 3.947618
9.220006 5.645597
6.882871 5.577438
6.078368 4.677532
5.179015 6.877180
6.898258 4.937988
8.151419 4.750102
8.258640 4.820095
13.277289 1.737242
9.209228 1.449172
6.938847 5.415268
8.072388 4.869438
10.312059 2.990741
8.050065 2.374604
7.146914 5.174670
-0.480639 -9.723479
-7.516323 -15.170636
