-19.933901 -16.665464
-19.721113 -13.096311
-9.224422 -9.814815
-0.659774 -10.218437
1.539587 -9.213326
0.482283 -8.560247
5.850492 -6.755672
7.565123 -7.464686
8.168222 -8.811080
8.017872 -8.847493
8.603191 -11.258093
7.926961 -10.604263
8.039846 -13.908003
8.758515 -14.650880
8.649174 -12.693625
13.822855 -14.166305
5.999882 -13.733127
5.630306 -16.778196
4.224697 -13.961553
0.224151 -11.989446
1.088173 -10.510461
0.895895 -12.871291
4.621756 -14.172871
7.522186 -13.639256
7.465791 -13.214209
5.373031 -7.556955
6.029595 -8.028270
4.559325 -7.284184
4.458895 -8.113983
14.470736 -7.627982
15.078488 -9.617431
8.524823 -11.177478
8.828442 -12.462788
7.946498 -7.186436
4.830768 -6.370718
4.632731 -5.991712
5.104304 -3.542581
5.814681 -5.906023
6.003592 -4.132305
6.280771 -1.638729
6.298755 -4.022017
4.322181 -7.258472
5.838082 -4.191369
5.707861 -6.754779
7.092384 -6.669594
7.801564 -7.172093
9.274055 -8.235553
8.697005 -6.896247
5.077518 -8.164369
2.469529 -6.524409
2.949867 -4.448071
4.286548 -5.627091
6.438975 -0.557172
8.393246 -1.231220
7.533640 -0.384071
4.547958 -1.094711
6.123575 -7.716459
6.593444 -7.409103
7.802309 -7.473878
8.639688 -8.456405
7.627108 -7.097414
7.912717 -8.094678
11.161826 -6.727829
8.317101 -9.491467
7.434976 -7.283077
5.061387 -5.980317
6.454528 -1.636312
9.959911 0.257290
8.295966 -0.408777
10.390501 -0.550109
8.906294 -0.962594
9.651595 0.447175
9.598433 -1.509832
7.741531 -1.632745
10.058551 -0.306262
8.684216 1.487380
8.204539 -0.223388
9.460278 -6.907304
7.859679 -8.153596
8.334002 -7.660546
6.750754 -7.276006
7.951424 -8.089981
7.793080 -7.589301
8.077460 -9.092282
8.404329 -7.098225
7.522479 -7.852872
12.679245 -5.572788
11.581051 -7.372124
8.354473 -8.813422
9.305935 -12.810581
10.760807 -13.786952
12.279852 -14.309001
16.574043 -13.911914
15.271820 -6.696155
15.077108 -12.811921
15.413204 -13.301463
8.001138 -9.369678
7.913857 -11.548352
8.436249 -11.972238
8.375710 -8.329035
8.468820 -6.938089
9.376169 -10.865185
3.791542 -16.225496
2.135279 -12.372003
12.250059 -14.942290
7.047793 -13.723941
9.093109 -12.322585
5.454739 -7.856845
7.278398 -7.405748
6.603464 -8.137758
6.295578 -7.101351
14.252807 -7.478468
11.997780 -4.134532
15.976058 -3.730069
14.319343 -15.390163
9.477173 -15.215999
15.323526 -15.796969
13.180109 -13.778899
13.573571 -14.671354
8.710910 -11.225184
8.698973 -8.555522
9.030918 -9.892241
8.583904 -8.597508
2.202591 -9.163613
4.706742 -8.117582
8.729303 -6.672123
5.116891 -6.330382
5.302290 -7.196064
2.596306 -7.096841
1.558558 -6.477104
2.362015 -7.116655
0.451476 -9.593503
-1.734428 -10.510525
1.361449 -8.238677
2.197706 -8.444068
4.699799 -13.234926
3.211771 -13.583461
0.395366 -11.670568
-0.189157 -9.958616
0.443318 -9.665462
5.772799 -7.763575
9.307272 -7.264457
8.194499 -10.724306
8.770447 -9.674546
8.035769 -11.062788
9.223851 -10.008721
9.149805 -11.645783
2.130781 -9.622644
-0.651158 -7.755987
4.209717 -7.320112
3.955567 -8.179668
2.412625 -11.383070
0.990947 -10.053007
-0.635828 -10.569251
0.688539 -8.987654
0.368434 -8.764333
-1.052570 -12.316951
-0.403897 -13.199668
0.639935 -9.877363
-0.512222 -8.842471
10.355070 -7.424604
10.179191 -7.005563
11.961685 -12.947455
12.004550 -13.441356
11.758636 -14.734525
12.547901 -14.542368
18.046263 -13.765258
8.311943 -9.475486
8.490753 -8.676038
9.378148 -7.972275
8.908442 -10.998836
9.430345 -13.265515
9.337420 -12.592275
9.236895 -9.986844
9.217324 -8.665380
9.282458 -9.069879
6.507780 -7.255452
9.577341 -7.284895
8.259384 -9.656206
9.652038 -12.977902
8.018481 -16.629086
9.824430 -7.458144
11.487202 -5.632748
16.032354 -8.472586
11.454985 -5.268160
18.141460 -10.884085
15.444515 -12.577996
9.627540 -7.256744
4.650807 -7.469806
1.492440 -9.980809
1.531943 -8.799449
1.649482 -10.306686
3.736030 -13.817946
7.842037 -10.682368
8.281688 -10.661864
6.595478 -16.117956
3.082015 -14.255755
10.661611 -14.570922
6.692468 -14.091427
6.169825 -14.158479
1.733870 -8.563956
2.079373 -9.506810
0.646193 -9.684297
2.634085 -7.725473
2.241434 -8.012389
2.781645 -7.336594
6.336569 -5.838546
8.045501 -9.154160
9.128376 -9.606603
4.053535 -3.598533
2.283253 -7.264022
8.182026 -7.770744
6.043258 -5.430116
7.949413 -7.346416
12.483329 -7.121040
12.095390 -5.623693
13.587349 -7.361590
11.456745 -6.874897
9.107660 -7.085349
9.134313 -8.405456
12.541393 -7.414130
16.289600 -8.121356
14.493656 -8.011498
7.624343 -8.121644
4.784330 -6.953492
5.720060 -5.279627
2.311753 -10.413926
2.710938 -10.779194
-1.536821 -11.810886
1.953466 -10.733857
1.001723 -8.815286
4.829939 -7.513444
8.594393 -9.718050
7.985332 -10.858140
8.087227 -9.514524
8.603702 -8.779757
7.386584 -7.150708
3.725257 -6.105125
1.253753 -7.663087
6.637643 -7.535717
2.834357 -8.583303
2.003824 -11.535954
2.740445 -11.272585
3.121402 -13.813972
1.660126 -12.887297
1.588987 -10.517423
7.932391 -11.033505
8.992034 -8.048356
6.681813 -7.949796
8.110174 -12.033969
9.335285 -9.665704
8.222694 -10.974088
8.922510 -13.354281
6.101766 -14.279683
15.999411 -16.579132
18.445782 -18.657351
11.522376 -13.609428
11.603500 -12.918534
8.544525 -9.788117
8.781769 -10.632684
3.736964 -8.170419
4.072519 -8.153811
5.291992 -6.389016
3.942056 -13.252015
4.587791 -13.811988
4.906036 -7.603809
1.389066 -8.109310
7.640747 -7.763678
3.834897 -7.056611
0.784382 -7.587705
1.958176 -10.634738
11.406820 -14.066585
10.660830 -7.818815
8.433832 -7.217326
8.610029 -8.747190
8.366428 -9.547843
8.353883 -7.801952
8.762650 -6.697425
8.768250 -10.533529
9.150680 -9.831276
9.034540 -11.997630
8.693166 -10.191174
8.272811 -15.357593
7.958660 -9.582194
8.543127 -8.790665
5.226164 -5.598817
4.579255 -7.201340
4.769825 -5.841386
5.726747 -6.556756
5.326237 -7.470118
4.080242 -6.991923
6.292420 -6.122386
5.709618 -8.162601
7.258297 -8.138191
10.137462 -7.678609
9.781431 -7.757520
4.709431 -6.400554
5.531684 -5.902094
1.378194 -7.972418
0.996767 -10.342852
2.447361 -9.815894
8.727804 -9.141651
11.464487 -13.375766
2.558385 -12.901304
2.180490 -14.829379
1.015387 -12.919595
1.456893 -12.407708
0.460092 -8.976512
-0.943278 -9.947042
1.259968 -10.756139
12.085494 -17.539518
10.383738 -13.754845
9.233061 -12.484531
6.648871 -13.864964
8.990641 -9.978471
8.841337 -10.589644
8.286920 -8.741214
8.099819 -12.946110
7.860804 -12.595490
9.097156 -11.556882
9.041992 -10.099067
7.841410 -11.318008
8.677263 -13.471087
8.987756 -9.552942
2.679188 -15.722094
5.347314 -14.032745
4.798688 -17.132534
6.584434 -15.529603
6.263002 -13.703568
8.953379 -12.085656
8.557093 -11.751467
10.905928 -15.478561
14.542484 -13.216423
8.765915 -10.200871
8.761116 -10.871342
8.427834 -8.003560
8.699359 -6.700918
8.205481 -7.581843
2.019425 -9.806937
0.159377 -10.508212
3.599755 -5.820335
3.741753 -7.690557
5.900803 -7.724417
3.704604 -7.256085
0.955233 -9.409673
-2.100999 -12.879590
-0.114066 -12.291085
1.716437 -12.201394
2.011481 -11.521991
2.087762 -11.402431
1.758583 -11.102238
2.404588 -8.778259
-0.548788 -7.735608
3.612722 -7.707154
5.488508 -7.498562
4.735973 -7.451784
4.370040 -7.263356
8.915455 -8.194823
8.297313 -9.288846
7.775629 -7.927729
6.434919 -7.852349
6.671459 -7.047830
4.824260 -7.551799
2.064081 -6.538326
1.424554 -9.919357
1.858733 -9.422421
0.018814 -12.540900
2.118395 -12.413003
5.010400 -7.384066
4.861051 -6.263459
8.440744 -10.339404
7.849568 -10.530212
7.977678 -7.577700
8.889957 -12.210787
8.019722 -16.000360
9.397242 -16.741053
11.815319 -13.127587
6.064772 -13.396456
6.762487 -14.911565
9.350010 -10.916746
8.142676 -10.901441
8.973211 -6.903784
8.673215 -9.726047
8.332352 -11.447011
15.541401 -9.176228
14.658415 -11.430482
6.753498 -16.641527
7.893197 -13.620399
5.316261 -7.073307
8.851042 -7.387388
6.909838 -6.990604
8.464065 -11.219737
13.096278 -5.052813
18.406723 -9.713457
7.918224 -10.774052
4.922367 -8.194835
-1.063311 -8.804683
0.933001 -8.129807
1.651199 -10.514091
8.562863 -8.774969
12.711945 -7.650134
14.599817 -9.588500
6.390523 -3.653159
3.249782 -5.015646
8.591739 -10.893989
8.870335 -14.228005
8.712775 -11.122486
4.034287 -7.026060
1.524702 -8.910296
-1.845134 -10.081739
1.964451 -10.055737
1.920681 -10.180965
2.198814 -7.210875
4.231460 -8.168286
6.286852 -7.669298
5.041617 -7.865470
6.982488 -7.427775
2.633048 -6.984454
0.768897 -11.753753
2.008889 -10.788396
-0.298380 -9.463677
4.100126 -7.680307
8.241195 -7.428959
9.316191 -11.577118
8.505625 -14.366807
7.874692 -9.943870
8.748173 -16.394751
2.255887 -13.979388
3.390611 -13.726124
1.569213 -11.378391
2.834368 -8.780753
1.482234 -8.782161
2.603013 -9.985239
7.669564 -7.764210
1.704177 -8.904308
2.942524 -6.905337
7.136979 -6.972545
8.178642 -9.535924
12.017838 -7.761119
8.091714 -9.817756
8.655669 -13.565894
11.818937 -13.339118
11.055734 -12.878409
9.460380 -12.840492
14.361376 -13.251786
10.595327 -13.149837
6.857314 -13.501737
9.340354 -8.860919
7.909411 -10.216047
8.601348 -6.998416
8.932091 -8.710437
3.510636 -6.412839
2.614689 -4.652724
2.881381 -6.103807
1.535639 -9.940532
1.450338 -8.799006
0.974329 -8.128193
1.282016 -8.520923
2.407409 -7.609374
6.754238 -6.654493
6.104792 -7.756749
8.296083 -12.346658
8.370443 -14.253024
7.983597 -8.345615
7.976492 -10.110674
8.088939 -14.236367
9.049785 -8.948899
9.061517 -13.506605
4.299714 -15.171116
6.421532 -15.188221
4.523037 -13.528186
4.111060 -8.019043
2.676234 -6.363322
1.756571 -9.388288
4.087037 -8.087152
6.313975 -4.431446
4.645975 -6.581966
0.904549 -8.110745
4.718129 -6.810153
9.169021 -8.172331
8.633108 -8.002675
8.383089 -9.922922
8.891386 -10.445800
8.715483 -9.754018
8.442527 -9.320641
8.899511 -11.242896
8.101121 -13.413409
15.485930 -13.999944
15.700497 -14.189598
17.003321 -15.752997
16.223555 -9.645815
3.160514 -8.183717
2.421153 -11.641826
-0.834662 -7.954360
3.540310 -7.925800
8.241741 -9.537922
9.445458 -14.037189
9.054857 -11.325011
8.031284 -8.661078
7.981017 -9.952475
9.780523 -6.838009
16.732040 -16.959665
10.868822 -15.207492
10.426018 -12.986428
10.647705 -15.045911
11.452415 -14.511806
8.413099 -13.940896
4.677133 -15.907716
7.775226 -17.186367
8.588422 -8.311718
8.935337 -11.448845
7.872665 -14.046187
12.313467 -18.758821
11.851598 -15.543824
9.677958 -14.815431
8.536059 -9.254375
9.280835 -7.417840
9.125405 -11.823574
9.314236 -10.062781
6.363882 -7.264748
1.396049 -9.070447
1.303474 -9.526177
1.564998 -8.954844
1.866317 -9.900580
0.475563 -10.367261
2.835732 -10.141563
2.101849 -9.981190
2.644273 -12.785912
0.949306 -11.394626
-0.204436 -8.732490
2.239770 -7.534782
2.195064 -8.895585
1.571481 -10.663886
1.087279 -9.508724
0.886950 -10.335519
-0.516368 -8.646156
1.007226 -10.330607
2.077593 -12.411864
2.840279 -11.389794
1.502690 -10.464446
6.237341 -16.811869
3.599099 -13.648482
2.454441 -10.309437
2.327961 -12.070996
2.530049 -11.490038
1.515464 -10.359241
0.538150 -8.620084
3.560748 -7.509689
9.310797 -7.779076
10.582312 -7.521618
7.856839 -7.528469
16.525217 -2.461248
19.748426 -8.146770
16.312784 -10.340478
16.500792 -9.312375
12.126768 -5.573264
11.867310 -4.496945
12.664911 -0.518175
11.480324 -3.662156
11.559816 -5.994998
8.637120 -11.048213
9.360559 -11.348274
8.780656 -9.628953
8.225926 -10.280999
8.040692 -12.802367
8.760627 -12.297317
2.471481 -11.420979
2.284419 -8.845477
2.721228 -6.212872
1.314629 -7.343217
1.514972 -11.341778
4.894419 -6.031654
7.616503 -7.838446
9.730492 -7.062738
7.916371 -7.225897
2.477442 -8.967251
1.594897 -7.859003
3.423626 -7.837692
10.656978 -6.804865
4.822429 -7.944102
7.871259 -10.002438
8.441102 -9.255035
8.045844 -8.871690
1.530817 -11.196685
-0.393259 -10.784704
2.277244 -10.142917
0.638294 -11.851293
-1.552288 -12.915365
-0.866438 -12.084874
2.842896 -15.226236
8.122192 -12.169086
3.790560 -6.232585
6.213328 -7.703864
6.011715 -5.166413
4.908830 -5.282275
3.597374 -4.882002
4.477061 -7.467693
7.347462 -7.663097
9.062101 -8.888088
8.772233 -14.804501
9.056969 -10.405835
8.143945 -9.548787
8.482752 -7.635437
7.985689 -8.660293
7.917279 -10.097462
7.942401 -8.134151
8.477095 -9.850355
8.322609 -10.700195
8.679435 -10.948051
7.048731 -16.211214
1.859052 -14.102422
2.755222 -12.212731
-1.162048 -13.617741
5.438358 -14.142962
3.735750 -13.965298
5.497696 -6.252314
8.183375 -7.732563
5.499498 -7.047829
7.528231 -7.887448
9.626040 -7.596010
5.778759 -8.075227
8.806500 -13.395490
0.823334 -15.700369
0.264437 -12.579959
8.986078 -11.047948
8.907580 -9.695647
8.506422 -13.113967
2.554897 -15.494196
6.517811 -14.002505
1.135500 -13.079703
2.559002 -9.093183
2.134396 -10.114482
2.452259 -9.573838
0.563867 -9.856883
2.545920 -11.062390
1.246383 -10.927655
1.795930 -11.691647
0.979742 -8.903470
0.393367 -9.717469
3.180711 -7.986642
2.991223 -5.769178
0.782380 -6.710076
2.020264 -7.952860
3.703108 -7.931942
1.533684 -11.677780
2.174666 -10.320518
2.495345 -10.741195
2.340422 -11.240778
6.025604 -14.459105
8.674917 -12.176116
8.876242 -10.662467
7.715694 -13.528592
10.129987 -13.730492
8.139798 -12.860675
8.551065 -12.586804
9.861587 -16.028008
5.164316 -16.379942
4.269585 -16.096357
6.030869 -15.013991
10.723737 -14.578980
8.477655 -11.675537
2.500630 -10.225968
2.620028 -8.304991
5.044448 -7.076895
6.052301 -6.402973
4.815724 -7.772808
5.514913 -6.853803
5.405277 -7.096438
7.892845 -8.085116
9.009386 -10.697333
6.300126 -7.021032
4.051885 -5.898886
5.585012 -6.541156
8.030416 -7.400259
9.196259 -8.297013
7.078815 -8.093793
9.329185 -11.158641
7.853245 -7.823221
8.004030 -9.011962
11.809527 -13.258167
13.647259 -16.131472
11.614899 -13.735923
9.481726 -13.780470
11.074669 -13.953695
7.671109 -13.848150
8.479580 -11.233243
7.967677 -11.556434
4.931556 -6.433981
5.863583 -6.588308
7.155813 -8.026755
6.816692 -7.539226
9.669430 -7.514461
8.044993 -8.754023
9.149144 -12.276902
7.875343 -8.650681
9.209106 -8.847812
12.243473 -16.693037
11.026215 -7.694842
9.482770 -7.623936
9.160948 -7.543422
4.001854 -7.869846
8.352298 -7.346349
8.488652 -10.619668
11.530593 0.402395
15.141278 -3.006349
11.028002 -7.432706
8.400609 -7.369612
6.089608 -7.687762
6.158988 -4.240240
4.491737 -4.889414
5.031369 -5.304505
-0.147765 -10.723351
3.677541 -14.691798
0.357854 -9.696656
2.828900 -7.468885
4.871447 -7.490807
0.431856 -8.069393
2.784798 -7.740492
1.642132 -7.672852
0.735541 -10.109641
2.452697 -11.835644
3.109765 -15.690615
2.629925 -13.868116
7.781631 -16.415483
8.724404 -13.270419
7.928116 -12.498988
8.791277 -10.909570
8.794094 -12.156648
8.168354 -10.207274
8.559195 -6.709860
6.805774 -7.990802
4.104303 -7.125718
6.371742 -5.965059
5.069187 -5.903589
6.001526 -3.591074
6.069862 -5.713750
6.350659 -5.385023
5.537870 -3.433389
4.031731 -3.687191
5.452479 -5.535577
3.720364 -4.114311
5.009892 -6.081927
6.061294 -5.226395
6.398091 -6.085714
6.135472 -6.981013
8.032232 -9.515220
8.842077 -7.704328
7.057166 -6.646739
3.536535 -2.362751
5.889587 -6.173959
8.198246 -9.469048
8.730898 -9.268890
3.962931 -6.867094
5.218393 -4.173732
6.054322 -6.813799
7.801133 -7.524816
8.081494 -8.532432
8.885746 -7.499746
1.009368 -9.404335
3.196830 -6.969026
10.063501 -6.733278
12.321013 -3.752980
12.538178 -5.786370
8.087729 -7.136761
8.451698 -10.350745
9.314116 -15.092802
2.616890 -12.447207
1.345618 -11.081248
1.804279 -7.487836
8.573972 -11.092395
8.657722 -9.560798
9.554603 -7.231094
6.483195 -7.448088
8.302393 -10.097892
9.240788 -9.760105
7.927356 -9.368426
7.952239 -9.375958
8.492706 -11.317831
9.282035 -10.050246
8.987609 -9.872636
8.891114 -7.062946
7.223862 -7.928291
6.627849 -7.475662
7.478752 -6.767867
8.443317 -9.265538
8.994633 -9.801368
8.750103 -13.450457
2.412660 -14.174527
5.593274 -13.852901
5.632622 -14.232844
9.718375 -14.650623
8.426428 -10.814692
-0.252311 -10.994303
2.356767 -8.822309
8.650264 -10.545685
6.687918 -7.392533
5.485510 -5.773076
6.508006 -7.307328
4.413699 -6.491433
2.498426 -6.719152
1.939076 -8.275491
4.233811 -6.342315
8.266352 -8.947768
7.533558 -7.367224
9.309169 -11.613954
9.119514 -9.931929
8.337550 -8.382274
1.919196 -7.469726
4.383131 -7.153371
7.585920 -7.563380
8.117127 -10.793772
10.330968 -15.319007
10.104496 -15.496651
11.485005 -19.607843
6.971987 -13.956346
8.582557 -10.706210
9.310767 -13.236930
6.125360 -7.555224
3.574663 -7.207234
5.737094 -4.867018
11.944653 -3.066347
12.133961 -1.234385
12.645403 -7.034485
10.810777 -1.161140
13.019975 -5.851481
13.913033 -6.068390
18.224072 -9.449246
15.195516 -11.426190
11.901320 -6.770003
12.036659 -7.671193
13.306663 -7.210540
8.619583 -7.009274
8.523545 -10.956618
2.690453 -13.391153
6.170949 -15.208457
6.993313 -13.545985
5.665749 -14.230786
1.631338 -11.710327
2.445331 -11.713094
2.118367 -9.832440
1.903015 -12.151698
1.791460 -12.136407
1.824664 -15.928391
5.394279 -13.737441
2.948514 -8.033978
3.732178 -8.166735
0.822268 -6.674665
7.137444 -7.432845
3.851680 -7.912932
2.788391 -11.129072
2.803632 -11.222888
0.398630 -12.437684
8.208304 -10.080204
8.919913 -10.623521
7.951820 -9.536277
8.820466 -12.203617
8.004694 -11.454853
4.892019 -7.209183
4.531199 -7.664338
14.082819 -16.255903
14.750765 -18.709488
15.015092 -12.564942
18.753630 -13.037526
14.428229 -11.359539
9.013253 -11.743546
8.559238 -9.415837
9.019748 -14.584515
19.365404 -13.063814
16.001017 -8.939212
9.252985 -9.504542
8.198851 -8.784236
8.600163 -6.990595
5.031362 -6.704784
6.267821 -7.442420
5.538656 -6.417990
8.696666 -8.677336
12.744320 -15.358754
11.527472 -16.885191
11.759131 -17.083326
17.538883 -17.209906
15.448480 -6.787099
12.465018 -4.889432
12.155190 -6.447595
10.609026 -7.020519
5.855819 -7.800910
6.099420 -3.353064
5.729946 -5.041133
12.986658 -2.067239
13.121436 -3.550229
8.800722 -7.024690
12.531473 -6.907498
8.100298 -13.965347
2.079330 -13.726313
7.013434 -15.100930
8.908179 -10.911289
7.357560 -8.126180
8.108876 -11.033325
10.058329 -13.005143
11.638781 -14.191962
17.245401 -12.638777
14.940655 -11.097624
9.879808 -15.015512
11.385719 -14.116862
11.705351 -14.266845
12.015875 -6.387775
13.499018 -17.562286
11.635161 -16.483007
12.446830 -18.210100
10.541458 -15.283513
16.825638 -15.733191
13.589912 -15.249114
8.275044 -10.551864
7.913692 -13.044473
11.609418 -14.030811
9.520901 -16.935287
12.787092 -16.668242
12.579535 -7.653230
8.801033 -11.286828
9.001816 -11.572851
8.836294 -10.507903
8.450958 -8.410011
7.658961 -7.768614
9.023790 -12.577587
7.083614 -13.929775
8.219394 -14.112141
8.390409 -10.333899
8.360643 -12.202828
9.258325 -10.618014
7.444417 -7.396073
6.275996 -7.352619
7.193900 -7.063566
10.250590 -7.363274
3.395813 -7.846943
9.802761 -6.748149
7.952151 -9.693310
1.921998 -8.791673
2.404978 -9.068822
6.297307 -7.853205
7.351681 -7.159634
6.608342 -7.050149
9.159612 -8.772548
7.115006 -14.671840
8.171301 -13.640099
7.065713 -7.340682
10.166146 -1.573326
6.778644 -0.240934
6.263135 1.119737
7.239676 0.732509
8.577097 -7.105088
12.423077 -2.895795
13.106905 -2.198197
12.881138 -3.366632
11.952835 -4.818531
13.976266 -6.672246
13.131595 -7.448761
5.266446 -8.142861
5.097408 -8.145423
5.805940 -6.062884
5.420332 -4.963026
2.767663 -8.801561
2.038902 -10.763135
2.364425 -6.343828
4.883908 -5.255996
8.095483 -7.677481
9.143729 -11.822858
8.648994 -6.833281
6.087155 -7.571549
4.329731 -8.122207
2.657863 -8.213696
-1.090429 -11.536305
-0.003871 -9.576151
7.868753 -11.577847
6.140006 -6.016348
8.636751 -8.213811
10.756712 -6.867712
8.677134 -7.419845
8.096175 -7.248605
8.731981 -8.588370
8.927139 -7.736462
6.884956 -7.688855
0.983813 -9.249645
2.310757 -8.897071
2.009519 -11.274351
12.365293 -6.260381
12.879128 -13.455186
14.416845 -8.494324
16.262720 -3.896559
12.293797 -3.457356
18.716846 -8.973922
12.392337 -16.171177
12.462078 -14.217882
8.319333 -11.356858
6.960360 -7.902384
2.803409 -7.038642
7.289781 -7.188638
8.058760 -10.428546
8.615517 -9.873826
8.048959 -11.486895
3.765030 -7.928377
2.478047 -13.523457
0.364274 -10.127744
2.195018 -9.652207
2.815271 -11.816638
1.565027 -10.456722
2.499376 -9.525210
1.597723 -9.073191
2.347350 -11.283628
6.358615 -5.950851
4.166537 -7.881566
8.918406 -6.744609
8.720995 -9.286365
9.247309 -8.516924
9.035851 -7.437521
7.943084 -14.643802
11.443440 -15.884333
10.701902 -6.854644
8.854426 -10.824617
8.720615 -10.462013
1.635820 -9.660914
1.630651 -7.880905
2.059101 -12.750664
10.866403 -13.456863
10.402726 -13.778871
8.021777 -13.832796
8.174401 -8.794238
7.850544 -6.726867
5.343644 -7.101416
6.115491 -6.000887
4.601385 -5.537042
5.348321 -5.549911
4.451305 -4.072509
6.089302 -5.210527
5.968534 -5.392104
5.001379 -7.128722
6.427429 -5.927908
7.633308 -7.381425
5.447673 -7.238861
6.045763 -5.623514
5.266872 -3.442205
7.419537 0.038574
7.290067 1.167551
9.071877 -1.053484
5.408787 -2.479782
5.138314 -3.315632
5.798177 -5.742040
5.676266 -4.283285
5.917596 -3.844365
5.358004 -4.170087
4.977037 -2.633216
6.629826 -6.985943
5.984721 -6.896482
6.308404 -7.768151
7.932639 -9.181046
1.911225 -9.527570
1.764887 -10.629323
0.976342 -11.530284
2.185367 -12.048014
2.432117 -11.207788
-0.508560 -11.890937
2.215153 -10.883109
2.313470 -9.232211
2.377762 -9.164620
2.532706 -8.059476
2.384308 -9.642192
2.829685 -10.964471
6.575826 -6.688805
1.357369 -11.920564
2.289666 -11.954377
9.253607 -9.448359
4.667987 -6.241567
4.848019 -7.786127
8.474905 -10.612924
8.420388 -10.736430
7.879433 -7.492918
5.251231 -5.116142
3.828066 -6.572913
6.779108 -7.666956
5.468853 -6.209052
6.350482 -7.581455
6.060891 -5.913655
5.365170 -5.984113
4.341763 -5.090743
3.175760 -5.619885
8.314304 -8.436659
8.541233 -7.559791
5.542298 -7.619656
6.788940 -6.675331
4.537490 -7.317378
1.716949 -7.478523
3.789904 -8.106914
4.468407 -7.836438
2.907599 -7.539897
2.741447 -8.305853
1.918067 -10.614964
2.210992 -12.624827
1.981593 -8.796621
3.886127 -5.429342
4.631818 -5.505090
4.257759 -7.334917
1.987373 -7.704725
2.182741 -10.023643
2.827349 -7.762446
5.972297 -6.939314
5.873502 -6.921405
7.274563 -6.992949
4.734338 -6.890646
7.026785 -8.199103
8.478541 -7.866065
5.017551 -7.994684
7.940616 -7.229070
4.627711 -6.356956
5.686067 -0.711184
4.248313 -1.338705
8.289422 0.568752
11.513388 -0.190464
10.745158 -0.640906
9.184385 -0.483713
11.092348 2.400041
11.554390 -2.036396
11.442593 -2.181213
12.125288 -0.264098
7.685678 -0.906568
6.589002 -0.732051
2.953427 -3.085295
4.073498 -2.509643
4.017584 -6.251368
5.739043 -8.200405
8.873635 -7.688424
9.089717 -10.497872
8.155697 -11.203160
8.056361 -8.905974
8.788022 -9.856203
8.466141 -7.911370
5.683034 -6.487491
6.943238 -8.166554
5.883143 -7.853769
10.791658 -7.676402
11.284073 -6.719830
8.494247 -7.112792
5.339897 -7.364621
4.753329 -6.443280
2.136397 -10.073272
1.150058 -9.361001
1.750513 -11.164865
-1.648050 -15.062226
11.542538 -14.244694
9.855378 -15.178250
11.576857 -13.249856
8.719944 -12.727400
9.156819 -13.804076
8.113791 -8.751866
8.895425 -8.667790
7.173696 -7.530136
4.792175 -7.337026
5.810857 -7.807992
7.352795 -7.102547
4.777366 -4.595027
6.056772 -4.317842
8.199635 -12.100059
8.306281 -9.969209
8.106132 -8.621035
8.127830 -10.205411
6.925138 -7.620423
6.872941 -8.078057
8.000381 -8.835706
9.140657 -10.802539
7.768389 -8.165698
2.468412 -9.740710
1.528290 -8.556263
1.886644 -11.246428
5.327667 -8.110557
8.381615 -8.863566
8.655660 -10.405970
11.391676 -12.896449
16.486135 -17.617819
12.613674 -6.500393
12.347113 -7.747864
10.517754 -6.911416
7.949937 -11.198285
9.002501 -12.164030
8.719347 -9.105016
9.074409 -11.979321
6.730863 -13.735183
9.350496 -12.854453
5.807115 -13.941674
8.985358 -10.517675
7.842046 -10.967515
8.024163 -12.950923
8.696553 -14.200738
8.175053 -9.745760
8.271184 -9.620741
7.928940 -10.365472
8.344495 -9.157476
7.935118 -11.288492
8.751319 -13.794707
5.774475 -13.332974
4.722991 -14.323190
5.375477 -14.032814
3.692456 -14.584909
0.097617 -10.622986
2.672979 -10.826441
2.395123 -8.538956
2.150618 -8.694127
3.507060 -7.198666
1.268428 -10.158176
2.835075 -8.652791
2.336358 -9.139134
4.017507 -5.523554
6.737019 -8.142920
3.679907 -7.524787
4.791818 -6.900653
4.515393 -7.195921
6.380461 -4.600073
5.218647 -7.608161
8.061178 -8.800551
7.740295 -7.685614
9.217598 -9.366132
6.912333 -6.929907
6.210876 -7.759673
4.519780 -7.652398
5.183555 -7.735353
5.122090 -7.342344
9.299281 -9.758794
9.160637 -8.980645
9.054937 -10.144750
9.178509 -10.938303
7.880081 -12.457990
8.218931 -11.222644
7.660556 -6.681641
7.729034 -7.685638
7.628983 -7.309131
5.705159 -7.173132
5.281750 -4.080801
3.016018 -7.740489
2.023139 -7.841576
3.315847 -7.383971
5.556768 -7.862026
7.396421 -6.698582
4.300891 -7.437797
6.060006 -5.633142
-0.080102 -10.195319
-1.675338 -10.835889
0.895792 -9.852437
7.855967 -11.033041
8.565307 -7.848072
2.918216 -8.012101
-0.323808 -11.147504
0.093031 -13.128603
3.608004 -13.465526
3.581244 -13.219430
5.176827 -13.303790
9.642900 -15.084893
7.546907 -13.326562
2.795403 -11.186608
2.746845 -9.975243
2.233059 -10.978154
2.628909 -8.037395
2.100354 -9.414685
1.195029 -9.081535
-0.725716 -10.129750
0.367918 -8.338451
1.572265 -9.097508
0.362058 -9.876711
2.057096 -8.830436
1.141117 -10.294919
0.447681 -9.599319
1.208532 -10.257657
1.362764 -10.192402
1.542198 -8.379159
0.597190 -5.321231
3.750018 -2.559863
9.837737 1.549786
9.220688 -0.447058
7.949745 -1.624884
9.483242 -0.586231
8.010273 -7.291518
6.167182 -7.600462
11.994732 -5.806545
8.418235 -7.292949
7.287804 -6.856572
5.246360 -8.138128
4.210811 -7.708836
2.415157 -4.308073
0.849134 -7.830574
2.964384 -7.462623
6.127584 -5.432177
8.618163 -13.328153
6.813020 -13.773387
8.834059 -10.606336
9.055737 -9.559182
8.740134 -10.052702
8.604556 -12.772028
8.221635 -11.098236
8.482771 -12.314953
8.412193 -7.521537
7.915225 -10.008733
8.269073 -9.927224
9.000332 -12.536323
10.820765 -15.524539
12.038378 -14.608924
5.337020 -14.356378
8.385130 -15.472890
3.765518 -14.956680
5.123726 -13.775990
9.621608 -13.896897
4.875217 -14.094739
-0.254954 -14.442782
2.595693 -12.974432
8.689984 -13.507932
9.213129 -11.861501
8.024712 -11.089119
9.215910 -10.947365
8.682889 -11.613861
1.292293 -9.179944
1.865734 -10.020934
6.887418 -8.182488
11.138340 -14.052615
8.187317 -12.481326
8.265672 -11.694547
8.330868 -6.924134
8.599433 -7.314336
5.797348 -7.524392
7.568043 -8.178510
9.291296 -9.875414
8.489005 -9.210597
8.446204 -6.922292
1.077154 -7.866381
0.636829 -12.390142
2.675310 -11.085993
0.665917 -13.133396
2.065133 -8.290937
5.626802 -6.371057
3.805876 -7.473016
7.923329 -7.701877
8.986755 -7.561495
8.238944 -10.039657
8.195161 -8.151853
7.916008 -10.524842
7.877622 -8.593368
9.238516 -14.444958
6.459394 -15.840274
6.696034 -15.841622
7.771703 -13.231073
6.930261 -13.284877
10.438227 -16.718035
15.526323 -17.741329
8.981115 -11.163112
8.049146 -13.131440
8.649389 -7.741492
4.453307 -6.235884
4.171391 -4.500281
6.864682 -8.058312
5.969144 -7.338288
5.730293 -6.276371
5.469865 -6.592421
8.613567 -11.802480
8.323050 -8.576306
0.751614 -9.485708
1.886533 -10.448623
1.394453 -9.045817
4.745755 -7.820454
4.248409 -7.718710
4.120319 -6.807035
6.574000 -6.967024
8.531304 -10.761285
7.967001 -11.650208
8.284869 -12.035461
8.648131 -11.788777
8.037928 -6.945856
9.298967 -9.731738
8.638973 -10.550931
8.166969 -8.776093
8.727613 -7.273953
6.987646 -7.807388
5.034895 -4.936546
4.159559 -7.696681
8.200095 -10.305352
11.708600 -5.732671
11.573116 -7.575920
9.255490 -11.114581
8.093355 -10.181758
8.110214 -10.824346
6.340611 -7.456347
15.652561 -12.315480
12.134081 -15.879262
10.848144 -14.719421
1.305442 -9.358747
2.193189 -10.893918
10.383469 -6.677628
8.801378 -7.855660
12.553807 -6.190895
11.480028 -6.493652
12.687546 -5.299981
13.431202 -1.396589
11.529083 -4.477193
9.365754 -10.038043
12.320192 -7.266369
11.633526 -6.131919
6.033706 -7.470603
6.050786 -7.912385
6.802607 -6.703846
9.240675 -8.990925
8.265169 0.240854
7.883078 -0.127432
8.759267 -0.009470
10.783029 -1.184781
9.558407 -7.519356
2.576923 -10.455303
2.395915 -10.802291
1.322606 -9.676612
9.240547 -12.439164
7.889152 -10.930800
7.587077 -7.032143
8.919691 -6.778170
8.587008 -8.586114
8.698716 -9.730845
8.182032 -7.974203
2.709471 -7.917351
6.090952 -3.114488
3.470033 -6.951174
3.921162 -5.548180
2.067621 -7.751120
2.779649 -9.311795
1.028066 -11.984313
2.121722 -9.842961
1.840448 -11.903861
2.217984 -8.852473
1.886434 -9.925208
0.555279 -11.259726
0.809142 -10.747666
3.505621 -5.993920
5.714294 -7.667662
4.615522 -8.191326
2.594465 -7.016325
2.073898 -5.656874
2.732611 -7.799722
8.447215 -13.005736
11.894745 -18.205124
8.492796 -13.837866
8.188530 -13.496096
7.947859 -8.693419
8.946222 -8.743174
7.913010 -8.191524
9.402395 -6.982623
8.241426 -11.176225
8.994360 -7.162339
5.929533 -7.587245
4.202835 -7.951403
2.273757 -10.698157
-1.988607 -12.691693
1.621291 -10.984535
2.504645 -10.974593
3.651310 -13.781704
3.986777 -15.133917
0.566823 -10.150098
9.311291 -12.484017
8.896646 -12.197312
8.655964 -14.416344
8.690730 -13.195716
6.978453 -14.028409
10.995388 -13.382354
0.061022 -13.717935
0.929939 -9.878291
10.074246 -7.251810
13.642097 -6.491285
11.331907 -0.411109
10.510325 -0.858780
9.624424 -0.966549
8.039593 -1.130764
9.532542 0.179315
9.208794 -1.025255
11.791228 2.353386
9.118081 3.182461
12.852031 2.157191
9.218854 1.195567
6.280108 -6.283794
12.906664 -6.720358
8.660993 -8.640002
6.590519 -7.531558
9.265997 -6.897478
7.149343 -6.906803
6.203421 -2.210694
7.350353 -0.609310
5.462877 -3.160627
5.300038 -5.203122
11.697277 -3.635878
9.776504 -17.667513
5.399678 -18.046751
6.227025 -13.539856
10.813645 -15.598498
10.580474 -12.833310
4.462545 -5.873903
5.904493 -3.993365
5.717471 -5.047686
0.028176 -8.567655
1.598434 -9.558379
0.993894 -8.748687
1.283889 -11.215302
4.882550 -16.131004
7.559829 -13.413087
3.238737 -13.383920
3.498086 -6.523453
0.707385 -8.982077
7.728239 -13.647717
7.723896 -14.439464
2.221818 -10.309858
1.822246 -10.595485
2.419676 -9.126354
0.602408 -8.764392
2.662724 -6.132532
5.773562 -6.197395
6.866495 -7.835434
5.539751 -3.508103
5.051703 -2.726154
5.805887 -3.257877
6.185503 -2.749648
5.517403 -2.443192
5.526022 -2.929190
7.086382 -0.497849
8.302588 -0.360423
8.705064 -0.164272
10.723663 -1.292097
9.771627 -6.713089
8.558437 -7.976364
8.785151 -8.233483
8.856333 -7.179338
8.609768 -11.190061
8.562556 -9.686302
12.447078 -6.323022
12.172822 -5.475614
16.012394 -5.349961
10.759154 -7.687225
11.988248 -6.131811
15.031012 -7.139875
6.986861 -7.258388
2.435613 -10.661071
1.441921 -8.874410
1.155815 -9.368145
9.040072 -8.339225
9.019993 -10.986770
8.271557 -14.317410
12.296095 -17.331789
9.844049 -15.390939
8.264268 -11.352709
8.833729 -8.741078
8.698955 -10.496405
8.593919 -11.371131
9.165711 -13.047885
10.610636 -12.821175
8.121995 -12.835624
8.238372 -10.770870
7.874651 -7.418237
5.605664 -5.245835
6.060051 -6.419163
6.083138 -3.517467
6.382326 -5.026512
6.134451 -6.111166
8.049913 -7.896184
5.663044 0.196374
7.304749 4.733540
10.836174 1.069698
8.470396 0.596520
9.960052 -1.204271
2.547010 -11.872396
0.449004 -14.006476
2.517612 -11.225587
0.582437 -12.495671
-1.148727 -9.330740
-0.046613 -9.648046
3.654524 -6.636193
7.038937 -7.876800
4.466421 -6.675571
4.220956 -7.543547
6.533343 -8.114506
4.921321 -8.183972
8.767220 -8.189729
8.869277 -8.814593
8.936715 -10.089806
8.987911 -10.504553
8.889070 -8.582879
9.270707 -7.585694
5.903054 -7.850410
3.738292 -7.846871
4.153439 -5.215327
1.019100 -8.438737
3.546289 -8.056588
2.520806 -6.367506
2.411955 -8.894405
2.513647 -9.159450
2.492826 -9.577210
0.791194 -9.656306
2.055456 -10.619950
2.051261 -10.169020
2.927536 -7.394146
5.868482 -6.799774
8.014341 -8.335338
7.352510 -7.680885
9.187085 -10.515668
7.696109 -7.243667
8.763081 -11.911813
8.324690 -9.270015
6.416993 -8.035451
8.576738 -8.568212
9.692232 -7.341996
5.863741 -6.175991
4.987144 -7.438939
1.204500 -6.752167
2.537178 -7.690011
4.461770 -8.023438
2.492420 -7.514605
1.080311 -6.099282
3.048728 -13.518863
11.595160 -13.210855
8.115750 -0.060690
6.227759 -0.934197
6.542202 0.902178
7.897036 -0.926802
7.996007 -10.439428
8.839109 -12.471216
7.913428 -8.599250
7.235124 -7.292791
6.793999 -8.130179
0.393090 -11.930919
1.600278 -11.071719
2.790584 -9.770299
3.581514 -6.015687
3.088524 -7.087981
8.031475 -8.732563
8.944415 -7.373427
7.762996 -7.833827
6.786683 -8.100584
5.423373 -5.661786
6.179153 -2.685913
6.254021 -3.396801
1.095177 -8.261033
2.533007 -8.975698
0.956220 -9.990766
8.476593 -8.145110
8.800646 -9.844626
5.344181 -8.088652
5.227522 -7.342398
8.733723 -9.956748
9.472459 -13.880078
4.947972 -14.433790
3.511375 -14.612971
3.925582 -14.940345
1.538132 -12.864161
0.390911 -9.124485
1.217834 -11.723354
1.653062 -10.944980
1.545926 -11.761100
1.467752 -12.845998
4.366291 -14.088254
5.653883 -13.255756
6.623105 -15.227929
3.936323 -13.336677
4.512323 -13.219063
1.368802 -12.060414
-0.203161 -9.694049
2.628741 -9.598130
-0.913080 -10.892941
0.354520 -11.881588
-0.162642 -10.840358
-2.158377 -9.821523
1.544391 -11.893950
0.293827 -9.998852
1.851919 -9.193619
2.086459 -9.381862
10.056917 -14.647885
2.000077 -8.515353
7.884849 -13.756993
6.662217 -8.176924
6.520200 -7.236279
3.531971 -13.910551
2.468115 -10.545440
1.348474 -7.203725
-0.295459 -10.376931
0.589714 -12.050657
1.991744 -8.225141
3.435748 -13.747432
1.027967 -8.746663
3.985955 -7.588516
8.780848 -8.165790
4.694272 -5.984396
4.814801 -5.602428
6.965092 -7.237895
5.726577 -7.450074
5.580788 -4.958396
4.530535 -5.940552
4.538624 -5.573843
9.062563 -8.904667
8.671614 -9.784657
9.316313 -12.830070
8.892807 -9.265390
8.156385 -11.548711
5.040895 -7.531791
2.934364 -5.531007
6.733623 -7.080549
7.534432 -8.103138
5.053346 -5.448540
5.188382 -7.998739
4.498752 -5.047270
7.037508 -8.083480
0.073459 -9.555861
1.634022 -7.970028
5.194526 -7.942283
15.862023 -16.682915
19.080652 -18.798450
19.462515 -17.551735
10.993687 -14.675109
9.695795 -18.204340
8.080908 -10.038771
8.215906 -10.503356
9.158822 -10.562541
2.043426 -9.611236
1.671454 -9.562676
5.312695 -14.005411
2.193218 -14.440660
4.723020 -13.720450
2.613812 -13.447412
2.104625 -9.269874
2.795113 -12.529809
1.008911 -10.934241
3.084044 -14.351636
1.767653 -10.052678
0.661404 -10.308765
1.643949 -8.100619
2.660324 -9.122233
0.933473 -11.212390
1.483967 -11.271941
2.966847 -5.029797
2.953955 -6.210634
4.818135 -8.047196
6.735847 -7.446848
6.080825 -7.315000
14.563903 -7.791960
10.707021 -7.287866
3.806158 -6.947910
5.971079 -5.661106
5.627324 -4.299509
5.665408 -2.099216
6.536327 -0.923518
5.227565 -2.463516
3.727623 -5.335252
7.002946 -7.294926
8.606412 -8.904697
8.178532 -8.754357
7.902220 -8.807258
9.068366 -9.261878
8.756905 -10.287730
8.721970 -9.201726
9.325604 -14.005172
7.308686 -13.302010
4.773417 -16.149824
3.940696 -15.218872
2.645366 -11.346187
2.748395 -10.216683
2.637934 -8.897011
1.699069 -15.297110
-0.285009 -12.952369
0.202281 -10.071871
1.079862 -8.800456
2.747180 -7.542432
6.657203 -7.469990
5.367908 -8.104046
2.607325 -7.227236
0.293899 -10.864226
2.486793 -8.974061
1.327793 -8.538939
3.662600 -6.346900
3.711505 -6.690127
3.201852 -8.116098
2.408536 -7.123634
1.241199 -9.222679
2.416640 -8.845498
2.164026 -8.111619
7.373645 -7.443651
2.140334 -7.246459
-0.117204 -8.713825
-0.807883 -8.381377
6.801583 -7.466365
2.834548 -9.310361
1.581902 -10.539410
0.565536 -12.767268
2.031003 -8.044116
2.684354 -8.486754
1.520603 -10.828469
2.860997 -7.784469
8.028516 -8.471217
4.671228 -7.752579
4.356847 -8.167950
10.313161 -14.509744
9.137838 -13.844815
9.025114 -11.459227
7.981399 -10.958284
1.128822 -13.324014
6.690451 -13.560155
1.255138 -14.459798
1.425917 -11.582054
1.155564 -8.886948
3.778688 -7.724014
1.774329 -7.235646
2.091044 -9.317719
2.228424 -7.230885
4.914673 -7.957853
8.811554 -8.046118
5.859685 -7.821366
3.919176 -7.808802
2.740268 -5.254741
3.266387 -7.839213
5.318565 -6.146055
4.096300 -7.056889
0.874468 -9.359130
-0.819175 -9.243892
2.802919 -2.559382
3.762129 -8.066876
6.149251 -7.629243
6.223768 -7.773012
7.704551 -7.184172
7.046005 -7.769672
9.127165 -8.457120
9.123998 -15.256215
14.046701 -12.950954
17.016483 -14.901316
18.742790 -14.412002
12.341488 -14.626578
12.922306 -13.599997
10.047235 -16.621939
8.063172 -8.682616
12.416273 -4.531495
8.390351 -6.902790
8.777407 -9.907975
8.623262 -7.827136
12.181296 -13.094100
16.081007 -9.939351
13.790339 -14.154322
8.543848 -9.184875
8.082884 -11.178720
7.856097 -8.503284
10.341172 -7.059772
10.814590 -6.697613
19.736912 -7.800063
14.697864 -8.653281
15.058254 -6.290306
12.051847 -6.066517
12.035663 -6.631172
15.202917 -10.453820
16.381947 -12.603105
10.686432 -14.628782
12.804121 -14.810110
18.117170 -18.960897
15.031471 -16.838831
13.877638 -14.384364
9.107281 -13.765319
9.092195 -10.738024
6.912849 -13.725621
6.181507 -6.921885
6.327538 -4.643727
4.403164 -7.778602
1.831550 -8.112065
7.717663 -7.837974
5.307826 -6.709809
5.372053 -4.414712
6.191886 -3.220840
6.293562 -6.945181
8.299692 -7.449412
8.994154 -7.004632
14.407969 -7.603846
15.876348 -4.495051
12.406034 -4.958545
8.534158 -10.029880
10.049715 -7.440042
9.993171 -6.877783
9.364624 -7.205903
8.438885 -10.412938
7.580153 -7.828016
10.060568 -7.811935
7.558722 -7.750556
5.760526 -7.889787
6.938849 -7.896314
4.305854 -7.337723
4.167377 -7.705953
1.782905 -6.504906
5.160551 -6.779448
7.848997 -8.629197
8.029334 -11.621135
9.478670 -13.792840
6.861837 -7.694719
8.641414 -15.287221
8.365537 -11.883128
8.775975 -9.690368
9.217758 -7.438511
8.043567 -11.839856
8.606515 -10.742786
8.292871 -7.203279
10.526430 -7.116751
14.597185 -11.610611
11.524771 -7.472974
9.533625 -15.094816
11.773026 -15.447047
8.226419 -12.701551
13.232204 -15.820167
2.507144 -11.542171
0.017198 -10.716470
6.964955 -1.321516
12.316767 -6.483195
8.559423 -9.121630
9.384815 -10.132180
8.303528 -12.363357
2.819703 -13.184823
2.610901 -13.294358
1.973163 -8.859617
2.291264 -11.021115
8.178033 -11.763970
5.226930 -14.736613
3.436365 -13.771163
5.475549 -14.864802
8.422400 -17.158274
8.559123 -10.572418
8.339579 -7.515254
6.572443 -7.983377
8.360643 -9.602418
9.021480 -9.389518
8.919072 -9.703907
8.205283 -12.335235
2.047721 -12.159923
2.014627 -12.068549
2.324200 -12.271284
2.750997 -12.778015
2.323220 -11.067616
1.650674 -12.789022
2.569081 -9.253617
2.110201 -9.783639
1.390855 -11.199591
1.414655 -15.767953
2.173080 -12.073700
0.776542 -10.441714
4.710660 -7.767101
2.475828 -6.277956
2.345269 -8.221059
4.657342 -7.564934
6.823668 -8.113784
15.005370 -9.173629
9.032646 -7.706206
8.660693 -9.338754
8.916960 -9.507551
9.040813 -12.759459
8.398827 -12.769303
5.519290 -13.564923
5.691844 -13.855472
2.058543 -11.091599
1.985716 -12.704505
1.300779 -8.834416
1.527749 -8.324946
3.740040 -8.076287
6.879098 -7.901297
4.511034 -7.693826
8.785215 -11.355329
8.059965 -8.371546
9.289753 -9.843440
9.235201 -9.825618
7.873012 -9.456355
8.862148 -8.131915
9.190635 -9.634583
7.912320 -9.866696
8.225008 -9.622794
13.150312 -13.114398
18.603418 -17.612389
15.058047 -11.956320
11.492869 -5.902622
8.160418 -11.425673
8.528953 -9.854383
8.721654 -9.604212
7.224454 -8.159183
6.160726 -8.012363
4.983678 -8.017641
1.694795 -12.393891
0.792535 -12.197627
4.799399 -7.985895
2.786915 -9.992414
0.440803 -10.508629
0.164072 -9.429110
5.841391 -15.192462
15.186319 -18.605196
8.094070 -9.889605
10.872487 -14.518490
1.712489 -9.314476
0.081552 -11.098716
0.880356 -8.613530
0.821413 -10.560402
0.303157 -11.395598
3.065036 -8.040679
2.784486 -7.163777
3.378343 -8.154065
4.073596 -8.151457
2.781648 -11.816983
2.753957 -11.467466
1.514100 -13.236291
8.479008 -13.349965
14.582729 -13.639152
15.517438 -10.620582
13.597668 -3.270679
13.150141 -5.133399
11.597991 -6.321506
17.123636 -11.796145
11.227943 -15.044769
8.329687 -14.396221
10.973147 -17.198240
10.398889 -17.429022
7.461516 -17.288265
9.416780 -14.378820
12.074697 -15.889839
8.640562 -11.474572
9.498075 -14.365342
6.721479 -7.153128
7.417491 -8.089471
0.976419 -10.626140
2.530077 -7.825994
5.758045 -7.092217
2.239025 -8.547611
5.980858 -5.591767
2.885374 -5.734986
7.153640 -7.222998
8.660947 -8.714619
8.202827 -11.868327
7.998813 -9.536805
7.051590 -8.071702
3.349175 -6.607912
2.716547 -8.360934
2.364157 -6.769679
6.118362 -4.359483
4.294162 -6.540917
6.321098 -7.662067
3.969727 -5.406066
1.968690 -7.715783
2.825749 -9.658262
1.691221 -8.923526
1.524751 -10.378021
0.813053 -9.073788
5.673721 -6.888094
7.747955 -6.660861
3.664419 -8.087531
2.677048 -11.726430
2.171758 -11.718482
1.451285 -11.317337
1.802010 -8.636596
1.607521 -12.591424
4.811843 -14.554084
2.302385 -14.317378
-0.099071 -11.995851
2.067775 -10.263965
3.029083 -8.134120
5.574530 -7.142934
6.133001 -5.150387
5.653094 -4.927259
5.305663 -2.211409
6.052359 -0.038062
7.967582 -0.417886
8.862092 -11.033541
2.289824 -7.472036
6.287633 -5.756659
10.529314 -7.337122
11.856468 -7.725635
8.565306 -8.469619
6.857911 -7.252773
8.209772 -6.991138
8.464793 -13.239717
7.870096 -9.249490
6.200745 -5.993163
6.185951 -7.148652
5.766333 -3.049467
6.613511 -0.653496
4.904818 -1.780134
3.876111 -1.416725
1.835190 -2.567933
3.649735 -3.840156
4.335459 -7.552732
6.390174 -4.517662
5.502940 -6.353423
6.903365 -7.031692
10.274561 -6.742167
4.929121 -7.185398
5.858223 -5.270059
9.601030 -0.501673
12.158415 -1.883279
9.650643 -6.753477
8.237486 -10.419240
8.123305 -9.830832
9.118245 -7.705879
4.901562 -6.349639
1.891042 -8.988355
2.206282 -6.971612
3.856330 -7.497542
4.577978 -6.534920
5.477691 -6.494672
8.174045 -7.991121
4.964057 -6.271288
9.163424 -7.452308
5.957227 -6.541218
8.486614 -8.367263
11.703402 -5.102054
9.740270 -6.706496
8.002374 -7.188830
7.388010 -6.983511
8.686766 -7.871148
12.326183 -14.193369
15.101420 -8.656790
14.448042 -12.560016
9.669614 -6.932580
7.250049 -8.133403
9.355947 -6.997443
7.871445 -10.418233
9.201609 -9.872727
10.748637 -7.792995
7.869044 -10.815852
8.397392 -14.249438
7.413090 -14.362503
10.543221 -17.973730
8.516644 -12.911044
15.063016 -8.637025
16.403519 -8.265300
9.735184 -13.432496
7.986410 -7.688889
12.303385 -7.133595
9.121992 -8.845499
8.617833 -10.068452
11.042786 -7.493272
12.783442 -7.658567
14.966385 -9.256956
12.822308 -6.607936
6.745467 -7.390213
10.145924 -13.519221
8.057477 -9.351756
14.759739 -13.999936
13.391238 -15.429345
16.590376 -14.286819
15.889480 -9.782568
14.553373 -6.995692
10.130009 -7.652762
11.057272 -7.175589
6.121497 -5.687543
4.590407 -4.162126
11.538903 -5.723897
12.488968 -6.918058
8.485003 -7.703364
8.151745 -9.824733
8.076892 -11.436070
8.767158 -7.535972
7.853797 -7.413485
6.149420 -8.079235
4.792751 -6.773734
9.533796 -6.960933
7.622198 -7.156597
9.574814 -14.595510
9.344406 -12.539452
2.405220 -14.739732
-0.251381 -12.006242
3.453269 -14.308676
8.330074 -16.977596
6.402953 -14.155830
7.309889 -13.459040
10.856434 -14.257909
13.686722 -13.624866
5.347101 -7.128411
6.270262 -4.397917
8.528042 -10.269539
14.743399 -10.600368
15.424845 -11.531137
15.522217 -6.767054
6.109593 -7.411390
9.074797 -8.480131
9.258564 -12.361924
5.662266 -16.027075
0.851175 -9.802876
0.283227 -9.166501
1.564335 -5.232675
-0.656988 -8.285023
1.087627 -9.916682
2.627274 -10.139345
2.459944 -10.383364
2.631564 -10.701301
2.284615 -10.340994
8.606390 -9.591379
8.331691 -14.041054
9.317111 -11.563795
8.525232 -11.067041
8.509674 -9.892108
9.380144 -12.658208
1.883246 -15.564839
3.182303 -13.337414
2.552784 -11.903087
1.502893 -11.779679
5.247446 -7.786551
1.151156 -6.524792
0.644257 -9.648070
1.413545 -7.072223
5.046706 -6.361357
4.668578 -4.996138
1.985329 -7.682643
1.949322 -9.411862
-0.056773 -7.430443
0.027340 -9.625886
4.801483 -13.387246
9.143578 -13.572694
10.918573 -13.390501
7.519338 -14.593307
10.399089 -14.427392
15.576223 -12.798051
14.879625 -17.332283
9.597329 -12.894814
8.056901 -17.664539
8.290505 -11.311493
9.366228 -8.958674
8.852402 -11.627444
8.341040 -11.200711
8.116023 -7.476084
8.171140 -6.889622
8.380829 -9.560950
8.068733 -7.780884
5.755950 -6.434510
8.279305 -7.855217
11.231222 -7.475103
12.409653 -6.030095
9.188925 -9.755052
8.408521 -8.766989
6.565443 -7.879724
8.825420 -9.788920
1.234167 -10.767814
1.739869 -13.131868
11.000596 -7.212773
5.550347 -7.462818
8.827724 -8.813087
8.761242 -12.140929
9.061612 -11.222455
7.934377 -10.365609
8.220481 -11.782550
11.013134 -14.700107
8.103440 -9.106502
10.312787 -14.781240
9.880472 -12.948863
2.836417 -9.620529
2.670448 -3.967281
6.374223 -6.126249
8.468341 -6.909682
7.134774 -7.527418
9.160950 -7.845463
9.004726 -10.586655
3.563972 -6.441830
1.343164 -9.138783
6.776550 -8.055860
7.833557 -6.761036
9.303031 -8.635717
5.203228 -7.209355
7.266762 -6.837947
7.862038 -7.879344
5.408470 -7.859440
8.505550 -12.248729
10.878498 -7.806727
10.252668 -12.900774
4.435842 -8.000686
5.653125 -6.454051
8.018883 -9.092115
8.967709 -7.846689
15.949464 -12.322916
6.021254 -6.064779
9.366817 -7.563808
7.455878 -7.093950
3.866237 -6.838465
5.783982 -5.397066
6.719110 -1.413316
8.307758 -1.522520
6.612507 -0.723801
9.231253 0.028653
8.114502 -0.395280
7.848632 -0.977041
4.917339 -1.216859
6.311118 -3.486499
6.212861 -1.809420
7.254021 0.647711
7.917113 -1.509928
5.462016 -4.043789
5.052570 -4.589573
8.280355 -1.598537
4.980996 -7.068878
3.227316 -7.805936
-0.054795 -9.229673
3.868999 -5.338442
3.781250 -4.249806
5.658784 -3.560655
5.775786 -3.852633
3.890541 -5.384365
2.062993 -7.011374
2.826988 -4.747015
6.156565 -6.299970
6.129551 -7.988861
8.190611 -7.145839
9.863649 -7.104268
7.696555 -7.481742
7.157038 -7.412049
5.332587 -7.253710
1.156113 -7.618039
1.860714 -11.317850
1.793912 -11.560821
-1.435434 -13.156789
-0.451681 -12.290662
2.793364 -11.293301
2.013973 -11.329147
2.142653 -15.850503
4.935852 -14.781321
8.543873 -19.358326
8.436440 -14.774938
7.326828 -13.400308
8.409486 -15.726613
8.519526 -9.457718
7.953384 -10.289973
8.449015 -9.976516
8.111097 -9.657227
8.575887 -7.755344
8.682533 -7.324296
8.114370 -11.068229
8.246851 -9.869970
5.715714 -7.690506
4.463225 -7.736417
5.655917 -14.319834
6.489841 -18.432371
3.614069 -13.553369
5.693273 -13.979333
0.366512 -15.360131
2.185673 -11.217143
0.528306 -9.850806
-1.135617 -12.004743
1.702060 -7.678967
1.811814 -9.566855
1.743176 -12.118405
0.198129 -12.318162
3.072072 -13.916681
3.816691 -13.285739
10.847516 -16.433945
8.841938 -15.054862
8.355016 -11.018066
14.572807 -17.563259
10.812668 -14.056141
2.857710 -8.164109
7.340992 -7.692709
2.316211 -7.083817
8.049835 -8.130062
4.435846 -5.832112
2.555596 -5.980842
0.200918 -10.141120
2.160841 -8.979600
1.860784 -9.479508
7.988378 -10.694752
4.264499 -6.694028
7.515924 -7.524895
7.557506 -6.851206
9.266644 -8.909699
8.454402 -8.147861
9.296206 -11.354909
8.996700 -8.820891
7.934159 -8.314034
4.186655 -6.648183
6.313181 -3.887826
4.152373 -7.176778
4.535454 -5.403119
7.800905 -7.817772
8.628406 -11.257058
7.887512 -12.345261
14.816480 -12.871817
13.639299 -13.370648
11.982548 -6.940375
10.976985 -6.832004
8.050476 -6.887878
6.778149 -7.276394
14.120318 -6.409162
16.476923 -8.436619
