-12.213896 -3.076843
-9.681512 -2.072545
-10.825075 1.770566
-8.948290 1.436875
-8.916039 1.434593
-8.580545 1.412848
-8.429340 3.469503
-8.898591 8.088153
-7.588975 7.819164
-8.038736 6.397636
-8.272558 5.762256
-6.466486 7.276528
-4.943777 6.549687
-5.579624 6.577531
-5.122330 7.443602
-6.432717 8.533654
-6.938877 7.176660
-7.963822 6.777355
-11.373503 -0.244978
-11.410978 3.945882
-8.868273 4.147250
-6.731808 6.832547
-5.088972 5.977670
-5.371071 5.973390
-8.408644 4.379449
-2.912450 3.762739
-2.700872 2.347059
-1.837157 0.933757
-3.748361 -0.339674
-1.419592 -0.243500
-1.937210 1.271135
-3.890704 -0.568240
-2.661248 0.940736
-2.782449 2.204008
-2.164921 4.836233
-4.530281 7.700034
-7.182712 6.838141
-5.695688 7.534235
-6.535514 6.189812
-6.706119 6.856782
-5.471919 6.054657
-5.562362 6.292914
-8.439672 6.212755
-5.464251 6.939736
-3.824486 7.475745
-3.282364 6.908113
-4.034781 6.180286
-2.747873 1.985182
-2.310220 2.801686
-2.062267 1.022641
-2.178300 1.794270
-3.481389 0.065596
-3.891533 0.295964
-3.441499 -1.023722
-3.221930 -3.033413
-4.486984 -0.448434
-4.050671 -1.495900
-2.399458 1.464673
-3.097906 2.380914
-2.193942 2.038728
-3.282553 -1.580840
-3.344664 -0.208582
-3.057274 -1.189192
-1.838362 -0.006851
-2.664183 -0.638186
-3.829426 -2.940223
-4.200910 -3.260429
-4.462098 -2.219648
-3.795798 0.767505
9.038537 -0.782199
12.370772 -0.698170
