14.611041 -15.339964
10.802612 -10.229123
10.270431 -9.713650
9.095633 -8.650887
13.810688 -16.601614
5.351865 -13.922238
6.235629 -17.702635
3.817947 -15.803712
1.519202 -14.357349
2.716863 -12.109359
0.486157 -12.566123
1.379397 -12.141562
1.029962 -10.718408
1.316955 -11.392865
0.665017 -11.669707
0.263413 -13.775115
2.737784 -11.595121
1.026038 -9.561703
5.296665 -5.477441
4.757597 -7.568689
5.892924 -7.167548
4.797301 -7.732145
1.338753 -7.289487
2.007404 -9.386528
1.795414 -9.406340
2.617266 -8.780234
2.591460 -8.982635
6.218264 -8.133926
4.863827 -7.285575
10.851648 -12.548917
8.496124 -11.348710
9.458573 -10.411452
8.329597 -11.798246
11.680634 -15.329799
7.131484 -14.077639
3.530847 -17.328989
5.047269 -13.725591
12.894762 -17.079412
8.210309 -11.407361
10.558142 -15.144038
6.801556 -14.800672
1.326936 -14.755542
-0.842140 -12.042140
2.044320 -8.274015
4.755041 -7.687035
6.901153 -7.893250
9.748574 -8.027494
8.616819 -9.334432
8.093321 -12.070880
9.062212 -10.877872
9.730894 -12.468882
9.942789 -12.380951
9.209709 -11.144830
10.136962 -9.930238
9.153768 -9.117867
11.930993 -15.719829
8.987256 -9.641284
9.123951 -8.511818
7.233966 -7.961519
3.522041 -8.027651
1.985966 -6.862825
2.398692 -8.692012
1.661409 -8.864165
8.352285 -14.819749
2.106717 -9.393064
1.860590 -7.935688
6.010194 -6.556895
3.434541 -5.979527
2.002920 -8.564848
2.471718 -9.976294
1.621906 -8.719211
0.309391 -10.608111
2.118196 -10.413171
1.428899 -10.587024
1.097255 -10.296502
0.352464 -9.328714
3.942026 -6.909896
4.419177 -6.385816
4.717257 -7.877114
7.111511 -8.169168
3.499282 -8.133581
2.121684 -6.767753
0.997923 -9.619281
1.219723 -8.890676
3.329529 -6.228168
6.163702 -7.924881
8.838774 -8.237258
8.903676 -9.352643
10.843200 -10.073617
9.077571 -9.489908
8.031513 -10.220366
8.120327 -11.183676
10.842592 -12.095628
10.677593 -12.674908
5.307720 -7.393778
5.398429 -7.778734
4.771187 -7.998384
2.515445 -9.186507
1.422278 -10.959823
0.756680 -10.991758
0.961060 -9.082908
-1.057985 -9.119398
1.391196 -8.311728
1.338023 -9.754354
2.785918 -7.390741
0.596361 -11.282798
2.138669 -12.635294
1.109983 -10.305930
8.453138 -11.271196
8.137877 -8.679268
4.610065 -7.984478
6.118088 -7.633068
1.893774 -14.314057
7.181376 -15.483311
5.349794 -13.381412
6.422977 -16.140463
6.739566 -14.199487
5.192642 -13.255802
4.295842 -14.105678
-0.556852 -12.437298
1.304836 -10.229299
-0.126887 -9.252704
0.768972 -8.698630
3.642181 -7.407392
3.306936 -6.565499
2.613647 -8.514717
2.638217 -5.745083
3.447199 -4.738807
5.443817 -7.614906
3.949845 -5.493559
-0.164661 -7.477078
2.780347 -9.346045
1.228489 -8.800116
2.589770 -9.235255
2.500063 -9.999405
0.065184 -10.094933
1.810595 -9.583880
1.449861 -7.866156
5.967442 -8.054372
6.862546 -7.992803
1.285305 -7.491951
3.326359 -7.353991
0.837521 -10.930224
2.469228 -7.805572
4.575158 -5.498664
-0.256126 -10.249587
2.125044 -8.441939
-4.670744 -11.320614
1.434557 -13.083481
6.761942 -14.825991
3.331590 -14.244620
9.105075 -14.179629
15.089127 -13.376956
13.758817 -14.359608
9.556584 -8.574291
7.486519 -17.479410
6.210804 -15.071751
5.365401 -14.871592
2.589984 -12.299375
1.340662 -9.552247
2.383837 -10.419744
2.093027 -9.768447
3.097794 -8.122050
5.239920 -13.653273
4.300825 -13.400380
5.846022 -13.831664
3.886663 -13.329773
1.647942 -11.532888
2.341440 -11.070324
0.146386 -10.450866
1.315381 -9.950778
1.922755 -11.197047
0.296185 -12.138038
5.826509 -15.191279
7.923941 -11.152725
8.536138 -10.793792
9.359973 -17.036001
5.935716 -13.527592
2.426481 -9.575757
2.923025 -7.383798
2.868878 -5.234938
2.073159 -7.695216
3.017615 -6.336323
1.320336 -8.003657
3.859448 -5.604765
4.551140 -6.429258
6.063910 -6.752181
1.665419 -6.763244
6.022756 -6.252538
5.487510 -7.856689
5.279718 -7.727545
3.932811 -7.297801
5.078176 -6.388597
3.610311 -6.952097
5.878112 -6.936607
4.627247 -2.271539
6.404466 -1.242307
10.259836 -1.587395
11.996603 -1.195271
9.793636 -1.311032
13.849863 -1.013412
12.241238 -2.351754
12.088617 -2.645347
11.570610 -4.574346
11.549075 -11.837653
8.280311 -16.081495
6.974249 -15.319923
8.462961 -12.113655
7.843213 -7.968748
3.942900 -7.324751
6.086301 -7.817788
5.028840 -7.167410
1.833463 -5.998332
1.078470 -9.338348
2.669334 -8.513864
0.866008 -7.051111
0.167364 -6.216417
0.080086 -9.373087
1.479278 -8.563184
4.392500 -7.034186
5.283256 -6.055660
7.972800 -8.218940
11.580488 -2.612535
11.912997 0.303669
9.852186 -0.173099
9.669476 -1.153424
12.038329 -0.861497
7.657426 -1.228578
7.225684 -7.925832
6.145163 -5.860659
4.285517 -2.872696
4.945836 -4.468427
5.366666 -6.801922
4.246849 -7.848266
0.469588 -8.238184
2.180000 -8.900302
2.496005 -8.413891
0.470424 -8.099952
4.678647 -4.253463
6.660875 -14.133662
6.712074 -13.851697
7.270498 -16.399206
8.469666 -15.665900
8.157734 -12.306135
8.573262 -7.918989
8.591957 -10.197135
9.512203 -12.993469
8.031099 -11.075658
11.109285 -13.787076
8.484760 -7.966394
4.961047 -8.185280
2.451509 -11.781339
0.456110 -10.945354
-1.763782 -9.393038
2.328412 -9.723804
0.449570 -10.258223
-0.023469 -8.775177
1.454966 -9.664209
9.811870 -11.363727
10.463977 -12.159427
8.294829 -10.952814
1.568452 -14.140889
3.114404 -13.752358
3.349515 -13.975568
7.296958 -13.714722
8.195885 -16.788153
6.446047 -13.674381
1.318606 -12.305087
0.320496 -13.581584
1.734885 -8.516980
5.161831 -3.846767
3.151970 -7.120112
1.942779 -5.851575
4.026824 -6.438995
2.768879 -9.474720
1.575854 -11.395421
0.648550 -10.747424
-0.490923 -9.747631
0.378648 -10.207044
2.419516 -8.524051
9.141349 -9.087531
6.276720 -8.009217
6.166497 -8.117814
6.139554 -6.957725
8.080008 -8.957627
8.478895 -8.768865
8.650654 -10.073581
5.570674 -7.739350
2.884894 -8.010181
2.362411 -6.671217
4.812822 -7.894750
6.495798 -8.048289
5.096623 -8.014787
3.893977 -8.087891
2.757540 -9.279475
1.737414 -11.554503
1.500974 -15.872669
4.082695 -14.534116
7.388723 -13.919810
4.016073 -16.413557
0.370223 -12.129050
-0.779175 -12.402262
4.065468 -13.698526
7.835540 -13.486131
8.501633 -10.473083
8.103563 -11.271285
8.633331 -10.094201
1.685205 -12.817165
2.819392 -14.289550
3.111055 -13.753908
6.072796 -14.180037
10.196527 -17.423019
8.903543 -11.008942
7.891203 -10.549619
11.146379 -15.029000
8.625634 -9.273713
7.894998 -9.455537
1.358564 -7.970357
0.817071 -8.106253
2.669864 -6.177273
4.326393 -8.079339
4.243516 -5.023283
4.057975 -5.826871
1.594506 -10.430741
2.203517 -12.509009
1.424513 -12.277070
2.740308 -9.969177
0.357968 -8.150587
4.941370 -7.392802
3.512607 -7.843923
2.719261 -3.691927
3.486383 -5.439631
1.651935 -7.355005
5.874493 -8.068786
1.249380 -9.075345
1.874667 -10.459361
1.752478 -12.042789
8.717250 -11.594361
9.375394 -9.199573
13.868980 -10.901988
9.683770 -8.485456
9.675792 -9.750410
8.737968 -8.773762
9.470490 -9.564366
8.562247 -10.180961
8.028555 -13.145349
9.886289 -10.266290
8.044218 -8.869968
10.108623 -10.728649
10.283382 -8.283758
8.021487 -8.656472
0.793850 -11.899534
1.188027 -10.503999
5.342633 -13.305374
2.757035 -6.649711
1.981321 -8.543050
3.528666 -5.317255
4.281228 -6.054605
2.553298 -8.260673
2.560383 -7.600742
4.025404 -7.877968
0.765038 -7.063959
1.537592 -9.424681
2.135838 -6.536108
5.647667 -6.498345
4.934279 -7.889749
5.841179 -7.850963
3.677452 -7.476277
7.315084 -8.071582
5.624177 -7.941424
3.531306 -6.583508
5.440720 -6.648757
11.035982 -10.027326
9.170834 -12.719194
8.572992 -9.631964
9.255500 -9.024051
9.704938 -9.878734
8.055472 -8.964367
8.219194 -9.784504
3.760084 -7.625447
2.762666 -7.836841
3.697139 -7.754505
5.921559 -7.343105
2.149668 -7.932065
4.123481 -7.494905
3.562721 -7.055959
5.508566 -2.802916
4.371154 -6.078647
5.624782 -7.559200
9.059224 -12.415240
8.064324 -11.041504
9.436195 -11.578506
10.504145 -9.873788
9.359649 -8.542581
7.968314 -9.818048
10.421816 -8.851814
10.133061 -9.155267
15.110438 -7.753941
7.314603 -8.073341
2.451597 -7.627576
1.582258 -9.140213
2.342064 -12.697137
2.662497 -12.335025
2.979460 -4.572216
4.686546 -6.124916
8.292170 -8.426744
7.890498 -9.864495
9.916259 -11.513720
9.690311 -8.856750
10.906293 -8.754604
8.887629 -8.638049
8.185124 -10.463752
6.778995 -8.161550
6.745634 -8.048077
3.060919 -8.115205
3.841888 -7.764548
0.736205 -8.453431
0.479530 -9.460817
2.967333 -7.694426
0.642394 -7.898656
3.349094 -6.021060
1.541020 -9.707441
1.569259 -7.986250
2.391367 -6.537902
3.158608 -5.773693
6.712689 -8.171465
7.945625 -9.685100
8.017204 -9.905751
8.397973 -12.216193
9.289567 -9.883565
7.893230 -11.377048
9.331481 -11.827262
9.188578 -13.967738
7.866643 -9.048017
9.594060 -8.522945
7.109189 -7.842298
2.820643 -8.057490
2.329866 -6.926168
1.291328 -9.031945
3.631500 -5.701675
2.999167 -4.748725
3.440010 -5.854986
3.412096 -4.435158
4.178306 -3.499494
4.914468 -3.654759
6.853793 -1.015751
8.559884 0.536851
3.301994 0.868849
6.153207 -0.590203
5.176961 -5.826190
5.253069 -6.653539
3.626341 -4.310134
5.910387 -6.415005
4.641866 -6.886203
3.065314 -5.614373
-1.000287 -0.391041
-2.798662 -2.998621
-4.536296 -2.335242
-3.915348 -4.691917
-7.140708 -5.429234
-9.209587 -5.972377
-13.408744 -3.869009
-18.023891 1.742668
-16.999752 0.348581
-14.654627 1.184467
