16.525124 2.263193
10.640974 -0.777316
9.317460 0.290727
7.514869 -1.281104
6.406546 -0.307585
5.651076 -3.475805
4.302539 -8.083121
9.691353 -8.255200
10.163554 -8.926603
12.599284 -9.790140
7.059328 -14.574558
6.216336 -13.989821
9.244398 -13.475779
9.935759 -11.367145
8.827721 -14.086572
8.295787 -9.207411
12.220179 -9.936584
8.651902 -9.268538
10.289127 -9.222109
10.364403 -10.654719
10.701100 -14.160918
7.889401 -12.441900
9.704168 -9.105714
2.406991 -9.909740
4.193440 -5.019536
3.003819 -7.920849
0.901572 -10.179618
2.365594 -10.292554
1.689088 -7.879559
3.482128 -7.016387
5.214700 -4.973771
4.246758 -2.767504
5.560951 -5.455813
6.346962 -7.894090
3.133464 -6.659652
5.909749 -6.472075
7.007559 -7.919110
5.322586 -6.963885
8.078161 -11.078185
3.236505 -13.861327
6.349359 -15.143720
2.380594 -14.224726
2.797974 -7.240617
3.290837 -7.565014
4.243156 -7.189046
5.286462 -6.528904
3.135520 -5.948556
2.587023 -5.862832
4.684703 -1.900880
4.769716 -3.304758
5.594580 -7.797116
6.366619 -8.010829
1.427147 -6.617061
4.440945 -7.414434
5.763183 -3.996421
5.829748 -6.374921
4.821636 -8.005012
4.526196 -7.370498
5.447030 -8.087646
2.272741 -11.498026
-0.340628 -9.888676
1.664745 -12.945359
1.928563 -11.796361
-1.098077 -10.649692
3.101759 -13.376555
0.365806 -10.507363
0.092532 -11.220456
2.207580 -8.913093
0.395966 -10.474824
-0.444777 -9.787341
1.734469 -8.797665
2.660096 -11.279759
0.446175 -9.352880
1.352530 -9.428953
2.166044 -8.807023
0.301695 -10.087822
1.930927 -9.891164
1.545409 -9.044524
0.388927 -8.939638
2.600888 -11.777398
2.543988 -16.110243
4.267909 -13.674283
4.010723 -15.012149
5.841740 -16.604097
5.495842 -15.753057
8.830527 -13.957855
6.410462 -13.593452
0.821558 -15.878687
2.103528 -13.048838
2.775367 -12.735118
-0.240546 -8.590327
0.415622 -8.250354
3.351324 -8.172039
2.346032 -5.588686
4.445296 -7.098058
1.957173 -8.758243
1.697618 -9.139468
1.294488 -9.471058
-3.349843 -10.534337
4.074723 -7.452594
2.712111 -11.881577
2.479484 -9.252807
1.352245 -10.876955
-0.800459 -11.933389
5.073666 -8.167026
9.073786 -12.093335
-2.162778 -10.574983
0.883146 -11.327703
1.829483 -8.274331
1.146934 -6.612625
1.268944 -9.936173
2.017900 -8.849188
0.933602 -8.575725
2.534698 -9.988814
9.752878 -10.213657
6.884689 -15.738170
4.882075 -16.216322
8.753525 -9.889528
9.543300 -9.403968
10.691940 -11.432802
11.696763 -10.283601
5.882794 -7.343764
7.539391 -0.633400
5.254423 -0.158462
8.288969 -9.862951
5.165349 -6.910000
3.474131 -5.811458
2.205561 -5.267584
4.796981 -5.107248
2.375641 -5.900970
5.269728 -7.612374
6.012338 -5.060332
4.365870 -6.096772
6.349275 -7.835559
2.178309 -8.619983
-0.251394 -8.813176
1.725101 -10.133916
0.514163 -8.330579
8.866354 -8.919345
3.134155 -7.288702
7.717073 -7.992930
8.798555 -11.441961
8.423128 -8.943513
14.118362 -9.105901
8.963586 -9.651451
9.232054 -10.332386
8.672691 -9.701673
10.109232 -8.277379
8.188332 -9.527593
9.733256 -8.396732
8.490221 -9.365935
13.218367 -0.380234
12.685068 -0.758825
5.846709 -6.229078
4.331539 -6.903799
4.707251 -5.502818
6.140308 -7.376431
2.382903 -5.855599
-0.136403 -10.455745
-1.732747 -8.330449
-1.876302 -9.598040
0.504107 -9.944568
0.424491 -10.833750
-0.368199 -8.497534
0.804314 -8.900037
4.997629 -7.448071
2.834547 -7.189513
4.605538 -7.773353
8.868438 -11.580834
9.075286 -12.017662
8.954734 -7.886781
10.572050 -10.810913
12.321454 -15.442882
12.913624 -15.714835
7.672934 -13.464068
5.618840 -6.447267
5.541203 -7.286803
1.993596 -7.243941
3.557246 -7.601211
4.476479 -8.154238
6.607772 -8.186700
2.348041 -10.345873
8.657646 -8.462976
9.390054 -10.693427
3.836058 -8.042431
2.089308 -7.804905
4.957640 -5.611396
3.645044 -7.895877
4.412807 -6.022205
0.516767 -8.855312
2.295792 -9.047359
1.170323 -9.752935
2.134470 -10.597406
2.531159 -13.144784
6.351990 -15.479087
9.599789 -17.974541
8.371714 -12.787945
9.230947 -11.446349
10.354959 -8.601814
9.782017 -10.023973
7.875469 -11.029630
8.727834 -8.438027
8.508114 -9.862346
9.846056 -7.980572
7.895730 -9.659713
9.659293 -10.751994
-0.098180 -7.592421
3.421421 -8.065275
0.878269 -9.394490
1.188238 -9.654077
11.467113 -14.965404
9.773590 -11.753044
5.456857 -7.215784
5.392376 -5.920839
5.629952 -8.024177
1.693333 -9.196309
1.763859 -8.340206
1.663337 -9.343020
2.290088 -8.677909
1.854129 -6.670524
3.867630 -8.033173
6.305500 -8.095231
9.308285 -12.010568
9.220538 -8.971318
10.272977 -8.374766
8.099952 -8.395247
5.637213 -4.742783
4.812963 -6.960474
2.808963 -7.074436
4.930500 -6.459477
4.895337 -7.011524
2.769990 -6.062591
1.486522 -9.537486
2.476055 -8.786348
2.173929 -9.055544
1.073767 -10.329622
4.306466 -6.105487
4.340293 -3.599401
6.010387 -5.189996
4.518303 -6.112269
5.510016 -5.117751
4.110030 -3.482094
1.044810 -7.704887
5.886531 -4.443552
5.038944 -7.208160
8.778518 -13.357120
11.960171 -12.187542
10.053980 -12.806182
10.734472 -10.682070
8.813524 -8.468757
8.799057 -10.540142
9.472155 -7.970203
10.029050 -11.743897
9.892115 -10.753503
8.278578 -10.034925
6.159022 -7.854938
7.750604 -7.907718
8.749028 -9.844293
8.435813 -7.897410
3.872839 -8.146734
3.496034 -6.335587
9.044453 -10.071553
6.114327 -7.121634
5.746925 -6.803766
5.951759 -6.324614
9.972920 -11.112309
12.408700 -7.890650
6.549213 -8.180676
10.439587 -7.822837
6.617942 -8.139388
13.915240 -2.012595
11.015516 0.820986
8.465879 -1.182730
5.568577 -6.465464
8.754947 -10.056520
10.779449 -12.377128
10.449318 -10.093433
9.144803 -8.749270
9.710167 2.160612
12.132474 1.894173
11.832238 -5.710600
6.012521 -7.131682
6.265762 -7.872171
12.132441 -8.979830
10.229443 -10.809612
11.652499 -10.278869
10.100943 -12.689538
8.511472 -11.602956
8.724014 -16.534346
6.463131 -15.525500
7.572619 -15.614713
8.062977 -11.989682
8.204971 -10.845831
9.461503 -10.249137
8.065366 -13.572608
7.424200 -8.131331
5.823172 -7.953547
6.321346 -8.103457
5.202064 -8.061267
3.951403 -7.996311
4.854997 -7.567564
5.817653 -6.384583
3.329295 -5.014454
2.513341 -3.391956
3.817033 -2.471945
5.871543 -5.134523
0.785263 -10.767385
2.568348 -14.004341
8.630681 -9.701486
8.583830 -10.939992
7.972509 -9.188282
9.883478 -8.224856
12.326353 -6.550044
9.819476 -10.421168
8.519890 -9.630897
11.443492 -6.719927
6.705219 -7.996841
6.249911 -7.838086
3.486023 -7.324108
6.070810 -7.530442
0.066827 -8.466456
1.637273 -10.079669
7.918351 -10.490183
8.257590 -9.654988
9.368322 -10.038663
12.529852 -6.457227
12.046496 -5.037817
11.596901 -5.861009
12.393261 -10.678317
9.272683 -8.517205
10.919988 -8.497364
14.100388 -8.452339
9.062370 -8.740746
9.266316 -10.251718
7.906963 -12.450006
8.661420 -10.571509
1.624514 -9.668375
2.384559 -8.567288
2.700554 -9.325608
1.610026 -9.110294
2.704568 -8.642448
-0.207297 -10.625607
1.563031 -9.922204
5.709674 -7.042470
5.497249 -5.035934
2.510569 -7.585331
4.952106 -6.703369
5.768649 -6.496182
5.927768 -7.743782
5.315084 -7.891834
5.850474 -7.901812
7.755782 -7.853033
5.189171 -5.169675
4.107626 -2.627353
3.656055 -2.296357
9.754973 -8.109036
2.760318 -7.988178
2.267457 -11.563489
1.933645 -10.063534
1.374892 -8.582524
4.706411 -6.879120
4.208259 -6.817714
3.000587 -5.062256
1.995444 -3.370645
5.976490 -7.261460
8.472769 -8.245468
8.763637 -8.613945
9.163525 -8.321538
10.161076 -12.250724
8.365498 -9.643333
8.394624 -9.227448
10.811737 -9.719893
9.471706 -10.940536
9.286835 -8.274378
7.265341 -8.153918
2.896968 -8.173100
6.108452 -7.673005
5.688921 -4.714985
5.053671 -7.583175
5.675451 -4.513883
4.651045 -7.263584
4.805449 -6.471135
5.294785 -6.566732
8.593463 -9.036119
7.847821 -9.418319
8.174133 -9.270416
10.003639 -12.001258
9.388684 -11.060584
8.207894 -9.179423
8.875401 -10.950263
10.854567 -11.771038
11.976936 -13.936519
8.676319 -10.626318
9.459709 -10.169459
8.921071 -7.985617
9.575065 -9.796840
9.183521 -10.981114
10.143605 -9.770159
8.969587 -9.466210
10.983023 -9.827456
10.162457 -9.769524
9.758782 -10.488215
1.914746 -10.181233
2.655001 -10.630580
1.273642 -11.930721
-2.003428 -13.223191
0.644868 -11.298950
2.741845 -12.713264
8.035265 -9.229012
8.822962 -7.988804
8.164514 -8.774119
9.881374 -12.461497
8.384813 -11.036953
8.073129 -13.538514
0.508083 -8.999619
-0.454452 -9.136672
2.263891 -9.082471
4.114950 -8.019694
3.935339 -6.532640
5.132523 -4.683092
5.174506 -5.332833
4.730412 -5.437610
3.375412 -6.232820
4.700049 -7.928370
7.034546 -8.170239
6.487690 -7.899411
5.489781 -6.109731
4.223802 -4.635629
1.765234 -5.447426
5.501721 -7.447193
5.073416 -5.910724
4.103244 -4.773717
6.140873 -5.801159
4.045553 -5.682716
5.223538 -1.057804
5.133918 -2.711248
5.404702 -7.775800
5.631871 -7.769864
4.747513 -6.115452
4.687406 -7.734800
4.405713 -7.514026
9.077212 -8.775502
11.856348 -12.583467
8.654375 -13.342640
14.320765 -11.604193
13.294715 -11.806736
7.847898 -10.871714
9.066643 -11.585409
9.930864 -12.724616
7.230776 -13.330584
5.293073 -13.276304
1.186715 -15.068393
0.289307 -12.283488
2.632311 -10.299248
1.602880 -10.479289
3.398197 -6.631791
3.441673 -7.708099
3.734602 -5.608409
4.059655 -7.023653
0.919415 -6.131811
4.846846 -8.164292
1.355463 -7.842248
2.241279 -10.728385
1.237761 -13.070506
7.949695 -11.130501
8.055428 -8.754363
8.801662 -8.873633
4.290682 -3.868328
3.740601 -4.066372
5.846200 -3.978605
9.323271 -1.227790
7.726213 0.313628
3.271726 -3.970788
5.029914 -3.221883
5.020265 -7.746610
8.682674 -10.584613
1.812865 -10.585683
1.353466 -12.331395
0.574742 -10.363446
2.338150 -8.636818
1.473860 -10.413732
2.213120 -14.375022
4.711721 -14.937843
1.660167 -14.820580
2.494063 -10.280400
1.118354 -10.366405
2.613032 -8.506293
3.566705 -6.863988
4.850296 -6.283305
5.821314 -7.794216
5.612222 -7.854569
9.113341 -11.136104
9.469812 -15.175112
8.137756 -15.558858
2.636655 -10.366133
6.982410 -7.869000
5.218260 -7.927339
3.352443 -7.343751
2.880032 -6.577176
3.699708 -4.543012
5.006418 -2.634338
3.841592 -15.099938
7.046003 -13.453094
7.585016 -17.234573
-0.857489 -11.470826
2.572736 -12.960862
2.635140 -11.518245
1.615725 -7.834768
5.609207 -6.263762
5.918288 -6.007638
4.509468 -4.539271
2.689044 -8.362645
0.995050 -8.415257
1.947082 -4.995957
1.350099 -7.105056
0.824664 -8.815928
2.738641 -7.274361
2.460392 -9.650434
7.905104 -12.332074
8.535240 -11.799117
9.771634 -9.296199
9.040279 -8.914409
8.297159 -8.790835
9.135602 -10.745673
4.545378 -4.385513
4.376237 -7.754250
8.757504 -8.937618
8.539411 -11.572646
5.578512 -6.897252
5.716183 -7.804044
1.069881 -7.247670
0.322572 -8.909509
2.268756 -7.042263
-3.169128 -7.768708
1.300738 -11.219861
1.624383 -8.426996
1.627007 -8.922700
1.559144 -9.812335
3.177646 -7.565435
5.294880 -4.218073
3.824027 -7.274329
4.753156 -6.891238
5.737305 -6.882703
1.059740 -7.143488
0.158675 -7.039618
2.080004 -8.581378
2.846835 -13.670507
2.591615 -11.841529
-2.560753 -10.515495
3.422616 -15.237241
4.080672 -18.198820
6.777237 -16.995371
5.332609 -16.005234
7.012707 -13.262723
5.285575 -16.006027
0.823035 -11.500453
1.542190 -13.126605
5.746712 -14.196723
9.605195 -10.791806
11.673092 -8.231616
2.414285 -11.547334
-0.870687 -10.709550
1.794439 -11.730819
1.152757 -9.018798
8.882198 -9.423420
10.262564 -10.941669
11.212210 -9.102227
2.679852 -9.304889
2.803604 -7.154107
6.907460 -8.176870
2.557534 -8.230144
4.167303 -8.044417
5.176163 -5.453357
2.919942 -17.218714
5.266334 -13.758546
9.022980 -9.501565
14.620611 -6.788867
12.984681 -12.598845
9.032678 -9.573749
9.301417 -8.782511
1.504425 -8.537911
4.526340 -7.321123
5.164237 -2.806594
2.788703 -6.478074
3.542726 -7.341688
7.048195 -7.882167
3.672244 -7.848089
2.619722 -8.229631
-0.211874 -9.810047
2.649844 -10.244012
4.259961 -7.453394
7.166654 -8.058138
5.922253 -6.325223
8.384049 -8.771964
9.034636 -10.702164
7.170197 -8.097079
8.797410 -8.697042
9.283769 -8.730050
9.184828 -9.941726
9.464861 -10.912786
11.505494 -7.373580
12.346946 -6.475472
13.726699 -5.975174
8.933963 -9.518569
8.782153 -8.492349
11.650171 -10.396597
10.920954 -7.977655
9.630190 -9.788403
13.626306 -5.255177
13.682833 -3.468572
10.367607 0.221242
6.640129 -1.425119
7.888885 -0.721859
9.670464 1.002811
8.963914 1.932150
9.083021 -0.116952
11.012202 -0.059825
12.118444 -2.428982
11.967145 0.064178
10.296019 -0.853591
9.298773 -0.670727
8.285917 0.575004
11.530781 0.169674
12.899344 -4.695736
11.950224 -3.556089
13.861544 -6.184310
11.185343 -6.773420
5.318956 -6.946054
4.008770 -7.494448
5.653115 -4.603841
4.563925 -6.697351
6.007589 -5.612322
3.071712 -6.305807
1.953616 -8.658910
2.823951 -10.219317
2.515788 -11.693328
1.644390 -10.582876
2.555079 -8.412426
2.641738 -9.174396
2.475418 -9.433223
9.425806 -9.914084
8.012576 -14.047856
8.785273 -9.930857
7.878623 -13.883241
8.995706 -14.330490
1.776933 -14.105271
1.913900 -12.922436
2.665731 -11.281708
1.742396 -8.248080
4.917727 -5.279681
4.702029 -3.959475
3.297271 -3.061147
4.535625 -4.796978
2.617181 -6.166261
0.409560 -9.783513
1.786682 -10.930835
1.008464 -9.401340
0.650118 -8.771563
5.223219 -7.139047
4.137777 -7.917813
3.363243 -6.041708
4.542813 -7.108087
4.651795 -7.295346
2.996919 -7.095911
4.580679 -7.700933
5.412240 -6.004083
8.353340 -13.209731
4.446016 -13.558490
8.845359 -11.186398
8.258376 -8.881277
8.000607 -9.216411
8.104792 -9.874000
8.930590 -8.293035
12.111347 -8.248360
11.946979 -5.538351
12.515097 -11.632566
8.299345 -8.919531
4.321197 -6.274267
2.674462 -5.756961
3.169523 -7.698728
5.912588 -6.758890
3.642154 -6.053173
5.482354 -3.754531
5.477729 0.051592
8.442158 0.355283
9.336832 1.035275
6.099659 0.488641
6.273760 -1.517488
4.846900 -1.990222
5.882844 -5.788089
6.067781 -5.461937
3.503971 -4.367939
6.354241 -1.247669
6.854918 -0.773118
7.569053 1.141338
11.836510 0.417852
14.346949 -3.679708
13.319330 -8.077825
11.956568 -7.492055
13.202568 -9.092164
10.499855 -7.820471
9.116473 -10.038945
8.578644 -8.170596
9.549195 -8.789035
11.013169 -11.237654
11.297754 -12.109122
8.636058 -7.999077
10.282288 -9.269086
8.190196 -8.363301
10.394236 -10.034419
11.996520 -6.087110
8.752133 -12.884820
2.390311 -14.191902
1.918814 -15.247466
2.471310 -9.977006
2.288934 -8.609231
1.515184 -13.200053
-2.339682 -17.184938
0.691679 -10.224454
4.078104 -6.697188
5.649938 -7.791623
3.120460 -8.067925
4.274526 -14.552434
4.901406 -6.762001
1.513012 -8.587006
1.314566 -9.823672
0.478343 -10.502379
3.790268 -8.144477
2.534786 -10.745379
2.939556 -7.142750
2.432064 -8.933707
4.063963 -6.781377
5.717895 -7.677897
5.434272 -6.454802
5.371324 -3.736264
5.965421 -5.802638
4.990712 -7.223638
5.675467 -7.200951
5.248657 -6.638048
6.137550 -8.112020
3.144963 -7.615294
1.366713 -8.297493
2.590464 -10.952176
2.093886 -11.895689
-3.607157 -19.430737
