12.550997 19.578421
6.983041 10.950959
4.191515 10.395205
5.417593 9.172696
5.235925 10.869712
6.390840 8.923635
6.012002 8.415945
6.305756 9.265353
4.845230 8.625386
6.194079 7.328597
4.139393 6.306570
2.671377 3.966706
2.394094 2.119606
-3.052568 -0.977476
-3.269973 -3.139463
-5.786125 -4.639845
-6.778771 -3.950168
-7.243167 -3.914054
-6.904565 -4.780264
-7.235002 -6.119687
-8.590089 -5.774542
-8.176400 -5.624839
-6.706654 -4.716723
-6.120274 -4.879852
-6.568936 -5.771132
-3.608517 -3.323779
-3.729086 -1.776578
-0.927290 -2.202177
-3.999969 -3.429045
-4.207745 -2.552288
-3.977997 -0.152800
-0.119323 0.901606
-1.593767 0.070695
-4.184930 -3.262287
-3.717582 0.323896
-1.841464 1.824662
-0.028722 0.911813
-3.064765 1.206518
-2.316023 2.356492
-2.545671 0.915358
-3.958815 0.618215
-4.053746 0.458558
-2.466077 -1.432052
-3.138974 2.387757
-2.968542 4.143009
-2.537546 9.434813
-1.301395 4.688372
-0.989017 5.335958
-5.465292 7.032920
-4.386752 8.307362
-7.183907 6.452399
-9.423656 7.060952
-8.755692 3.947034
-9.861994 1.522444
-10.786348 1.180961
-9.947589 -1.920213
-9.894644 -1.691462
-13.857443 -1.972055
