2.968461 3.604175
-0.446802 3.136109
-2.749956 4.347744
-2.120488 4.925884
-3.190331 6.414662
-3.233961 7.093305
-2.450289 5.418078
-3.521666 7.307675
-4.460074 6.000206
-7.603843 7.245495
-6.032737 6.787115
-8.152123 7.278622
-9.248912 4.359293
-9.086962 2.693307
-8.813599 5.980219
-7.394811 6.728986
-12.108070 6.783073
-9.112250 4.924957
-8.645557 4.695970
-8.761917 5.268466
-8.943279 5.209849
-8.773255 4.232008
-9.624703 3.671301
-12.029797 4.212026
-7.641727 6.641493
-4.643030 7.446148
-5.065325 6.259542
-4.521999 6.230261
-6.701635 6.416183
-5.508103 6.010840
-5.863977 7.303643
-6.138229 6.035657
-8.103271 6.191614
-8.678599 5.848650
-14.520161 4.938469
