-8.223739 12.536588
-6.342980 7.946606
-5.209712 6.364243
-3.984509 6.579561
-3.206759 6.324475
-2.888363 6.410843
-2.943854 6.465352
-2.770312 6.313646
-2.868408 6.411049
-2.926993 6.462513
-2.861662 6.405079
-2.919746 6.455955
-2.455777 5.885427
-2.441257 5.788475
-2.427208 5.339696
-1.870222 4.875581
-1.960069 4.757074
-2.170541 4.671182
-1.759524 4.248783
-1.969756 4.258318
-2.358661 4.277159
-2.168279 3.743436
-1.827280 2.986577
-1.603420 2.491565
-1.828221 2.678401
-2.374336 3.023691
-2.354156 2.412912
-2.070485 1.446275
-2.262264 1.543644
-2.451522 0.261847
-1.257086 -2.926701
-0.727632 -6.516788
0.848512 -9.950701
3.249672 -15.049954
