5.486092 -17.120249
2.473541 -10.499014
0.523921 -6.925008
-0.562643 -2.934082
-1.151544 -0.599247
-1.599552 1.726138
-1.853238 2.835149
-1.815173 3.482996
-1.965313 4.216046
-2.149511 4.988988
-2.061106 5.227641
-2.090779 5.457939
-2.419801 5.838651
-2.903679 6.414457
-2.915900 6.453230
-2.926152 6.456569
-2.872681 6.409774
-2.784164 6.316248
-2.803394 6.315768
-2.815570 6.346746
-2.834816 6.346031
-2.847325 6.379376
-2.864205 6.379667
-2.874712 6.416734
-2.880426 6.422683
-2.814872 6.359609
-2.862774 6.345049
-2.865996 6.346783
-3.196098 6.379519
-3.367299 6.478259
-3.657605 6.452643
-4.528427 6.851239
-5.587835 9.665620
-7.860857 16.713352
