8.171559 2.445441
6.008592 1.142670
1.029640 0.232540
1.275367 0.322934
1.681164 0.408201
1.030415 0.232815
1.276237 0.323259
1.682181 0.408529
1.031696 0.233267
1.277675 0.323790
1.683859 0.409061
1.033813 0.233992
1.280054 0.324642
1.686645 0.409909
1.037314 0.235127
1.283973 0.325958
1.691204 0.411146
1.043036 0.236699
1.290323 0.327685
1.698706 0.412513
1.052416 0.238031
1.300636 0.328654
1.711090 0.411778
1.067917 0.234471
1.317730 0.321541
1.731885 0.396054
1.094012 0.201135
1.347249 0.267504
1.769888 0.299728
1.141422 0.013449
1.525034 0.041399
1.480338 -2.823482
-0.097230 -7.158151
-0.983718 -9.664489
-2.570456 -13.800199
