-17.002768 9.290303
-7.676352 7.648169
-7.866041 7.620145
-7.676386 7.648140
-7.866083 7.620110
-7.676510 7.648043
-7.866231 7.619991
-7.676930 7.647700
-7.866734 7.619568
-7.678353 7.646459
-7.868432 7.618042
-7.683015 7.641733
-7.873947 7.612232
-7.696904 7.622360
-7.889483 7.589516
-7.724406 7.543520
-7.914635 7.499894
-7.661740 7.277784
-7.796421 7.195947
-6.641023 6.328542
-6.643901 6.535380
-5.110955 6.399564
-4.133538 6.476014
-3.914426 6.733418
-3.843795 6.776330
-3.206372 6.558159
-3.152663 6.598421
-3.121062 6.564946
-2.843945 6.359635
-2.833852 6.363784
-2.825274 6.335784
-2.818467 6.361954
-2.884660 6.426141
-2.788380 6.329772
-2.834663 6.370136
-2.851508 6.394653
-2.777125 6.314061
-2.774445 6.319754
-2.834589 6.378111
-2.447017 5.843121
-2.208659 5.403616
-2.002873 4.979892
-2.216653 5.021717
-2.186687 3.569039
-2.357991 3.628229
-2.319340 3.397230
-1.606104 3.276788
-0.663576 3.681989
0.866625 4.538083
