1.919496 -18.332176
3.532777 -11.178275
4.223123 -8.383811
4.672913 -5.906676
2.849864 -4.103501
1.736048 -3.373623
1.735989 -3.372649
1.735906 -3.370711
1.735796 -3.366847
1.735667 -3.359154
1.735615 -3.343781
1.735965 -3.313066
1.738372 -3.252429
1.747211 -3.127269
1.771912 -2.844514
1.647530 -2.256289
1.677677 -1.292975
1.734849 0.375374
1.334326 0.297221
1.565117 0.302888
1.178140 0.223228
1.431573 0.271848
1.053041 0.187862
1.320446 0.244389
1.723693 0.310686
1.083831 0.212633
1.464883 0.296940
1.665650 0.322866
1.271302 0.247211
1.512146 0.290560
1.129143 0.209256
1.386205 0.260788
1.794127 0.324260
1.139920 0.227496
1.524989 0.309926
1.709796 0.331984
1.311758 0.258301
1.545459 0.297481
1.160103 0.217349
7.622125 0.247535
8.787091 1.572436
9.978714 3.643402
11.587056 6.345853
15.667215 11.542937
