15.732365 12.042305
9.518507 10.399576
6.687841 9.375141
4.511347 8.669230
2.851014 5.334204
2.878782 5.208641
2.833333 5.329268
2.858710 5.203990
2.807560 5.323018
2.828859 5.198384
2.768278 5.315613
2.782071 5.192595
2.706733 5.307741
2.707754 5.187721
2.606091 5.300467
2.584055 5.185683
2.433387 5.297235
2.365034 5.193400
2.122548 5.305140
1.953832 5.224885
1.536147 5.345657
1.062567 5.316167
0.185245 5.434482
0.147812 5.865736
-0.728880 5.759249
-0.989996 6.778138
-1.342351 6.639204
-0.701003 8.607962
-2.194189 9.132259
-4.228077 10.001518
-7.736495 12.046259
