0.919164 -0.520086
1.724160 -2.004786
1.511879 -2.245851
1.319707 -2.354477
1.795985 -2.908314
1.577885 -2.842753
1.299457 -2.712811
1.689420 -3.003981
1.350276 -2.770904
1.736312 -3.056932
1.369736 -2.790641
1.753933 -3.075051
1.376861 -2.797632
1.760171 -3.081397
1.379428 -2.800150
1.762414 -3.083660
1.380360 -2.801031
1.763234 -3.084442
1.380697 -2.801341
1.763532 -3.084716
1.380819 -2.801449
1.763640 -3.084812
4.073822 -4.546270
5.157530 -5.798172
6.448883 -6.725541
8.239329 -7.132879
10.849612 -7.614305
