-10.636658 11.258084
-8.462456 8.627387
-7.672633 8.106620
-7.672746 8.106582
-7.672981 8.106509
-7.673479 8.106383
-7.674539 8.106187
-7.676802 8.105962
-7.681717 8.105990
-7.692508 8.107421
-7.716471 8.114211
-7.770733 8.138815
-7.787490 7.970049
-7.844277 7.902729
-7.926592 7.303591
-7.787414 5.456560
-7.737520 6.659838
-7.849331 6.509037
-7.766412 6.560682
-7.867991 6.404572
-7.822400 6.486797
-7.921846 6.331243
-7.867489 6.427690
-7.763436 6.582424
-7.942439 5.411911
-7.911343 6.314845
-7.815509 6.471523
-7.778012 6.543836
-7.878872 6.387935
-7.831949 6.474288
-7.931091 6.318466
-7.875117 6.417696
-7.771327 6.572320
-7.947749 5.404321
-7.917580 6.306222
-7.821934 6.463084
-7.987365 3.276138
-7.469888 1.247493
-7.170378 1.241787
-4.117917 0.493110
-1.622071 -2.570660
-0.834479 -5.985040
0.738433 -9.236494
2.913030 -13.186915
