-16.880049 11.938284
-13.472582 4.222601
-12.027347 1.019053
-11.688727 -0.608107
-11.850655 -1.592315
-9.518232 -8.019237
-9.457224 -8.055058
-9.461126 -8.052000
-9.522486 -8.015689
-9.417610 -8.078082
-9.474363 -8.045276
-9.475183 -8.043901
-9.418366 -8.076963
-9.429163 -8.071525
-9.487226 -8.037839
-9.485550 -8.037906
-9.427687 -8.071671
-9.437095 -8.067019
-9.496036 -8.032752
-9.492122 -8.034110
-9.433590 -8.068316
-9.442022 -8.064234
-9.501482 -8.029626
-9.500341 -8.036036
-9.440752 -8.069375
-11.410038 -8.606788
-12.492855 -12.682207
