-3.348108 -7.679720
-4.736303 -3.738182
-5.039797 -1.017714
-5.678799 0.630016
-6.509671 1.115173
-7.277690 1.289597
-8.030369 1.362198
-8.007610 1.405873
-7.942067 1.523729
-7.607765 1.784540
-7.587644 2.612191
-7.690969 3.561600
-7.716734 4.665182
-7.841945 7.492379
-7.662688 7.550687
-7.733883 7.855736
-7.551760 7.850298
-7.713814 7.873997
-7.533978 7.864719
-7.710465 7.875281
-7.531100 7.865780
-7.709925 7.875424
-7.530638 7.865908
-7.709837 7.875447
-7.530564 7.865928
-7.709824 7.875449
-7.530553 7.865930
-7.709823 7.875449
-7.530551 7.865931
-7.709821 7.875449
-7.530550 7.865931
-7.709821 7.875449
-7.530550 7.865932
-10.793211 8.955054
-16.093918 17.660421
