-17.787783 -18.670591
-9.973447 -10.229642
-7.409008 -7.835728
-5.651627 -6.648236
-3.666927 -4.902309
-1.391341 -2.469428
1.560134 -0.099800
1.038728 0.374722
1.415886 0.496240
1.550878 0.574532
1.271721 0.476917
1.468824 0.562469
1.206299 0.461535
1.431482 0.553942
1.174948 0.452039
1.413867 0.548961
1.160221 0.446947
1.811442 0.658711
1.405745 0.546418
1.153416 0.444454
1.806614 0.657151
1.402033 0.545218
1.150284 0.443288
1.804398 0.656424
1.400338 0.544661
1.148844 0.442746
1.803379 0.656087
1.399562 0.544401
1.148186 0.442493
1.802914 0.655931
1.399209 0.544282
1.147885 0.442378
3.693252 1.161376
4.927856 1.605533
6.960743 2.485042
9.160626 4.312541
11.313410 6.213702
16.632990 9.436835
