14.172125 16.195789
8.419538 11.594417
6.042827 9.649808
4.596807 7.721748
3.253265 5.137403
3.378957 5.300961
3.494705 5.799008
2.938282 4.724424
3.091038 4.801916
3.230974 5.127884
3.354411 5.291571
3.465483 5.789855
2.874596 4.705128
3.019885 4.784179
3.140090 5.103932
3.250093 5.272994
3.335770 5.776536
2.568274 4.689472
2.641949 4.803512
2.607609 5.149896
1.796611 4.857193
1.687625 5.019506
1.324459 5.386003
-0.018523 5.306765
0.124495 5.726376
-0.560665 5.342843
-0.863783 6.130447
-1.077628 7.693636
-2.798052 7.670071
-4.654499 7.324298
