-13.820058 4.817918
-7.753779 6.933515
-7.897209 6.814325
-7.934599 6.832555
-7.771240 6.954907
-7.681673 7.010327
-7.825726 6.888994
-7.767139 6.916819
-7.910355 6.797395
-7.953149 6.808567
-7.790251 6.931150
-7.709062 6.975191
-7.852769 6.853372
-7.795099 6.866691
-7.935825 6.744806
-7.897224 6.714501
-7.758403 6.845185
-7.895164 6.484460
-7.780970 6.632991
-7.944195 5.492280
-7.812944 6.456169
-7.906427 6.297044
-7.782700 6.543995
-7.884264 6.388618
-7.936064 6.291315
-7.839864 6.447990
-7.902717 6.336664
-7.805347 6.492853
-7.877652 6.369367
-7.779408 6.525930
-7.858592 6.394249
-7.949041 6.234415
-7.818915 6.497205
-7.919225 6.342225
-7.764221 6.569035
-7.866675 6.413212
-8.004377 3.445312
-7.757074 2.366555
-7.975710 1.867334
-7.924186 1.613523
-7.627582 1.354097
-6.943046 1.025672
-6.163394 1.148454
-4.601771 0.644071
-3.717205 0.980108
-2.323989 0.868267
-1.788322 2.373869
5.777170 3.083230
8.540541 3.849176
11.057739 4.283763
16.147921 4.331931
