17.193361 9.931681
12.481618 4.726398
10.489921 2.320512
9.087500 0.577237
7.938818 -0.854058
6.947714 -1.537395
1.376933 -0.106308
1.757372 -0.090002
1.744807 -0.225231
1.249873 -0.191770
1.096374 -0.163525
1.460229 -0.127731
1.366766 -0.109596
1.747414 -0.093245
1.731981 -0.229732
1.236773 -0.196496
1.078059 -0.170603
1.439476 -0.134324
1.341516 -0.117635
1.723050 -0.100387
1.701259 -0.237382
1.206054 -0.204452
1.034036 -0.172934
1.389265 -0.131326
1.273233 -0.047013
1.650270 -0.005607
1.580684 0.255491
1.190208 0.186117
1.465602 -2.508815
1.156384 -2.409850
1.677645 -2.818161
1.799379 -3.086843
1.495648 -2.891582
1.208767 -2.718399
1.722021 -2.967886
1.298374 -2.718803
1.029611 -2.564488
1.623251 -2.880685
1.776025 -3.111775
1.491203 -2.898056
1.205517 -2.723138
1.720734 -2.969830
1.297704 -2.719976
1.029138 -2.565367
1.623070 -2.881059
1.775948 -3.111926
1.491195 -2.898100
1.205513 -2.723173
1.720734 -2.969845
1.297705 -2.719986
1.029140 -2.565374
3.124717 -4.025624
4.949006 -5.858229
4.253102 -8.109676
3.385106 -10.457389
1.726235 -15.682575
