16.402731 15.214245
9.354970 11.457730
6.436680 9.877761
4.517016 8.501197
4.786949 8.526952
4.546960 7.363178
4.482354 6.665820
4.383763 6.022180
4.100503 5.534638
4.036589 5.805693
4.030734 5.775975
3.953907 5.941366
3.587984 5.718827
3.567344 5.746698
2.912582 5.864918
2.593304 5.406201
1.950684 5.189987
1.946306 5.331507
1.785323 5.689301
0.774916 5.554661
0.819818 5.839567
-0.249397 5.769083
-0.466269 5.563624
-0.503252 5.489876
-0.731486 5.758105
-0.913901 6.581849
-0.761185 6.655211
-1.041342 8.154304
-0.764413 8.159999
-1.198532 8.314580
-3.100154 8.191374
-5.431039 7.918149
-7.954643 7.499793
