13.603530 10.742700
9.446304 8.555206
7.432770 7.132840
5.142161 5.405783
2.598878 3.189294
-2.358276 -1.337488
-3.421398 -2.003704
-3.907581 -2.422573
-4.158743 -2.813977
-4.506589 -3.477926
-4.333495 -3.405121
-4.256202 -3.291289
-4.211888 -3.277161
-4.201968 -3.208543
-4.180847 -3.228964
-4.187778 -3.179676
-4.172172 -3.212891
-4.183741 -3.170467
-4.169629 -3.207839
-4.182539 -3.167570
-4.168862 -3.206269
-4.182175 -3.166669
-4.168630 -3.205785
-4.182067 -3.166391
-4.168559 -3.205636
-4.182034 -3.166306
-4.168539 -3.205590
-5.006845 -3.963207
-5.873331 -4.366503
-7.162921 -4.701603
-9.470120 -5.472433
-12.861629 -6.158896
