4.868207 18.459763
5.668725 14.072082
5.831154 11.338771
5.280737 10.224312
4.452741 8.905221
4.757183 8.897808
4.495306 7.615145
4.449240 6.868434
4.358713 6.159814
4.098789 5.473336
4.093839 5.488342
4.077731 5.522147
4.031122 5.599779
3.897127 5.786287
3.878006 5.711267
3.779658 5.846044
3.378810 5.520540
3.375966 5.505903
3.284746 5.718791
2.796626 5.421937
2.791721 5.456185
2.676568 5.715339
1.995433 5.440876
1.956781 5.519900
1.739647 5.795744
0.692207 5.545071
-4.347680 -3.369986
-4.218072 -3.400309
-4.852305 -4.246933
-6.316581 -5.678591
-8.039713 -7.450239
-10.296414 -10.651575
