-8.929910 1.853809
-7.550046 1.392661
-3.640653 -0.499020
-3.791388 -0.462971
-4.100746 -0.348334
-3.647442 -0.499240
-3.799711 -0.462649
-4.110793 -0.348232
-3.659616 -0.499418
-3.814630 -0.462023
-4.128857 -0.348008
-3.681379 -0.499637
-3.840832 -0.460892
-4.160323 -0.346874
-3.719340 -0.499178
-3.884956 -0.458807
-4.213594 -0.343689
-3.783394 -0.496845
-3.956933 -0.455850
-4.300478 -0.338772
-3.888839 -0.493723
-4.073245 -0.453041
-4.433009 -0.325137
-4.052805 -0.482015
-4.250180 -0.428139
-4.297057 -0.392189
-4.494655 -0.280610
-4.563687 0.232623
-3.633645 0.542810
-2.422322 0.488420
-2.424775 1.493491
-1.743256 2.963731
-0.839048 4.694642
0.315248 5.003441
0.650281 5.170598
1.995613 5.950572
3.232575 5.568830
3.152093 5.300195
3.708639 5.477200
3.748552 5.231239
3.718627 5.196424
3.991136 5.462507
3.956185 5.261628
3.904029 5.246737
4.088095 5.514478
4.035367 5.320176
3.977590 5.306401
4.130962 5.561673
4.075288 5.366587
4.017131 5.350429
4.155443 5.595067
4.099823 5.398736
4.041762 5.380463
4.171066 5.617626
4.115778 5.420444
4.057812 5.400743
4.181350 5.632880
4.126333 5.435185
4.068515 5.414579
4.188250 5.643278
4.133431 5.445252
4.075744 5.424016
4.439796 6.954127
4.701454 8.393138
4.878246 9.753531
6.920192 12.177377
11.355388 17.446690
