-10.212542 -2.146373
-4.097324 -0.936373
-4.412376 -0.955766
-4.004009 -0.926565
-4.321782 -0.953702
-3.900542 -0.841452
-4.267600 -0.865042
-4.487401 -0.901581
-4.060780 -0.883593
-4.343484 -0.924934
-3.917182 -0.886113
-4.231449 -0.933001
-4.545904 -0.934571
-4.137125 -0.935465
-4.452050 -0.949337
-4.044639 -0.925915
-4.360768 -0.949087
-3.943259 -0.844598
-4.309952 -0.865349
-4.519266 -0.938369
-4.093672 -0.917834
-4.395946 -1.211960
-1.638676 -0.751478
6.735093 1.814104
8.857214 2.090974
10.268478 3.507576
10.399210 3.666271
10.484794 3.731942
10.420097 3.666455
10.222803 3.456627
10.191639 3.413438
10.270018 3.519623
10.269755 3.509173
10.401416 3.668833
10.488470 3.735886
10.424713 3.671047
10.229059 3.462292
10.202005 3.421691
10.287253 3.531012
10.298584 3.525142
10.452109 3.692569
10.574470 3.769067
10.534922 3.703836
10.382231 3.489696
10.459783 3.443930
10.741940 3.533271
11.081856 3.459202
11.992739 3.610055
13.361866 3.440716
14.935663 3.779874
19.076626 1.043784
