9.998734 9.950490
6.898535 10.501730
4.664236 10.673282
4.829370 9.913686
4.368275 10.059070
4.930101 9.674218
4.518451 9.775847
5.021256 9.613820
4.616577 9.707726
4.326303 9.770819
4.673307 9.685351
4.362203 9.758585
4.703502 9.676167
4.380683 9.752995
4.719144 9.672017
4.389609 9.750442
4.726718 9.670126
4.393901 9.749241
4.730357 9.669246
4.395959 9.748672
4.732104 9.668831
4.396945 9.748401
4.732943 9.668633
1.274886 11.017194
0.769349 11.127610
-0.530070 11.183287
-0.685845 11.659994
-0.967103 12.834743
-4.533187 16.361410
