-15.144098 -17.199728
-9.690725 -9.404190
-7.564271 -7.230840
-5.819755 -5.605074
1.544245 4.547720
2.439198 5.610062
3.381164 5.909309
3.371511 5.810094
4.220109 5.847614
4.189626 5.750336
4.250888 5.862763
4.197765 5.620485
4.138180 5.554964
4.200568 5.718409
4.132175 5.485182
4.066391 5.432717
4.149877 5.626470
4.077038 5.398102
4.009442 5.353101
4.112621 5.567317
4.038168 5.342278
3.969537 5.301233
4.087057 5.528649
4.012330 5.305849
3.943104 5.267524
4.070672 5.503629
3.995860 5.282397
3.926127 5.245930
4.060033 5.487679
3.985211 5.267491
3.915270 5.232118
4.364304 6.890719
4.564919 7.682714
4.587503 8.784902
4.448612 10.090617
