13.106495 15.189679
10.589852 8.677471
9.730723 5.614607
9.609470 4.143584
9.826944 3.646442
10.121264 3.671765
10.242376 3.616367
10.493682 3.503298
10.596667 3.630892
10.552951 3.530268
10.648190 3.656868
10.561304 3.538475
10.655556 3.664241
10.562488 3.540304
10.656609 3.665854
10.562654 3.540665
10.656758 3.666169
10.562679 3.540733
10.656781 3.666227
10.562681 3.540744
10.656783 3.666236
10.562680 3.540745
10.656781 3.666237
10.562680 3.540745
10.656781 3.666238
8.790734 1.105676
8.628378 -0.317348
8.716918 -1.107165
8.960762 -1.158022
11.012036 3.702013
10.957845 3.561030
11.012036 3.702013
10.957845 3.561031
11.012036 3.702013
10.957845 3.561031
11.012036 3.702015
10.957846 3.561033
11.012034 3.702024
10.957844 3.561042
11.012037 3.702066
10.957847 3.561093
11.012072 3.702264
10.957888 3.561312
11.012352 3.703084
10.958217 3.562219
11.014159 3.706169
10.960345 3.565548
11.024578 3.715800
10.972569 3.575463
11.082303 3.729955
11.029164 3.543920
11.081416 3.514206
11.127915 3.706135
11.087626 3.543028
11.133028 3.732247
11.088129 3.547174
11.133420 3.736030
11.088185 3.547750
11.133462 3.736557
11.088193 3.547830
11.133469 3.736629
11.088194 3.547840
11.133469 3.736639
11.088194 3.547841
11.133469 3.736639
11.088194 3.547841
11.133469 3.736639
11.088194 3.547841
11.133469 3.736639
11.088194 3.547841
11.133469 3.736639
8.129230 -6.671554
8.191020 -8.103288
8.453047 -9.813748
8.790172 -14.471836
