-12.868610 6.573233
-10.477737 3.376959
-9.472889 1.380426
-9.697548 1.175667
-9.737185 0.488241
-9.691082 -1.586668
-9.892341 -1.607968
-9.735361 -2.084631
-10.002873 -1.840915
-10.117347 -1.785659
-9.841814 -2.218032
-9.625160 -2.756325
-9.917813 -2.550029
-10.046860 -2.393104
-9.813644 -2.636873
-9.603176 -2.968954
-9.906378 -2.709932
-10.037701 -2.540901
-9.811090 -2.741043
-10.057330 -2.409365
-10.149167 -2.251317
-9.862499 -2.542911
-9.626659 -2.915729
-9.916083 -2.669387
-10.045124 -2.501713
-9.814042 -2.713772
-10.059026 -2.383717
-10.150694 -2.228968
-9.863153 -2.527161
-9.627321 -2.907575
-8.743189 -3.901529
-8.136853 -5.338474
-7.557549 -6.869717
-6.699056 -8.914491
-4.958645 -13.878829
