17.531595 -5.724314
14.893204 -1.123804
14.271037 -0.085396
12.266578 3.655351
12.217491 3.794432
12.172061 3.908908
12.287367 3.662549
12.373879 3.532883
12.221478 3.843922
12.272371 3.624926
12.162918 3.859234
12.261495 3.626578
12.154585 3.859511
14.331628 -0.376698
14.892741 -1.124553
14.269683 -0.087260
12.318563 3.551723
12.301550 3.597566
12.313894 3.558205
12.294061 3.610090
12.301053 3.580059
12.273578 3.651004
12.266104 3.653407
12.216976 3.792167
12.171355 3.906060
12.286434 3.659437
12.369163 3.525959
12.217562 3.837086
12.267586 3.617815
12.158787 3.851691
12.256668 3.619373
12.150430 3.851870
12.255137 3.619089
12.149264 3.851484
12.254935 3.618941
12.149112 3.851342
12.254910 3.618896
12.149094 3.851304
14.310997 -0.378045
14.857018 -1.126123
14.172258 -0.096989
12.293095 3.506109
12.278566 3.550778
12.292843 3.506163
12.278154 3.550960
12.292109 3.506541
12.276958 3.551866
12.290006 3.508238
12.273539 3.555499
12.284059 3.514738
12.263887 3.568644
12.267465 3.537772
12.237074 3.613109
12.221809 3.616076
12.163282 3.764870
12.097357 3.891188
12.192945 3.659697
11.979554 3.696885
12.042027 3.460346
11.311460 3.431373
11.318824 3.652463
10.482528 3.491915
10.568089 3.608982
10.363681 3.429654
10.465824 3.550267
10.583191 3.708770
10.446525 3.528296
10.579355 3.702616
10.442482 3.522216
10.578517 3.701073
10.441599 3.520675
10.578328 3.700700
10.441403 3.520301
10.578285 3.700610
10.441358 3.520212
10.578278 3.700590
10.441350 3.520191
10.578274 3.700584
10.441345 3.520186
8.309310 1.003899
3.452888 1.830899
2.232164 2.876338
1.221893 4.901669
