12.323256 -0.444563
8.034801 0.347255
6.185074 1.453012
6.556113 5.388055
9.592120 4.069283
9.701225 3.977615
8.106938 1.353535
6.103739 1.436804
6.428602 1.978569
6.333429 1.572251
6.013227 2.054453
7.760470 1.916265
7.147713 0.235325
7.183562 -0.268533
7.020689 1.840729
5.753928 1.126189
3.986144 1.507659
7.467892 1.497864
5.341002 1.483761
7.151103 2.074774
5.841651 1.815591
3.883167 1.780199
3.038721 1.529130
4.389140 1.324892
2.253105 3.193249
0.855036 -1.791484
1.441023 -3.073902
1.542673 -0.385103
1.114044 0.053884
1.192057 1.820930
3.297734 1.258291
3.947186 1.128474
0.539824 0.298980
1.441206 -1.088841
0.908448 -1.346383
0.893101 -2.069448
1.165839 -0.949839
5.333747 -4.150523
5.179157 -4.561760
4.167472 -4.375385
3.632152 -6.557539
3.566489 -9.370143
2.597150 -10.462317
