5.448714 17.988806
4.900294 8.160525
5.430537 8.875702
5.533279 8.503411
4.894311 9.326118
4.861703 8.464011
5.000682 12.902794
6.323666 6.831812
5.649841 7.916955
6.525311 8.380450
6.163130 9.553658
4.513338 11.723996
11.592181 13.772260
13.006318 15.832581
11.887488 9.317468
11.910888 7.414904
12.341064 8.153521
12.249771 6.026634
13.406632 6.997837
11.707937 5.666001
9.205057 4.273598
8.584783 2.926386
8.158314 5.648619
8.238127 3.369632
9.942730 5.372352
7.096264 5.509267
4.021668 3.726797
0.753126 5.940063
0.670882 4.621097
0.840649 5.117927
0.644201 5.632660
-1.535081 -2.040597
-2.634265 -5.552902
-3.682446 -14.740939
