13.305586 8.787737
13.941742 0.221780
13.319301 -4.517341
12.105206 -7.521933
5.260924 -8.355638
7.213731 -7.919483
8.796803 -2.069065
10.734565 -2.591929
8.594173 -0.919056
5.428537 -3.985804
5.508646 -4.848284
3.194981 -5.626810
4.329496 -9.672525
3.346171 -7.558645
4.088134 -7.258087
4.089308 -11.386197
13.938497 -14.547109
18.072779 -15.581626
10.209804 -13.276771
5.969445 -10.952959
6.809307 -10.195167
8.764533 -8.168401
7.619000 -10.340606
6.800314 -9.890531
9.339754 -9.903191
3.018816 -7.331327
3.867997 -4.554977
5.868938 -6.595274
5.326291 -6.805183
2.726983 -5.183680
5.160512 -4.347435
4.576001 -4.980242
5.601114 -7.392813
5.297075 -7.221059
3.422725 -7.676590
5.185163 -6.779449
3.572043 -6.311915
4.184028 -8.073476
7.332160 -8.214163
5.455490 -5.155897
4.962082 -4.398947
5.989963 -5.983558
6.650450 -9.710858
7.747019 -9.399885
8.982658 -11.601665
7.126667 -2.739001
7.530247 -2.581983
7.630827 -0.319819
7.086315 -2.749125
9.231933 -1.780604
8.208600 0.023099
7.545726 -1.536281
7.588937 -1.397744
8.727609 -1.482104
8.371297 -1.264555
11.216232 0.214390
12.635352 -6.016062
7.277504 -11.637008
7.541818 -11.780596
8.170993 -9.880233
7.699704 -10.772534
6.845813 -10.997169
9.002433 -10.482871
8.773006 -10.523943
5.841565 -9.967628
8.139140 -10.501012
6.688354 -9.546042
7.247037 -8.483336
6.243973 -9.173898
3.722095 -10.767507
7.162029 -14.245534
9.985366 -14.436636
8.531736 -11.574195
6.460765 -8.162693
6.847767 -7.940483
7.616843 -7.974784
7.081087 -10.163187
8.481441 -9.137593
7.043184 -8.065168
5.295770 -9.278864
8.702527 -8.207364
8.951750 -8.719538
8.502887 -9.752960
5.300477 -10.366151
10.535989 -17.215912
10.166957 -13.225268
8.372183 -13.831936
6.144095 -10.501731
8.614620 -9.128194
8.196654 -9.958781
8.239920 -13.421683
9.189308 -10.410137
5.075007 -9.096761
7.914150 -10.342612
9.115211 -8.306767
11.187647 -7.091792
11.305781 -6.640906
8.213444 -12.219992
8.535728 -12.306376
7.585969 -12.692653
10.059277 -13.675144
15.552603 -6.379210
6.747483 -9.118276
8.807202 -8.977572
8.270288 -10.280736
9.286079 -8.423339
4.136349 -8.699643
4.918300 -9.864194
7.815895 -10.809589
5.840342 -11.331803
11.749272 -6.835659
11.241072 -5.258499
14.870720 -4.469876
10.136546 -1.078065
8.249130 0.964753
9.190054 -0.140743
7.109169 0.224576
7.008816 1.913893
4.259620 2.554305
5.797859 2.534004
3.394722 2.504199
4.467806 2.003810
5.114103 1.846468
1.849456 1.668856
3.071870 2.002635
5.005606 1.470228
1.718648 -3.408166
-0.621235 -2.692935
-0.940665 -3.245984
4.127514 -5.478360
3.935893 -5.057221
4.923503 -6.131566
4.621021 -8.683718
3.743439 -6.687261
4.409323 -3.966230
3.410344 -4.122787
6.506677 -9.332088
8.375497 -8.656130
5.790272 -8.732774
4.186370 -5.787414
4.805607 -7.808132
9.181604 -8.462773
9.103118 -10.499367
12.666719 -6.871149
14.425833 -15.675981
14.468206 -12.314375
14.518507 -12.422471
15.837605 -10.126943
4.045807 -8.430119
5.743106 -7.741465
8.571739 -9.108561
9.191378 -11.346398
7.473496 -11.205572
7.092578 -11.330441
5.714516 -15.728495
5.075794 -10.266478
7.535870 -11.962674
15.478258 -11.115300
11.202002 -7.802188
13.321594 -7.147452
15.832628 -7.142554
15.752390 -8.689446
19.109865 -11.722175
13.932106 -7.200616
11.628726 -3.760656
10.601444 -1.065937
8.785928 -0.390928
5.082284 2.792076
4.289515 1.118053
5.583925 1.382460
4.418425 2.108705
5.396941 1.884944
6.037261 2.072090
3.452868 1.366919
4.488047 1.322739
5.893356 1.542728
3.654785 1.131968
1.877220 1.643677
0.168551 1.168517
1.804249 0.759739
0.008875 1.316138
1.972448 1.462293
-1.033949 2.362536
0.683322 0.896210
0.686431 -2.927000
0.490371 -3.974983
3.619925 -5.835250
3.348275 -6.133723
3.731484 -4.342528
5.422599 -5.706802
5.294004 -5.294784
5.287639 -4.076707
2.983718 -7.298416
5.605105 -6.155839
4.241534 -4.420034
3.601329 -9.699881
7.089490 -8.308214
7.400011 -9.246122
10.119127 -15.321288
9.915545 -15.456493
8.150166 -14.905756
5.255645 -13.278914
4.801145 -8.792001
8.368408 -11.015401
7.632182 -10.312337
5.725102 -8.609979
5.980160 -10.632997
7.828706 -8.145336
8.127790 -10.232205
6.779661 -11.769064
5.965149 -8.105297
6.194603 -7.881189
9.336635 -10.953277
8.339053 -9.197132
16.979063 -10.536723
17.860439 -15.524823
8.807064 -12.929907
11.802645 -13.110956
14.924030 -17.236612
11.878415 -15.030513
5.027021 -11.807078
7.739622 -11.397405
7.983276 -7.871765
6.742577 -9.150723
1.616037 -9.223915
5.734026 -5.118500
5.821692 -6.827714
5.353833 -7.592170
1.652934 -4.808484
2.687103 -7.501671
3.187860 -4.962411
8.580280 -8.213431
7.568003 -10.439231
6.004707 -8.123427
5.476466 -4.056975
4.234105 2.186410
4.038161 1.315150
1.684119 -1.187703
7.677165 -1.470699
8.099135 -0.902973
11.678938 -5.622548
16.668346 -8.515199
17.598869 -12.340139
18.734301 -12.116386
16.815125 -17.665134
14.118573 -12.857978
13.111299 -13.231152
10.831849 -13.275543
10.755520 -13.531825
8.929542 -9.316947
4.807198 -8.132007
9.275566 -10.956655
11.463393 -3.654510
8.190176 -2.592967
7.739436 -2.303002
7.631366 -1.675950
2.264001 -3.992663
0.576343 -4.520656
2.019961 -5.288273
2.832466 -4.274700
2.758821 -6.724278
6.437003 -11.047003
11.177226 -14.301628
16.053501 -12.584994
15.063786 -13.074263
14.727791 -19.489172
18.331064 -18.608622
12.412267 -7.271423
12.212868 -6.146962
11.297110 -1.986086
13.971525 0.545678
11.597614 3.750722
9.617765 3.720963
7.700554 2.275436
5.862723 1.106808
5.981208 1.181014
5.600096 2.871848
8.795471 1.342776
6.876169 -0.516682
6.846448 -2.555266
3.148458 -4.598572
3.166567 -4.131714
0.599337 -3.858723
3.391978 -4.728902
5.332076 -5.154508
3.974326 -3.949542
1.439265 -1.262180
1.338512 -2.297888
1.118567 -1.164516
1.484667 -0.714251
1.769054 0.451749
2.949813 2.175083
4.438633 2.564827
5.640772 1.095150
4.194287 2.578217
3.885602 1.764209
2.655291 1.567327
4.999825 1.392196
6.175638 1.123285
4.232394 2.083034
5.658148 1.907593
7.273479 3.946849
5.422788 2.331126
3.092596 2.100422
3.834185 1.678504
1.338692 -1.179837
-0.778008 -2.776042
0.987706 -2.793541
1.083561 -2.170948
1.291441 -4.046148
2.325819 -3.987162
1.035008 -7.670926
-0.510435 -5.933456
0.340536 -5.884916
2.184388 -5.737843
1.993077 -6.117530
3.500587 -4.338280
3.412112 -6.279690
3.703022 -7.806045
5.030196 -9.273358
7.915871 -10.405463
7.733723 -7.937710
3.460160 -8.721019
5.021715 -5.693169
5.962603 -7.148149
3.714257 -10.765808
6.955920 -10.437584
7.291989 -11.011390
7.832778 -9.359391
3.220397 -11.042844
2.084664 -12.261844
2.664211 -10.971818
4.680835 -8.075744
5.706605 -6.771194
3.701516 -8.884255
6.934437 -9.208684
7.527079 -10.449751
6.573219 -10.784100
5.704537 -8.473565
8.622751 -9.544099
16.760286 -12.357650
16.732754 -12.692344
12.753771 -3.316563
7.971126 -1.794724
7.374537 -2.074008
6.853843 -0.980952
7.627476 -0.771623
6.915339 -1.565700
7.581581 0.703816
12.216787 -3.301772
12.632284 -6.794650
11.920015 -4.101838
6.892385 -8.644980
6.428069 -8.943198
8.147258 -8.365456
8.805856 -9.208280
7.053701 -9.020695
4.287210 -12.037577
8.059751 -9.608398
7.163192 -8.018226
8.008384 -8.342350
9.360637 -8.111726
9.248987 -9.315984
7.079293 -8.236563
5.266741 -8.129996
2.856416 -5.080299
9.677058 -1.754060
10.669972 -2.675482
9.326403 -2.311949
12.212985 -1.480995
11.437243 -5.605876
11.819125 -2.480642
9.379124 -1.293520
11.821436 0.897773
7.469972 -0.976567
7.422148 0.170198
6.969346 2.678724
5.044605 1.185612
4.248669 1.084202
6.765738 1.569456
7.699853 0.864950
6.689247 2.122524
7.669052 -0.158474
6.893029 -0.787122
9.429530 -0.944146
9.875463 -1.798569
1.324530 -1.063733
1.258479 -1.036152
3.559293 1.145038
-0.224265 -0.446774
0.973040 -4.206476
5.543086 -7.918755
4.876606 -6.142478
4.801175 -10.240769
8.857387 -12.236016
11.922993 -5.269542
12.302629 -6.366512
11.315746 -5.544207
14.509592 -6.714962
7.900565 -10.328499
8.865684 -10.120925
7.183396 -8.390024
9.127636 -11.935636
8.740698 -8.427579
3.011776 -9.029923
6.166486 -14.618809
11.767684 -14.079599
14.352922 -14.595169
9.428667 -13.036701
16.271839 -13.358834
15.269364 -10.510245
14.431890 -10.597750
16.285563 -11.497307
15.315372 -14.307559
12.847723 -13.299949
10.141939 -15.221467
8.432222 -9.888324
9.207260 -8.145823
7.491316 -9.973792
5.300258 -8.831581
6.232579 -11.150668
6.047904 -7.294762
5.660451 -8.627296
4.169267 -8.793936
6.123275 -5.486670
4.588450 -6.118789
3.366993 -8.352570
6.719754 -7.924361
8.032683 -7.821787
8.395132 -8.127295
8.511219 -8.599354
5.786762 -9.163057
6.070458 -8.603148
5.621732 -6.615726
5.537380 -8.291885
8.129786 -9.673967
7.790452 -9.121247
8.583524 -8.047956
7.440876 -11.468085
8.475578 -12.834743
5.287543 -7.802610
6.101297 -5.442778
7.476913 -9.374124
7.774755 -9.858338
8.046184 -10.454832
7.327744 -13.326788
10.332045 -15.086507
5.312585 -9.087690
4.633116 -5.395570
4.638409 -4.947996
5.980834 -8.916986
16.135662 -6.564998
14.912881 -8.440660
12.968507 -7.797930
13.051458 -7.256500
7.735247 -1.910118
5.744213 -4.093414
4.311674 -7.759427
5.274116 -4.870976
11.397489 -7.403715
8.854275 -8.382612
8.294589 -2.140296
3.513662 -6.382971
8.334990 -9.189841
5.752174 -5.155374
2.687062 -9.584369
3.941727 -9.405846
5.720877 -9.238340
8.592251 -8.871007
8.311708 -9.402600
9.360621 -10.180959
9.057877 -8.810555
8.152866 -9.363236
11.906425 -7.424612
11.507344 -5.868737
11.625566 -5.625342
11.335859 -7.377759
12.999681 -7.565928
11.386759 -6.415811
19.353256 -10.131241
16.537899 -9.227370
14.754912 -13.451062
9.374763 -9.993501
9.203574 -8.420013
8.657829 -9.652926
8.240132 -8.375537
6.692922 -7.950908
6.933798 -10.241859
5.610297 -10.212598
6.582702 -8.470004
6.915787 -8.998205
7.066109 -9.152467
9.297770 -11.426643
9.195847 -14.515979
13.828996 -15.556625
14.983957 -10.508423
18.687141 -7.704252
15.121797 -5.060015
17.891655 -12.483025
13.833926 -12.931751
9.337210 -12.967631
7.005937 -10.425007
8.431859 -10.043734
9.166508 -11.704497
8.803123 -8.030496
7.743996 -11.002410
8.775445 -8.269829
8.188306 -11.111936
9.214943 -9.660911
8.525639 -8.629712
8.239697 -11.830052
7.032571 -9.148280
8.468446 -14.878279
9.232700 -13.195466
8.285663 -11.464835
4.324440 -10.592711
7.329343 -9.931872
5.562917 -7.656538
3.282556 -6.750705
3.235873 -7.354135
3.782022 -8.645728
5.471021 -7.366700
6.466852 -8.040571
8.270342 -11.321841
6.375641 -12.991508
12.156805 -13.381746
16.700993 -12.887341
16.234081 -9.537540
13.177231 -6.184633
14.612234 -4.091721
12.754393 -5.717536
11.836264 -6.470805
8.517803 -8.612015
7.481438 -9.036877
9.166905 -8.711187
8.978861 -9.874146
7.269869 -10.855086
6.679793 -8.287699
7.964803 -8.969299
9.056053 -9.465857
8.593038 -9.752673
9.081509 -8.940715
8.140459 -11.307232
9.147530 -12.467118
7.322758 -11.082732
15.153852 -11.764056
9.164878 -10.506345
7.819301 -11.513039
10.756184 -16.873499
10.820208 -13.812202
11.277077 -4.453127
12.180523 -3.287940
9.638479 -1.727001
9.878747 -2.472183
8.948617 0.859364
3.887337 1.437559
7.009467 1.838120
8.661765 0.219389
9.778242 -2.278617
9.996145 1.763147
12.952101 -6.897674
13.396669 -2.742542
11.501058 -3.695025
12.685721 -4.631615
11.757546 -5.649054
13.244766 -1.123473
8.609029 -2.135133
4.279636 -4.360096
2.826111 -6.973963
1.577792 -8.318089
0.838397 -3.433276
-0.246682 -1.701197
1.686611 -3.598941
5.761469 -4.228566
5.889531 -7.213906
6.283638 -9.017140
5.398036 -6.781682
5.401750 -6.995154
3.733388 -8.389127
8.196663 -9.624017
7.887691 -9.683771
6.600419 -8.082248
6.615008 -9.088243
8.234419 -11.172869
7.990279 -10.644799
5.666641 -10.796812
7.176853 -9.283219
8.975832 -10.783015
7.976585 -9.705707
9.037374 -2.337888
7.971172 -1.481157
8.990955 -1.106063
10.444954 -0.173621
8.543383 -1.432867
9.146162 -1.986369
11.458473 -2.854445
13.201691 -6.152786
11.149220 -4.169571
12.021255 -6.273079
13.073521 -2.141971
10.417727 -2.051682
12.153891 -3.546279
10.555025 -0.394814
9.250091 -1.544404
8.901827 -2.791439
9.421386 -2.229729
11.917285 -1.519382
11.995003 -7.689162
10.756547 -14.525273
9.921941 -13.676350
11.613289 -5.681202
11.810619 -7.560777
5.761043 -4.290982
7.461903 -8.826376
8.641977 -7.913227
9.287629 -8.523065
5.091349 -7.631092
7.660907 -11.001103
0.359213 -16.248213
12.532868 -13.616076
12.765531 -17.345360
9.185155 -12.629639
8.151547 -15.467505
9.221104 -12.674693
7.299584 -8.799346
8.249542 -10.231929
8.425204 -8.975357
8.715762 -13.395757
16.105480 -16.784109
14.787388 -12.942416
18.005747 -14.383471
11.952780 -18.190680
9.426767 -15.908294
7.008611 -10.740097
5.074520 -8.197977
7.210880 -10.696861
6.663427 -8.960653
7.609538 -10.462614
7.585555 -8.151050
5.888824 -8.678442
6.924801 -9.640611
8.114082 -9.236875
7.637290 -9.465547
6.477248 -8.869153
12.947302 -7.357138
11.768579 -5.929045
5.426573 -15.673005
8.061795 -13.050555
8.553678 -11.366948
8.055189 -12.697292
5.988667 -9.291628
6.223988 -8.004113
5.256039 -7.939862
5.199434 -9.208449
4.356320 -6.548360
6.187283 -8.377273
5.202442 -7.259810
5.548003 -4.161663
4.713542 1.766326
4.988009 2.089770
5.090151 1.203954
2.548823 1.278268
4.612858 1.409583
3.723379 2.058566
1.676995 -0.107802
5.981816 2.474432
3.723268 1.495462
2.804271 1.395221
3.474884 1.250672
1.073845 -0.532042
0.822100 0.598921
2.186169 1.300066
3.066905 1.062725
1.595504 -1.974430
1.275383 -0.768064
1.638214 -1.726759
1.310925 -1.488658
1.213015 0.185802
1.673630 -0.841280
1.678719 0.619047
1.792318 0.298464
0.801417 2.345649
2.559228 2.447405
2.292827 2.414788
2.580546 1.985606
1.131044 2.421875
1.002413 0.686805
1.718171 0.756506
4.011644 3.560520
7.824655 1.035802
7.276045 -1.088727
10.408458 -2.377059
11.434835 -0.764414
15.559731 -10.394740
16.183851 -11.273038
14.212653 -13.071010
16.618874 -13.162400
11.134970 -14.291230
6.052188 -10.451159
5.197775 -9.806026
5.418354 -5.999243
5.318803 -7.118850
5.691745 -9.875506
7.091074 -8.110606
8.187273 -9.499359
8.161994 -8.591979
8.619566 -8.531505
6.718315 -10.455609
8.975887 -10.236925
6.097506 -12.039142
5.275446 -12.874693
9.236355 -8.829144
8.972059 -13.491569
12.140879 -14.352530
10.188833 -13.519447
12.374252 -12.946810
16.021814 -12.758091
15.749589 -11.141088
14.229545 -15.540843
8.127199 -14.810891
8.669769 -12.614412
9.334470 -11.858901
8.843372 -10.593314
8.151086 -9.594295
8.982629 -11.988950
7.954023 -10.647279
14.767923 -8.856577
13.542701 -3.797034
11.287909 -6.438509
10.264551 -14.840106
12.748875 -13.629491
11.395288 -13.143973
13.859402 -14.066850
10.518795 -14.491283
7.490404 -11.988315
6.826409 -8.034502
4.848048 -8.693647
5.834519 -6.083700
5.829742 -6.630141
5.723421 -4.983566
5.000856 -4.077751
5.811773 -3.975960
5.780055 -4.986508
4.072545 -4.218548
4.094530 -4.637206
4.979234 1.248074
3.828915 1.999405
1.781063 2.163224
1.619260 -1.251395
0.954499 -4.780694
1.155074 -2.951278
0.801712 -0.485245
1.002604 -0.325943
1.622652 0.016915
1.439708 -2.017359
0.056371 -1.411078
2.980965 -5.261657
2.889861 -6.088173
2.895873 -5.963829
1.710339 -2.241430
7.085746 -2.649766
7.107656 -1.491127
9.200200 1.470191
7.857449 -2.094388
7.727987 -2.130832
7.890288 -2.593361
9.364932 -2.469623
8.175885 3.548272
5.825540 4.435208
4.546179 2.223511
1.734244 2.365139
1.012077 0.184347
0.201369 0.262100
-1.208686 1.504848
1.323325 0.916510
1.803941 2.864983
4.931323 1.122848
2.571348 1.137020
4.096740 1.403450
2.921288 1.734800
1.277789 0.931351
0.704841 -1.506397
0.729454 -0.296966
1.619612 1.295127
5.214702 2.891300
3.310585 1.248942
4.331054 1.912550
3.367193 1.245334
6.118176 1.164554
5.626391 1.378804
3.831079 1.618825
4.852519 5.510593
5.923120 2.605137
1.436900 1.784185
3.230119 1.723120
6.993720 2.635807
7.905568 0.395833
8.353411 -0.638628
7.598995 -1.701345
6.766119 1.639187
5.406396 1.333771
3.390277 1.208397
5.434904 2.515371
7.774648 2.211668
5.080909 1.386588
3.357965 1.324121
0.167204 1.495632
0.157784 -0.470523
-0.167327 -0.407939
1.235569 0.911845
1.226351 0.391946
1.517794 -0.629493
1.540620 -0.034969
0.822864 -1.664807
1.161280 -5.521155
5.623272 -4.018543
6.038242 -6.246573
5.703272 -4.013618
5.252153 -4.474080
5.061247 -4.486265
6.737294 -10.055962
8.665211 -12.562932
7.707685 -9.546534
5.598901 -8.490723
8.834967 -11.439452
8.293141 -11.943025
8.692675 -10.579026
8.863916 -10.267634
8.396433 -11.923470
8.941050 -13.426389
16.224323 -13.315225
14.950457 -15.416409
16.048351 -14.984093
14.504054 -7.199367
12.616465 -7.456013
11.351695 -7.684488
12.081948 -6.164923
11.278054 -4.929322
15.649150 -9.956685
14.921558 -10.964952
18.900196 -13.940185
14.429976 -12.168872
8.419731 -9.221572
7.015694 -1.187929
8.543576 0.012154
8.040781 -8.447907
12.938564 -5.060497
14.757617 -5.658577
11.741859 -6.114727
15.045284 -8.826892
11.005486 -2.108782
11.624483 -3.494253
8.875362 -9.101972
7.675395 -9.535634
7.711100 -9.359950
8.464158 -12.111827
6.159478 -8.874258
5.475873 -7.718146
7.127320 -8.783168
6.506509 -8.200671
8.412413 -9.922185
7.978176 -9.870435
8.630728 -10.018720
6.988796 -8.912745
6.672202 -8.480342
4.784296 -6.873390
4.864450 -7.235804
5.286396 -4.275827
4.224444 -7.203855
8.228360 -8.697305
8.127763 -8.834425
8.605301 -8.934080
5.454916 -10.787079
12.272156 -14.377894
12.988708 -15.531999
18.075218 -12.315258
14.121618 -13.901853
12.199898 -7.686681
13.544456 -6.092662
9.852364 -0.300966
9.614035 -1.538426
9.314833 -2.608706
9.067080 -1.690101
9.534936 -0.482448
7.122097 -1.230790
7.293865 0.143267
3.395701 -4.824207
1.659314 -2.013222
0.484680 -3.294371
-0.276307 -0.711150
8.163215 -2.713870
7.623362 -2.307358
6.090669 -4.300856
4.688318 -6.245613
3.368906 -5.315556
3.984499 -5.020373
4.234470 -4.950489
5.741856 -8.518288
5.807898 -4.327351
4.297434 -4.959605
4.919319 -5.473851
4.363522 -5.984925
6.071319 -10.177789
6.619801 -8.140279
6.873367 -9.722816
8.471252 -8.459765
6.436941 -9.843550
8.249249 -11.764887
4.909245 -9.109292
5.579880 -11.108388
5.310868 -11.922555
12.035709 -13.828915
10.277299 -12.976542
7.286097 -13.260399
9.078799 -12.144731
6.105533 -9.540835
4.364334 -7.810323
5.594517 -11.633234
7.103492 -11.166198
7.071538 -10.633257
7.556468 -11.999071
11.435513 -13.357707
6.129972 -13.109501
7.421547 -9.275123
9.350410 -12.507617
5.769616 -11.692121
8.543495 -11.594949
4.558059 -9.750390
5.236456 -10.527116
8.269898 -11.203948
6.619061 -10.263524
1.814160 -9.177640
2.412617 -6.277712
3.461366 -6.624110
3.863182 -6.059907
4.756175 -7.237158
4.672723 -9.193471
6.249207 -9.199593
8.892197 -8.973287
7.026795 -10.091948
8.946749 -8.066037
11.533221 -5.934938
14.093884 -6.290835
11.506562 -5.310060
7.621503 -8.835203
5.240328 -8.980987
5.402424 -7.184457
4.871395 -6.304286
5.483503 -7.768561
9.286730 -9.368979
6.192905 -11.816186
4.988218 -8.168611
5.534926 -9.562859
8.016941 -10.323646
7.235337 -11.275453
8.967353 -9.213862
8.338473 -9.088268
8.424501 -8.364810
8.337198 -8.554502
14.580465 -10.895370
17.461237 -17.006109
11.499523 -13.696283
3.505706 -13.176753
5.007792 -5.792780
7.204532 -11.144404
9.562555 -14.428311
8.626503 -9.317324
6.878475 -9.707080
4.222775 -9.862540
4.474612 -8.242778
6.708331 -8.415986
6.900720 -7.847614
4.986238 -8.818353
9.205693 -9.275235
8.476930 -8.353821
6.761948 -10.083863
5.733086 -11.766414
10.000508 -13.416841
10.547199 -13.095382
5.499969 -14.667018
8.482543 -10.580804
8.408371 -12.263688
7.000228 -9.520350
7.779340 -8.443198
5.815751 -11.052418
5.745614 -10.243840
5.453008 -11.316504
7.396963 -9.952653
9.323162 -10.294366
7.133796 -7.961656
8.870313 -12.231452
8.485050 -16.014898
17.226183 -14.194077
6.903641 -8.639969
5.405250 -7.956750
6.353967 -9.214192
9.300638 -8.322910
13.498228 -6.153936
14.661605 -6.996753
15.246258 -7.490301
11.170598 -7.094654
7.375714 -8.116263
4.882000 -4.336281
5.166267 -4.396560
3.189228 -5.876835
4.088856 -4.083730
1.457570 -3.023547
0.421067 -3.935596
0.579532 -6.816163
3.985691 -5.186316
5.348766 -4.804954
7.249966 -9.185693
3.879069 -8.641131
5.540547 -6.880899
6.714687 -8.231442
7.327500 -9.370877
5.391419 -8.452807
7.279382 -9.868386
9.379192 -11.556842
8.553391 -10.838806
7.978287 -12.541963
8.323091 -11.189464
8.020350 -8.465922
6.073579 -9.355639
8.663727 -10.402969
6.727576 -9.768171
9.154681 -12.163484
4.816396 -16.369926
13.204876 -18.230621
13.682603 -13.332565
