-4.536074 -12.508802
-1.990221 -8.495175
-0.154515 -7.315266
1.719250 0.153945
1.076981 0.215336
1.943116 1.428304
2.297350 1.264194
4.771811 1.620255
3.739588 2.314412
8.155185 1.320369
6.879751 1.014256
6.380920 1.504166
6.981338 2.276483
4.683276 1.810577
4.151673 2.372553
3.714674 1.335179
3.025804 1.421411
4.110839 1.411910
4.510246 2.533110
3.215498 1.653462
1.455013 1.004338
1.388255 0.189580
1.528391 -2.486300
1.108866 -3.198292
1.491800 -4.860341
1.780854 -2.540853
1.500471 -2.068503
0.974288 -1.267592
1.217405 0.244438
1.562595 1.353358
2.914703 1.249939
3.105109 2.393491
-0.384854 2.003593
1.611298 -0.922202
1.452196 -3.179612
1.647241 -2.691589
1.135167 -3.743791
2.897475 -5.076364
2.757839 -4.276177
3.209063 -4.468760
4.437403 -5.311837
2.169577 -5.625944
3.494488 -4.971172
4.421129 -5.030771
4.937822 -5.214244
3.066510 -4.696193
2.856113 -3.973305
7.134602 -0.425800
6.719790 2.374387
5.574965 1.480530
0.530331 1.243368
1.911015 3.201489
6.429283 1.904958
7.710935 1.061823
4.908160 2.565382
3.371768 1.408823
3.871827 2.251888
3.214894 1.625713
3.005749 1.662305
3.189659 2.294236
4.110812 1.651945
4.687012 1.381720
4.001191 2.610274
3.593884 1.423612
7.229583 1.485774
7.472277 1.179719
8.142747 0.664636
6.851452 1.344888
4.644086 1.882180
5.584125 1.473842
5.003689 1.141703
5.922249 1.715449
2.728979 1.402938
3.116358 1.343715
4.125166 1.903784
4.557412 2.311066
8.177742 0.368335
11.194363 0.738693
8.526354 -1.436731
7.781639 -0.558441
8.674208 2.265340
9.055882 2.815036
3.978735 1.525620
4.090823 1.160068
5.488344 1.131637
4.243215 1.522488
5.718222 1.121790
6.789165 1.826149
4.679161 1.260892
4.990148 1.200572
6.109801 1.072002
7.487773 1.769267
6.816332 -0.226128
7.498700 -0.890635
7.120736 -2.344662
7.622520 0.628593
7.204492 -2.456141
7.083332 -0.740199
7.030202 0.614283
7.253412 0.825404
6.299828 1.897409
3.795167 2.064687
5.974986 1.479275
3.516273 1.253831
2.288021 1.222803
2.128986 1.525264
0.447821 0.387493
1.383957 -0.587862
1.670536 -2.882443
0.023465 -1.747451
1.698533 0.469882
1.798990 1.116036
3.615731 2.064271
3.245245 1.576113
0.631014 1.159448
1.461581 0.759556
1.332954 -0.882021
1.143446 -1.105678
1.152745 0.101620
1.270298 -1.554695
1.748906 -3.480652
1.101894 -2.927863
0.864662 -3.684099
-0.405951 -3.545120
-0.602701 -4.351355
-0.798394 -6.795587
-0.238949 -7.260190
-0.105429 -4.754842
1.133272 -4.204474
0.426078 -3.674930
4.703878 1.586401
2.692433 1.078506
1.387106 0.123081
1.653347 -2.294369
0.595990 -3.779432
-0.227750 -3.275816
1.648696 -3.421268
3.383027 2.205817
2.820595 1.231184
0.935823 -0.922210
1.194069 -0.612388
4.530330 -4.701618
3.733273 -4.376832
3.657291 -4.316697
2.603434 -4.049125
3.386042 -4.125883
4.964593 -4.277609
5.330270 -4.032674
4.336314 -4.589666
1.910521 -4.079275
1.379516 -3.625345
1.489488 -2.996197
0.852991 -1.435761
1.447688 -0.652887
1.556823 -0.592878
0.983507 -1.078675
1.559834 -1.707964
1.239648 0.478039
1.148641 1.034941
3.193359 1.856009
3.612364 2.647658
4.059969 1.382524
4.134147 1.591136
4.369609 1.656346
6.552774 1.477159
6.881274 1.569059
5.344948 1.417557
3.750928 1.115451
5.493765 1.167630
4.017579 1.410098
3.301145 1.290012
2.844592 2.504457
1.560223 2.307197
1.774645 0.263450
0.973596 0.814432
2.651711 2.484393
0.046262 2.975137
1.793602 2.573759
3.381205 1.367761
2.948512 1.503463
1.178863 2.105901
1.438094 0.841718
1.290275 1.020314
1.447608 0.739543
2.456711 1.790933
3.781660 1.077206
4.236773 2.139162
4.311299 1.300469
6.115119 1.382800
5.779822 1.769594
7.869895 1.855751
9.057939 1.536066
7.642854 0.750203
7.204863 -1.457168
7.638126 -0.489953
6.876484 -2.365420
9.729918 -2.469030
12.326468 -2.356707
18.541471 0.626267
