19.527130 7.619684
10.539288 2.950960
7.523705 3.209682
5.859331 2.026164
-3.807279 -1.735408
-4.108807 -0.356127
-3.007707 -1.852824
-5.188789 -5.336447
-5.027083 -4.946100
-7.200651 -5.969455
-6.113130 -4.733391
-7.680420 -5.395226
-6.898441 -3.944417
-7.636865 -4.930886
-7.702300 -5.370551
-7.182250 -7.420431
-7.455303 -5.505425
-6.641312 -8.032316
-10.904555 -8.358848
-8.511848 -8.728337
-7.350061 -7.528728
-7.470107 -10.204694
-8.748631 -8.615510
-12.129902 -12.034623
-12.451437 -9.885705
-15.721199 -7.396385
-15.942013 -7.441711
-6.459493 -10.529395
-8.259011 -8.305744
-4.752849 -7.024578
-7.810132 -7.092865
-5.592417 -5.523967
-7.581184 -6.689767
-6.021467 -4.755099
-6.933626 -4.319049
-6.922495 -6.516652
-7.623977 -5.816441
-5.927412 -4.793564
-6.345246 -5.632360
-6.665243 -5.517299
-6.786221 -7.246712
-6.915595 -6.185248
-4.772789 -4.217510
-4.136781 -4.285092
-6.033031 -5.037092
-10.225931 0.906049
-9.709834 -2.369063
-10.899828 -1.253751
-9.719169 -2.733107
-9.939319 -1.460478
-10.014355 -0.416611
-10.742169 -1.232713
-11.393537 -1.785199
-9.833857 -1.606374
-9.673856 -1.492595
-11.220442 3.165760
-8.695784 3.734137
-8.537506 7.782364
-6.377550 6.737837
-5.114573 8.306317
-7.117846 6.909895
-10.452789 5.711049
-8.495529 4.173817
-8.303965 2.321513
-2.041487 0.396323
-2.106648 1.421041
-4.198802 -3.247187
-4.156791 -5.303266
-3.384089 -3.590936
-5.937029 -4.501193
-3.187400 -4.021998
-3.891128 -1.819770
-3.635660 -1.193702
-4.103914 -3.323030
-6.102325 -5.769966
-7.450062 -5.781322
-7.672662 -6.110587
-6.453293 -5.107711
-6.115340 -4.965552
-5.727468 -7.090869
-5.866649 -8.779543
-6.153482 -8.640864
-11.956902 -9.621930
-11.614660 -9.599183
-10.761157 -8.466627
-8.060836 -8.560143
-7.654287 -7.470302
-7.178762 -6.311796
-6.830060 -6.581474
-7.795526 -5.639657
-4.683080 -4.269215
-6.984140 -4.314604
-5.402785 -4.341546
-4.947852 -4.521315
-6.588763 -6.649800
-5.345499 -7.843804
-9.926661 -9.943616
-12.837949 -9.775989
-8.721146 -8.681254
-10.216240 -10.339633
-10.877560 -9.471978
-14.191968 -9.641574
-11.172401 -8.930552
-12.997549 -8.963204
-12.945195 -7.784541
-7.511152 -8.700006
-12.170769 -8.861572
-7.506103 -7.400055
-7.591685 -7.419982
-7.295133 -6.437701
-4.581452 -6.393717
-6.579828 -6.793266
-7.026717 -3.951251
-6.602455 -7.466647
-6.899264 -5.846463
-7.719105 -8.367438
-6.544341 -6.771202
-6.313960 -5.991010
-7.390534 -6.083148
-7.638333 -8.462542
-11.429992 -8.637998
-12.408199 -9.553301
-13.545838 -6.967087
-13.599056 -6.056080
-15.486377 -6.391766
-8.245785 -11.165944
-9.816948 -9.228895
-11.320864 -1.076081
-10.388549 -2.810190
-8.855169 -10.877542
-10.607036 -10.545710
-7.564392 -6.531593
-6.506773 -5.109210
-7.130092 -5.846126
-7.266126 -6.006072
-9.321601 -8.145747
-6.426227 -7.930962
-7.277518 -6.670624
-10.324192 -10.566629
-9.064493 -8.072906
-9.561110 -11.176540
-12.907499 -10.250661
-11.347471 -9.130591
-11.375952 -8.499919
-11.119816 -9.146954
-13.437185 -8.560420
-13.110028 -5.203835
-12.912697 -3.174988
-13.106530 -4.332073
-13.365208 -4.092232
-15.238621 -0.531894
-13.178352 1.761896
-11.363581 -1.071654
-9.828576 -1.620048
-9.829427 0.880970
-9.391731 1.609202
-11.569005 1.949075
-10.334984 4.236123
-8.973447 1.556036
-9.440016 1.710849
-9.921491 0.621802
-9.785614 0.912486
-11.285741 1.415218
-15.318958 -1.604844
