12.200796 -15.677418
12.373156 -14.074981
7.925303 -13.501789
4.847276 -6.908262
3.355636 -8.700238
6.172958 -7.264993
5.847960 -5.537098
3.947885 -7.666929
6.394165 -8.504132
8.639813 -9.852681
6.883060 -10.314426
5.399655 -12.049202
17.719299 -16.693220
15.373717 -8.105916
14.792985 -9.218457
16.040003 -10.874827
16.494946 -7.837664
15.038643 -11.380520
16.341478 -12.393239
10.834299 -14.703655
6.377806 -11.262151
6.702458 -9.263686
5.312881 -9.415982
4.685420 -12.281969
11.049002 -13.596717
10.997881 -13.594149
7.350156 -11.879665
7.309684 -9.720748
7.854037 -8.093668
10.541983 -7.214878
10.887344 -6.011122
10.448544 -7.666269
9.098531 -7.129679
8.900044 -11.100569
5.844540 -9.592705
7.255189 -11.509263
7.444989 -9.178155
6.655221 -10.621396
9.077862 -12.685064
5.777433 -11.074840
5.435465 -10.547023
8.898368 -11.082162
8.917853 -13.659264
7.486331 -9.744726
3.239895 -11.879117
10.037537 -13.067826
11.141714 -12.927133
14.547324 -14.068346
13.973979 -17.114132
15.299753 -17.513214
6.504556 -14.210312
7.838057 -10.038737
4.273872 -7.094450
11.028814 -7.389341
11.879288 -6.995375
7.533728 -6.968543
9.963637 -7.775000
10.100960 -15.817720
7.522676 -12.919693
8.634926 -8.845692
8.520275 -8.151397
6.821230 -10.375450
7.841510 -8.197345
8.759494 -10.913318
7.851219 -10.744949
8.086872 -7.931989
8.837153 -11.567582
9.322869 -11.018107
17.298031 -13.221782
13.172016 -15.651343
8.918054 -12.946494
14.766475 -14.477515
13.721899 -14.932008
12.544239 -13.591995
15.002242 -14.564853
14.618704 -13.797174
14.803543 -10.403214
14.447754 -11.528857
16.770790 -15.891643
11.835957 -13.076002
9.914965 -13.081300
6.617718 -13.728222
4.847678 -10.212272
7.836907 -11.880658
6.428617 -14.534204
8.457847 -9.697208
8.073012 -6.368093
10.826866 -7.479697
6.064785 -8.258282
7.069877 -12.339679
9.294894 -13.085289
8.998580 -13.073275
9.354604 -10.885818
9.136157 -9.497655
8.808176 -11.729318
6.273077 -8.566611
9.175673 -11.009915
6.945155 -6.996120
6.956862 -7.049573
10.712796 -6.642537
4.332458 -9.156967
7.498200 -10.031796
9.343444 -9.932514
8.907899 -7.405861
10.896503 -6.482707
14.541821 -6.037095
14.617220 -9.573857
19.463642 -10.120611
15.073335 -9.725665
14.890011 -11.536726
