-3.494063 -11.510149
-3.864274 -6.998750
-6.791973 -6.230939
-7.158029 -6.293899
-7.521387 -5.501721
-3.542198 -3.508903
-3.513375 -1.009099
-3.207798 -0.441962
-3.086841 0.841522
-4.137648 0.573818
-4.199707 -1.071771
-3.591403 -1.141809
-3.308407 0.040626
-2.618659 0.446925
-4.396155 0.030488
-3.797623 -3.951118
-6.689029 -5.333845
-4.887727 -4.242330
-6.097661 -4.667679
-4.662149 -5.479583
-4.898205 -5.244864
-3.783553 -7.861399
-7.556048 -7.814235
-7.242506 -8.909939
-10.259867 -8.126427
-8.733846 -8.835074
-6.718548 -7.598896
-7.762378 -5.325553
-6.688805 -5.208414
-5.616831 -8.125617
-6.508994 -9.803983
-4.862809 -8.378410
-6.037514 -4.757057
-7.638712 -5.252062
-9.310909 -9.969265
-8.077126 -10.179093
-10.398796 -2.582022
-10.201076 0.557147
-13.471239 3.138506
-11.422631 5.203079
-10.058609 4.726546
-9.216578 4.703644
-9.833813 4.319814
-8.897536 1.881029
-8.323499 3.791039
-8.361481 3.604828
-11.943917 3.565526
-11.731009 8.826602
-13.942228 16.870806
