1.306219 -15.048746
0.646349 -14.234902
9.075549 -8.604350
8.295527 -11.353477
6.072185 -9.840908
8.601852 -8.898164
7.794443 -9.113726
6.567516 -11.162358
8.412782 -9.982631
7.280764 -10.708009
7.602310 -16.710918
9.908504 -12.844272
9.394971 -13.761209
14.857155 -13.167976
9.268270 -9.442064
7.551609 -5.973346
8.944112 -11.186645
13.277631 -7.174155
14.296351 -7.586657
10.052974 -7.120454
7.930303 -5.317620
6.473572 -10.017854
9.298503 -11.082541
6.389797 -8.721471
5.427055 -8.083277
10.189464 -7.607893
18.592272 -6.921729
