-5.189660 -8.733863
-4.080541 -4.431370
-2.048999 -3.361962
-1.131711 -1.432777
0.389987 -1.297673
-0.457325 -0.820780
-0.430830 -1.523136
0.053461 -2.940857
0.072865 -1.942311
1.156582 0.328993
1.249028 0.790964
0.044467 1.968022
3.237237 1.650081
1.462947 1.588500
3.582945 1.270431
3.988910 2.213979
6.222361 2.841494
8.943480 4.595011
6.961803 1.612182
12.520293 1.244491
12.227103 1.842757
12.957664 1.847482
12.937807 -0.880904
16.936092 7.764139
17.548405 5.990225
17.820471 4.860858
15.849480 6.709536
