-6.151353 12.839840
-3.583609 13.175876
-1.510195 12.141953
-2.415441 11.181844
0.455354 9.210245
1.686165 10.074732
5.142030 10.145392
5.888681 12.817601
4.778428 10.557694
4.131870 12.084306
5.938600 13.031056
5.823115 8.859820
3.161069 10.211244
0.352951 9.881125
-0.597555 10.433003
-1.522069 8.708798
-0.903785 11.619730
-2.348505 10.619360
-0.627809 8.324008
-1.232395 13.694646
-1.038963 13.032908
-2.904254 8.142566
-3.113185 8.564200
0.441899 10.021295
-1.758479 11.271520
-1.515880 13.039357
-5.374171 11.602400
-4.686340 12.037833
-1.463864 16.662737
-1.756307 13.730208
-1.466645 13.124658
-4.391569 16.471346
2.854697 16.984573
-2.720970 17.138937
-2.939155 9.820090
-3.767037 12.346645
-1.106306 14.450858
-2.689900 9.724639
0.397720 8.074468
1.877965 6.500688
2.425039 9.886955
6.699534 11.119112
4.133538 12.030022
8.462479 9.718660
4.856822 14.466521
4.585232 10.447736
1.881245 10.784745
6.042895 10.048491
5.018124 13.582342
4.975920 18.019220
2.386058 16.635939
11.403972 15.765204
7.326236 17.099455
4.486928 10.929835
6.048953 12.680013
6.047984 10.989350
1.057027 10.088407
4.588921 10.427988
4.041688 8.254626
4.924685 6.825706
8.824813 3.677157
