16.282906 16.258383
9.297096 8.145453
6.262944 5.876692
6.990223 5.157479
8.750171 2.368723
7.896886 1.084921
7.509107 -0.760412
6.828959 -2.638608
1.981689 1.162045
2.653538 1.499136
3.939833 2.690734
4.180338 2.204170
3.539888 1.138707
1.842206 1.152782
2.229624 1.154736
4.748978 2.064577
4.683715 1.439116
5.314291 2.156610
2.786487 1.751639
-0.290593 2.062152
-0.196829 -0.599740
0.649235 -0.672793
1.270028 0.687293
1.693134 -1.763243
2.970557 1.725633
2.216670 1.658743
2.894019 1.992283
1.507081 1.225649
1.600040 0.158787
6.894893 0.699250
7.535032 -0.452555
5.413872 1.452040
7.738407 1.965438
7.296731 0.829917
5.794970 1.417951
5.781116 1.957643
4.557202 2.130649
6.986055 0.730617
7.129225 -0.064744
7.504586 0.934934
5.410884 1.717731
8.908284 3.378041
9.393702 1.957302
7.131145 0.250099
5.491423 2.674864
5.753579 1.202425
3.837132 1.111108
6.219834 2.089282
9.066980 0.178003
7.180133 0.364024
6.570506 2.126712
5.278567 2.915388
3.701038 2.019066
5.473370 1.060296
3.316545 2.487545
1.171849 1.143486
2.061239 1.485558
1.451701 -1.899389
1.372356 -2.409285
2.249468 -5.974292
0.094615 -3.602627
0.833949 -3.327417
2.456018 -5.828271
2.904146 -5.681228
0.644414 -4.193215
3.294826 -5.440355
0.762051 -3.688159
1.591101 -2.255956
1.221756 -2.221066
1.169390 0.010724
1.899733 2.307468
3.146587 1.136483
3.176691 1.519644
4.396778 1.422227
2.926354 1.358852
5.894353 1.175710
5.268680 1.421627
7.715393 2.869034
7.028152 0.080906
7.262706 -0.146395
7.122838 0.503974
6.973545 -0.194849
7.822958 0.191726
7.749883 -2.813267
7.748156 -2.475116
7.633399 -2.759227
9.371521 0.163870
11.616018 -3.099658
9.231797 -0.990282
7.767410 -2.266811
10.645653 -2.794995
6.124295 2.094513
7.982510 1.312144
8.281037 -1.406884
8.345834 -0.476149
6.988061 3.727030
4.707041 2.079931
4.099147 1.958614
5.642238 2.898913
8.260490 2.101149
7.084682 0.028476
6.935490 -0.370143
7.330459 -0.827723
3.645248 1.441625
6.136607 2.690437
4.963753 2.058491
3.996869 1.278396
2.317408 1.521896
0.389777 2.202072
0.770962 0.291984
1.744512 -1.129552
1.398674 -2.081563
0.823057 -3.078033
0.914893 -2.413542
1.638153 -2.764993
2.218360 -4.279906
4.051001 -4.057677
5.249968 -5.119292
3.113214 -7.516042
2.473642 -6.375125
3.535920 -8.372935
3.841614 -10.187099
1.917818 -19.536581
