-13.439096 -19.543055
-2.286526 -9.625621
-0.927353 -5.632171
1.671031 -1.773063
1.462318 -0.446226
1.526525 2.169040
2.198911 2.469410
6.708980 3.224363
8.933795 5.862538
9.517166 4.688348
7.785652 4.228528
11.448288 3.323122
6.956898 3.731482
13.244000 0.450974
10.386967 3.764003
13.525975 3.601102
11.347408 3.693575
12.551199 1.272410
9.504737 3.839557
8.376256 6.126587
9.700622 5.307096
7.332357 3.561580
9.633908 7.385954
9.656508 10.601140
11.942760 9.195149
11.051979 8.994587
9.175126 8.851565
6.424276 6.318547
9.423642 6.402603
7.705018 12.201903
10.536602 11.763381
11.683074 9.159743
16.131203 10.097373
16.404520 10.547292
16.122849 4.250403
16.363832 5.438732
17.205887 3.987474
15.169409 3.557872
16.418470 4.822566
10.353690 0.345155
8.079023 2.490957
9.534130 6.515629
7.795374 4.469556
8.989839 3.895827
9.598267 6.898843
8.784034 6.983756
9.574810 10.169824
8.238167 7.521647
8.638126 5.253843
5.390078 6.119388
7.918314 5.299670
15.388228 4.403734
13.421064 -1.294006
11.853830 1.913466
12.477968 3.540795
12.513693 1.905322
15.275230 1.596356
17.989065 4.865420
13.783464 1.004117
17.772932 3.108740
11.933695 2.967715
11.284262 1.640817
17.740234 -1.192829
16.697624 7.446029
17.481178 8.460717
12.116619 10.201973
11.415878 11.062503
12.056126 9.059871
11.817688 9.503119
14.743160 13.767156
14.697594 12.450340
