1.111956 18.280682
3.058386 16.858080
5.616199 15.062911
6.802108 14.949970
5.583140 14.188386
4.269144 11.486169
4.189818 11.119017
3.803137 7.936415
2.968736 10.256961
-0.214335 10.698982
-5.173740 8.626595
-1.150003 11.196393
-2.353738 11.817422
-2.875520 9.516906
-1.367242 10.881410
-2.398411 10.786495
2.207799 10.319663
0.296432 10.692857
3.956562 10.747928
7.206711 11.354056
8.921498 10.794276
4.242961 11.662545
6.221473 7.767577
9.601605 9.158278
8.629154 6.727167
9.759364 4.796957
8.176984 4.270270
9.747907 5.423558
9.419946 5.677816
8.748387 5.786845
5.380624 2.636112
11.163816 1.995696
12.125396 1.249599
13.895820 -0.334924
16.740618 6.038980
15.548998 3.734423
19.455042 0.505123
