-13.212303 4.973948
-14.193019 5.536839
-13.927455 7.100023
-13.791601 5.723121
-13.494350 7.883341
-14.243938 5.103401
-13.528830 4.236774
-7.407452 7.299348
-7.544295 5.644451
-7.710841 6.008554
-5.120408 4.385561
-7.614994 3.923976
-7.139782 6.620715
-4.818366 4.665194
-6.420374 7.875025
-8.503944 9.934703
-5.688948 8.267019
-8.309776 3.437179
-9.227245 9.272607
-9.169253 8.538522
-7.072564 7.511818
-4.423035 7.327556
-4.856962 6.353281
-12.077818 9.187087
-7.620961 9.460322
-8.271759 11.004152
-5.159622 6.683977
-4.715685 8.528491
-6.503546 5.933558
-7.046940 6.319157
-6.311313 5.774124
-7.873575 5.337141
-5.323422 5.857440
-6.453324 5.733005
-7.677796 6.561846
-7.804215 6.301754
-9.902291 3.411611
-8.573019 2.714280
-4.894416 7.727694
-6.541730 7.168232
-7.051857 7.834911
-8.896161 10.887465
-6.088009 10.182562
-7.526868 6.719393
-6.802058 7.803769
-7.200601 7.149870
-8.698386 10.685605
-6.878223 5.801746
-6.860613 4.146601
-8.764544 1.571841
-7.374715 6.359511
-7.412659 5.519977
-7.787916 5.724746
-7.676657 1.265811
-9.623667 3.387678
-10.037989 2.397359
-14.294067 9.687776
-8.644178 9.369790
-8.507296 11.521258
-10.022510 9.569351
-7.066039 9.825467
-7.237592 4.929938
-11.732862 12.531666
-9.576308 9.344304
-14.028822 8.057933
-17.176483 6.098830
-13.216989 6.061441
-13.429308 7.605861
-12.959540 7.180865
-13.169210 4.575241
-7.380490 12.100374
-6.819523 9.260251
-7.746796 7.308080
-7.046889 6.323494
-5.704050 7.760521
-6.680194 3.349569
-7.913985 4.128350
-8.536692 1.646286
-9.486748 3.310327
-8.914296 3.147306
-7.681109 6.079205
-3.698568 4.276577
-6.457742 7.021669
-6.658772 9.609535
-7.330169 7.142873
-7.588453 6.538793
-6.643577 7.061240
-6.554681 9.114635
-14.033726 8.719209
-14.407333 8.218756
-10.868290 9.154634
-5.877082 8.792350
-11.734276 9.491514
-14.724716 10.766652
-13.469892 7.175861
-13.695452 7.491851
-14.506540 10.885812
-12.198061 8.607136
-10.930044 9.636262
-6.803541 12.340403
-7.782188 7.621787
-6.190751 7.618295
-7.354056 6.255583
-6.238430 6.797446
-8.217730 2.353093
-13.030878 3.377569
-11.188310 3.091182
-10.679827 2.997051
-11.947353 3.303027
-10.550383 2.403043
-10.198669 1.928897
-6.606239 5.715698
-7.247858 7.199664
-6.267172 9.477908
-6.466532 10.066918
-7.371830 7.737081
-6.500175 6.377132
-6.150083 9.874084
-6.721097 7.005515
-6.005121 3.007568
-11.413008 1.166408
-11.312975 1.648767
-12.586323 1.047501
-13.751032 4.062731
-13.077902 2.732173
-13.758607 2.844499
-7.634620 5.947679
-7.487270 8.494834
-6.341825 5.455004
-6.843591 6.855336
-7.876444 7.146495
-7.466496 4.601745
-7.925812 8.812838
-6.260465 7.548419
-5.834738 7.518985
-8.097472 8.677005
-6.071174 7.555156
-7.661598 3.329049
-8.298235 3.430368
-6.695959 4.042681
-4.866194 6.610233
-7.371894 6.291680
-6.025154 9.499787
-8.775714 8.936524
-11.010237 8.844109
-13.633739 11.495290
-13.143955 7.610056
-14.133633 6.764242
-12.254875 10.126189
-7.092403 4.909936
-7.873424 8.082949
-7.082842 6.631792
-8.444846 3.459155
-11.570816 1.409807
-8.758618 3.080870
-9.271657 3.174478
-12.201763 0.810144
-14.033474 5.508888
-16.352846 7.526903
-16.254475 13.323297
-10.058008 9.073155
-9.368680 10.394349
-5.908850 7.898693
-7.024858 9.840278
-7.954776 4.904471
-7.498679 6.945215
-6.457139 4.540591
-7.463039 4.482341
-8.179417 10.476473
-9.475683 8.751774
-10.810310 9.317941
-8.144657 9.708909
-10.785230 8.520942
-11.783806 9.424535
-12.389969 9.353253
-9.385365 9.081921
-9.193709 8.776796
-7.381170 8.598855
-6.427225 6.387128
-6.948964 5.304204
-6.058570 4.027213
-6.540673 5.374108
-6.533924 3.978607
-6.476984 6.249202
-7.919337 7.254097
-5.719707 6.314476
-3.700135 4.635814
-5.340238 8.131665
-5.061748 9.023921
-8.450031 8.736925
-13.046450 8.996544
-9.135818 10.156463
-10.392290 10.608833
-8.836615 8.962991
-4.747743 8.055284
-4.619940 6.384066
-6.627909 5.970644
1.362973 10.562700
