-13.737226 -4.404307
-13.035908 -4.360864
-14.387373 -4.507683
-13.876656 -7.257358
-15.182322 -4.028032
-13.643726 -3.622989
-7.667462 -7.053294
-11.248487 -9.348100
-7.852453 -8.599039
-6.674836 -4.156603
-9.821552 -1.366711
-11.299511 -2.105202
-7.086634 -4.209796
-6.822265 -7.846126
-6.904467 -8.857059
-9.489882 -8.591133
-6.542799 -10.053423
-9.287308 -8.806082
-15.495182 -10.823702
-13.871969 -6.569713
-13.813190 -5.324403
-12.955835 -4.915259
-15.453612 -5.192349
-9.655314 -2.538443
-6.724433 -7.509349
-4.465130 -9.518691
-8.429116 -8.274508
-10.246941 -10.087750
-7.363972 -8.270861
-7.278392 -6.451627
-7.624401 -7.277209
-6.765954 -7.035587
-7.456803 -7.235280
-5.273939 -6.648894
-3.585207 -1.922199
-3.479676 -0.969474
-4.472394 -1.641675
-3.959157 0.588458
-6.846141 5.229868
-6.986112 4.037475
-9.905114 2.173845
-10.129727 2.946114
-10.039442 -0.907799
-11.419074 0.637961
-10.671741 -2.989210
-10.387535 -1.488138
-12.060163 -0.299938
-14.930863 -2.282622
-14.128148 -3.719728
-19.158707 -4.561201
-7.168316 -4.078971
-7.422912 -6.617242
-12.372835 -8.847542
-11.757404 -8.579223
-12.121817 -8.121941
-8.234568 -9.294057
-6.158644 -6.805655
-4.644168 -6.388504
-4.365627 -2.991879
-3.865512 -5.284836
-5.537078 -7.393302
-6.241326 -6.399819
-6.233710 -5.343810
-7.189080 -4.004467
-6.178403 -4.492644
-3.904569 -3.767133
-3.496599 -2.152059
-3.896232 0.083968
-4.389273 -3.619707
-4.560774 -1.597239
-4.364557 -1.625913
-3.439023 -4.011318
-4.590153 -3.780895
-6.122468 1.780157
-6.978201 1.453161
-6.235184 2.207232
-2.999832 0.453702
-2.824899 -0.787121
-2.688163 -1.570429
-4.527946 -0.060757
-3.084703 0.544340
-3.208668 0.435316
-3.598462 0.429852
-4.181258 -0.458204
-2.103502 0.260807
-3.668053 -0.224793
-3.453332 -1.389358
-3.681166 -0.760047
-4.138323 2.268287
-3.630315 2.162397
-5.341155 1.324185
-5.776931 1.403528
-4.114303 1.711642
-3.678188 -0.499500
-3.436244 -0.395600
-3.952972 -3.478995
-4.545381 -3.866323
-4.150652 -4.879941
-4.111571 -4.135930
-3.967877 -1.512358
-4.802128 2.284029
-7.181301 1.593443
-6.765221 2.612380
-2.768720 0.511989
-2.392831 0.671902
-4.346014 1.792688
-4.057292 -2.687732
-3.621658 -0.854240
-4.076599 -3.200309
-3.453483 -2.225188
-4.596034 2.779277
-5.883090 1.804298
-4.757069 3.006065
-2.790976 1.249447
-5.958737 1.844980
-5.806755 2.624815
-4.929016 2.705827
-3.286307 -1.082110
-6.175997 -7.610837
-5.920430 -4.880108
-7.344752 -7.263105
-5.444315 -4.955283
-3.344805 -3.757644
-4.252366 -4.728959
-6.453803 -6.044886
-8.201482 -8.883019
-9.750969 -9.428863
-10.776625 -13.790359
-10.226593 -8.949375
-11.964197 -8.206486
-12.506454 -9.878933
-14.312010 -3.299582
-12.943933 -4.738700
-14.223459 -2.654499
-10.656383 -2.445147
-9.847231 -1.500465
-9.729329 -2.554336
-11.591088 -1.335132
-10.802401 -0.066863
-10.771091 1.603987
-10.365770 -1.249223
-10.295872 -0.445838
-12.754139 -1.030111
-11.227202 -2.797794
-12.226439 -2.423238
-14.303199 2.034998
-8.522184 1.151901
-11.300443 2.506330
-6.394858 3.907847
-7.583618 1.848201
-7.982651 2.152595
-8.638691 1.465722
-5.708971 3.051418
-6.158822 1.973395
-7.217328 2.361792
-4.954928 1.164634
-3.377955 1.342371
-2.915462 -0.419740
-2.601877 -2.502633
-4.285954 -3.250656
-3.856843 -2.763764
-4.320236 -3.726879
-5.323447 -4.470500
-3.016870 -5.186294
-5.275551 -4.270004
-4.029065 -4.863734
-2.922661 -0.872110
-4.267261 0.008200
-4.334448 0.826799
-3.141663 -0.862943
-4.477741 2.136085
-6.857706 1.901143
-8.621457 2.051193
-6.120976 1.453730
-2.798972 1.417028
-4.000318 -0.843644
-4.528865 -2.635435
-3.789065 -3.138902
-4.915856 -4.278319
-5.514494 -4.368602
-5.606480 -4.300878
-5.094843 -5.146258
-3.458076 -1.316531
-4.237760 -1.782267
-6.899407 -4.697690
-5.666739 -5.181178
-8.060162 1.327328
-11.085529 -1.458311
-11.228650 -0.387908
-10.729519 -0.565021
-11.184690 -1.459132
-10.426216 -8.734447
-7.678895 -8.306899
-6.872366 -6.945662
-7.429320 -5.406488
-6.114416 -6.816638
-6.324013 -5.634239
-11.267946 -8.844701
-10.031621 -11.642352
-9.773493 -11.392417
-10.273618 -8.054793
-8.484440 -8.490547
-9.532617 -11.343255
-9.906312 -9.772333
-9.065707 -8.512128
-10.672107 -9.047338
-7.607317 -8.492333
-7.557306 -6.336339
-7.847740 -4.370183
-7.099569 -4.166791
-6.927185 -5.444884
-5.552310 -4.974966
-7.683191 -5.094902
-7.794812 -4.381506
-4.772295 -5.099306
-7.488520 -6.050289
-6.808181 -8.230508
-9.885866 -9.823679
-11.252811 -9.146352
-8.647573 -9.831278
-5.632948 -9.160542
-10.085962 -9.310184
-11.463370 -9.434697
-9.362829 -10.026976
-7.369530 -9.934484
-6.464019 -5.026293
-7.847453 -5.258846
-6.547241 -5.681427
-5.571345 -7.470756
-5.593775 -5.966005
-6.464272 -7.320291
-7.472840 -5.860864
-6.654138 -6.156304
-6.692070 -5.966796
-7.141222 -5.541419
-6.180059 -5.209852
-7.614027 -7.592177
-7.057982 -7.207126
-7.504021 -8.923383
-9.744577 -8.582408
-10.986773 -8.375813
-8.689068 -8.242815
-6.097473 -9.048094
-8.306806 -9.267303
-10.068090 -10.510365
-9.037737 -9.131591
-6.925261 -7.413569
-7.273911 -6.980628
-6.092102 -5.506379
-7.593565 -7.319616
-6.570073 -8.489268
-6.020159 -7.550322
-7.720121 -5.599336
-7.283939 -4.014600
-5.444070 -4.247365
-3.488905 -5.081856
-3.911113 -3.581546
-4.489142 -2.265476
-2.933585 -1.521505
-5.076746 2.218171
-7.135769 2.735891
-9.669659 1.937590
-9.893414 2.940150
-8.372742 2.541304
-7.909420 3.138251
-6.309033 2.418113
-10.310548 2.308389
-9.910316 -0.110177
-13.855665 -2.495636
-12.296784 -2.252110
-10.750061 -0.020744
-12.322603 -1.013121
-10.561538 0.229131
-10.381301 -2.101087
-11.509168 1.787329
-8.893120 3.083425
-8.976740 1.507831
