-11.830154 -1.809530
-11.655657 -1.683286
-12.671805 -1.134670
-10.850364 2.692066
-8.353722 1.265714
-5.903111 1.564640
-8.012522 1.349487
-11.009060 2.954715
-10.829775 0.786471
-14.225391 -5.340755
-13.736732 -3.919816
-13.079952 -3.919784
-13.032225 -4.217723
-12.881643 -0.735234
-13.168346 -2.918022
-13.346891 -4.592984
-12.919407 -3.339927
-15.651846 -4.147337
-11.234493 0.209124
-10.901125 -2.765755
-7.016434 -4.115662
-7.048385 -6.019608
-7.004339 -6.437730
-7.662376 -6.866816
-12.048573 -9.431865
-14.665201 -7.411804
-7.588145 -5.214856
-6.458096 -7.730768
-6.186484 -4.248703
-4.695533 -5.292345
-7.050329 -4.492332
-13.948345 -6.108622
-16.456205 -4.947132
-14.424593 -5.204909
-13.389612 -7.607858
-7.661151 -4.681748
-6.274117 -6.808945
-8.734270 -8.752224
-11.991739 -8.039086
-10.799913 -8.114456
-8.113662 -8.452922
-7.597633 -6.273193
-5.379786 -5.021430
-4.480098 -8.479501
-3.642128 -6.154490
-6.554218 -4.323513
-5.952767 -6.888912
-7.847045 -4.824955
-7.529887 -6.974329
-7.137236 -7.162905
-8.676047 -8.988309
-13.394877 -8.201217
-14.438643 -5.415315
-6.740289 -5.448174
-9.982738 -2.810756
-11.320682 -1.181312
-13.908912 -3.403841
-9.242500 -8.586560
-13.577215 -10.752952
-6.223612 -5.300230
-8.063059 1.996236
-10.943642 2.917356
-12.112107 -2.814199
-11.908351 -2.124561
-12.909285 -3.166430
-15.090114 -6.841144
-11.801676 -10.803161
-7.259532 -11.527536
-10.308908 -9.447162
-6.130704 -7.386685
-3.211448 -3.296627
-6.831398 -5.329844
-5.841831 -5.839320
-2.721858 -2.438851
-2.268478 -3.401521
-5.862756 -4.582149
-5.049100 -6.070709
-8.491293 -8.643767
-8.119303 -8.124398
-5.529695 -7.108634
-7.664975 -9.576489
-7.320410 -9.721516
-7.748377 -5.403716
-6.528142 -5.369941
-7.350746 -5.315496
-5.931541 -6.517468
-5.278299 -7.304646
-4.827442 -6.016607
-4.919954 -5.597430
-7.524426 -5.071684
-7.520428 -5.505421
-4.302854 -5.020075
-4.592038 -3.596220
-7.246688 -4.722706
-7.552438 -4.569621
-10.287374 -2.370639
-9.635185 -1.442734
-9.685429 -1.611637
-12.583035 -1.751711
-13.226942 1.424526
-13.863962 -7.535160
-14.767426 -6.464975
-14.855932 -10.261523
-9.802202 -9.525411
-10.510031 -8.688375
-16.700052 -9.962207
-13.441113 -6.210765
-12.872739 -8.062509
-9.527619 -9.786135
-7.839480 -9.054356
-8.269808 -8.506166
-8.776852 -10.352590
-9.379810 -9.972507
-16.134783 -8.281318
-12.406181 -8.548700
-9.196321 -9.310987
-9.893240 -0.277032
-11.321555 1.294200
-12.949421 -1.295759
-13.998915 -5.995049
-12.307217 -2.753566
-13.412877 -4.369307
-14.329590 -6.108929
-13.764935 -6.141720
-13.399191 -3.805408
-11.208448 -9.417214
-10.202312 -8.355457
-10.173645 -8.676983
-7.629386 -5.963645
-6.591476 -4.968879
-10.052521 -9.045002
-10.609289 -9.542909
-7.850092 -10.094779
-9.505814 -8.106589
-10.011631 -8.266183
-5.547124 -8.280653
-6.785297 -5.106927
-5.611833 -3.997098
-7.089663 -8.981496
-8.669189 -8.145457
-8.842548 -9.478520
-7.666465 -8.517980
-6.431997 -7.076588
-5.250105 -6.594408
-7.674710 -9.667649
-9.711884 -8.728072
-13.104486 -9.484692
-15.249370 -7.017003
-15.060910 -8.687672
-3.211673 -1.320675
-2.863050 -2.699728
-2.840423 -2.098864
-4.213678 -1.715334
-3.677031 0.313808
-3.129546 -0.205841
-3.960045 -0.057745
-2.880220 -2.910175
-4.084189 -4.791095
-5.628556 -4.941940
-6.583529 -6.054186
-6.471877 -6.018476
-7.739892 -8.253274
-10.540014 -8.523736
-8.611304 -8.163581
-3.097823 -9.059694
-7.620054 -5.079844
-4.172291 -6.867373
-6.790120 -10.265296
-10.962973 -11.053130
-7.972775 -9.028140
-10.332060 -10.521840
-10.392291 -9.498887
-11.494614 -8.446788
-8.852445 -8.399783
-9.828291 -8.550532
-6.508560 -4.026975
-7.043897 -5.236629
-6.662335 -5.961447
-7.434453 -5.743342
-7.716364 -9.080771
-7.143641 -6.355275
-6.646680 -4.204689
-4.548901 -4.295621
-7.167168 -4.052305
-7.362916 -6.421570
-5.939187 -4.065075
-3.153295 -3.084177
-3.425820 -1.412585
-2.544912 -1.361900
-3.033303 -0.407211
-3.332129 -0.497349
-4.505378 -0.839932
-4.245587 -2.557340
-5.192203 -7.184751
-4.420605 -8.475222
-5.657681 -5.501258
-1.744383 -0.028482
-13.074652 -4.347655
-16.972553 -4.056324
-15.784264 -2.505915
-9.815393 -2.296717
-11.371387 -2.433918
-10.166307 -1.533681
-9.767282 -2.347140
-15.508838 -4.582439
-13.665958 -7.815356
-14.333553 -7.023706
-13.246088 -7.715454
-13.546858 -8.733304
-9.424263 -8.728602
-10.237910 -8.081225
-6.576545 -8.250690
-11.029383 -9.273124
-14.092244 -7.966754
-7.202895 -5.125791
-7.902537 -7.263820
-9.191206 -8.680358
-14.380829 -8.970677
-13.149345 -3.337838
-14.899698 -12.686666
-11.950443 -8.423689
-12.245819 -8.599237
-11.103261 -8.273694
-13.558543 -9.652244
-14.373667 -4.511830
-13.683164 -0.089737
-13.476946 -6.400410
-6.600927 -5.493913
-7.500029 -5.247839
-6.753272 -7.083103
-6.303456 -6.137444
-7.656580 -5.356860
-6.996710 -4.255423
-7.564011 -7.537427
-8.875692 -9.528873
-9.118238 -8.777217
-6.737187 -9.114971
-5.767728 -4.489614
-7.808919 -6.032097
-7.601268 -8.907277
-9.507257 -8.465589
-9.163015 -8.985909
-9.747817 -8.107661
-8.615086 -8.262881
-6.974002 -8.323330
-7.585944 -6.061703
-5.126302 -5.154335
-7.206871 -4.808861
-6.378867 -5.572369
-5.745893 -5.371071
-4.340923 -3.911969
-4.574377 -1.624524
-4.218084 0.213039
-3.303529 -1.440564
1.160542 -1.889549
0.834409 -4.110121
1.199438 -6.497232
4.697871 -4.018955
