15.539412 2.135611
19.059591 -5.742253
14.806585 -10.100121
14.665350 -6.692168
15.451565 -11.664329
12.934782 -7.623536
11.895985 -7.434796
9.284223 -12.424174
8.330671 -11.669987
11.742382 -11.157287
11.304695 -11.688008
9.477383 -12.576832
9.154519 -8.441166
7.512045 -10.567826
11.885341 -8.011114
7.247138 -9.335608
5.545570 -8.955872
5.632890 -6.975398
4.543732 -2.860973
3.854144 -2.785568
2.467685 -2.631042
4.784653 0.444158
8.192969 0.675826
14.263085 3.426250
15.813618 -0.287617
15.193413 -0.655653
15.817983 -1.364099
11.151989 -0.967359
11.816656 -2.772542
11.948076 -4.076366
11.325600 -5.710661
11.481864 -8.887481
10.504053 -9.275841
8.979248 -9.818129
8.420609 -10.337033
4.862664 -7.580558
9.457265 -8.726449
7.756013 -9.476696
10.961232 -8.188560
10.613211 -11.358552
8.510637 -12.455182
13.938717 -18.659418
