-17.882977 2.676533
-11.302197 1.566890
-8.760413 1.507843
-7.058313 1.241879
-4.527886 -0.237438
-4.347935 -0.256253
-4.458961 -0.201452
-4.211932 -0.335769
-4.358471 -0.302436
-4.568066 -0.221716
-4.387493 -0.238880
-4.493570 -0.168063
-4.242479 -0.265105
-4.066216 -0.280962
-4.200825 -0.225087
-3.940494 -0.353652
-4.105847 -0.331521
-4.530711 -0.218197
-4.384072 -0.253919
-4.203463 -0.269635
-4.326697 -0.216272
-4.072681 -0.346924
-4.232393 -0.318424
-4.479880 -0.241839
-4.299152 -0.257724
-4.413682 -0.199754
-4.162566 -0.320309
-4.313891 -0.280731
-4.503183 -0.003715
-3.169770 -0.188051
-2.749403 -0.121855
3.560617 -0.453332
6.475286 -1.131433
8.504024 -1.310213
9.677479 -0.660970
10.362952 -0.241634
11.049222 -1.483419
11.368541 -1.592767
11.515195 -0.834504
11.489491 -2.245202
11.613934 -3.975025
18.923378 -7.536436
