10.106362 -12.010347
8.102810 -9.637479
8.338598 -9.638208
7.977492 -9.578448
8.230772 -9.586646
7.921679 -9.578992
8.183378 -9.585744
7.900357 -9.579606
8.165328 -9.585771
7.892073 -9.579915
8.158375 -9.585805
7.888854 -9.580044
8.155672 -9.585828
7.887606 -9.580089
8.154622 -9.585830
7.887122 -9.580108
8.154214 -9.585830
7.886935 -9.580113
8.154056 -9.585830
7.886860 -9.580115
8.153992 -9.585830
1.832692 -8.903184
-6.670715 -7.448721
-7.874491 -8.045293
-8.716172 -8.257035
-9.139318 -8.172893
-9.828486 -8.122031
-9.906076 -8.036379
-10.072935 -8.054163
-9.985929 -8.115384
-10.090345 -8.042096
-10.001860 -8.104384
-10.102154 -8.033751
-10.012531 -8.096945
-10.109859 -8.028293
-10.019415 -8.092145
-10.114519 -8.025008
-10.023565 -8.089260
-10.116997 -8.023272
-10.025762 -8.087746
-10.118245 -8.022395
-10.026869 -8.086982
-10.118879 -8.021952
-10.027431 -8.086596
-10.119205 -8.021721
-10.027719 -8.086395
-14.461729 -2.940995
