6.526639 -14.122292
8.066789 -12.057039
8.457830 -11.601937
8.235708 -11.873675
7.857202 -12.360209
7.916185 -12.240855
8.062778 -11.991304
8.461586 -11.462063
8.246510 -11.695158
7.881639 -12.047784
8.011043 -11.595653
8.453212 -10.552918
8.286000 -10.508204
8.112870 -9.732256
7.862853 -9.278205
8.060361 -8.566092
7.724370 -7.130767
10.414742 -0.350483
10.259891 -0.859967
10.355604 -0.586557
10.203244 -1.120662
10.248254 -1.002853
10.091996 -1.585070
10.043749 -1.581843
10.309012 -0.644302
10.445662 -0.225237
10.289392 -0.729018
10.410778 -0.366288
10.256133 -0.876901
10.348632 -0.614650
10.196182 -1.152735
10.234048 -1.053598
10.077139 -1.638484
10.015380 -1.635483
10.276543 -0.702962
10.348783 -0.330491
10.182724 -0.831041
10.044749 -0.563194
9.839624 -1.058254
8.856305 -0.937671
8.965155 1.265745
9.228481 3.977864
