-13.659700 -15.279990
-9.136864 -8.978106
-8.613669 -8.228374
-8.685520 -8.247304
-8.659514 -8.251500
-8.588683 -8.163213
-8.608603 -8.210561
-8.578025 -8.158624
-8.603223 -8.208245
-8.576931 -8.158410
-8.602681 -8.208128
-8.576824 -8.158404
-8.602630 -8.208123
-8.576814 -8.158404
-8.602625 -8.208122
-8.576813 -8.158405
-8.602625 -8.208123
-8.576813 -8.158405
-8.602624 -8.208123
-8.576813 -8.158404
-8.602624 -8.208122
-8.576813 -8.158405
-8.602624 -8.208122
-7.380655 -7.194418
10.361120 11.320693
18.780598 19.053171
