-4.373917 -13.069837
-5.876525 -8.186587
-6.089287 -5.614830
-6.784861 -4.101570
-10.108753 -1.311028
-10.073643 -1.285229
-9.802017 -1.490170
-10.082537 -1.170588
-10.045532 -1.141754
-9.778126 -1.345776
-10.054399 -1.017494
-10.016182 -0.988427
-9.752431 -1.194192
-10.022778 -0.850664
-9.985216 -0.818003
-9.725771 -1.023429
-9.988441 -0.665636
-9.949503 -0.629550
-9.691072 -0.836892
-9.941654 -0.455639
-9.899994 -0.402916
-9.638102 -0.590864
-9.875961 -0.179169
-9.829918 -0.096902
-9.785917 0.246249
-9.748719 0.402061
-9.882322 1.058636
-9.767720 0.868335
-9.297478 1.651546
-9.088772 1.370478
-7.489024 1.596481
-7.697402 2.787333
-7.486537 4.168089
-7.679302 5.265612
-7.626300 8.706962
-8.109619 8.926274
-9.546507 10.481874
