-4.190691 -2.424199
-4.562854 -2.853786
-4.543130 -2.851024
-4.238199 -2.468201
-4.084538 -2.281371
-4.478271 -2.749143
-4.468731 -2.750142
-4.148030 -2.347368
-3.986189 -2.155979
-4.398244 -2.660507
-4.399917 -2.669446
-4.549850 -2.837445
-4.505925 -2.873831
-4.381587 -2.724216
-4.394175 -2.730504
-4.265445 -2.564319
-4.599068 -2.949192
-4.301889 -2.579646
-4.160785 -2.401050
-4.539769 -2.835042
-4.523545 -2.831167
-4.215732 -2.442677
-4.060076 -2.253275
-4.458560 -2.728400
-4.451883 -2.730196
-4.596119 -2.903312
-4.544038 -2.941791
-4.423118 -2.795292
-4.429156 -2.792902
-4.303901 -2.632687
-6.149926 -4.308133
-7.366158 -5.749739
-8.921340 -8.235328
-8.902578 -8.197885
-8.801189 -8.055701
-8.921341 -8.235328
-8.902578 -8.197885
-8.801189 -8.055702
-8.921340 -8.235328
-8.902578 -8.197885
-8.801189 -8.055701
-8.921341 -8.235327
-8.902579 -8.197883
-8.801191 -8.055699
-8.921345 -8.235325
-8.902586 -8.197882
-8.801202 -8.055696
-8.921367 -8.235315
-8.902618 -8.197865
-8.801260 -8.055666
-8.921480 -8.235254
-8.902786 -8.197766
-8.801553 -8.055474
-8.922043 -8.234838
-8.903642 -8.197083
-8.803014 -8.054168
-8.924819 -8.231870
-8.907988 -8.192073
-8.810206 -8.044597
-8.937424 -8.210275
-8.927343 -8.156681
-8.984770 -8.050653
-9.082425 -8.161384
-18.077862 -10.815320
