-4.770869 13.204947
-6.603084 8.570920
-7.508375 6.583895
-7.873353 7.540947
-7.620703 7.899552
-7.723453 7.586389
-7.526000 7.904087
-7.701107 7.601359
-7.507206 7.915331
-7.695494 7.606860
-7.502250 7.919448
-7.693815 7.608675
-7.500747 7.920802
-7.693291 7.609256
-7.500277 7.921233
-7.693126 7.609439
-7.500129 7.921369
-7.693074 7.609499
-7.500082 7.921412
-7.693058 7.609517
-7.500069 7.921424
-7.693052 7.609521
-7.500062 7.921430
-7.693051 7.609524
-7.500062 7.921431
-9.798410 2.763160
-10.269369 0.310016
-11.290454 -2.925972
-9.940029 -8.027792
-9.863588 -8.109285
-9.940052 -8.027776
-9.863609 -8.109271
-9.940105 -8.027740
-9.863655 -8.109241
-9.940233 -8.027656
-9.863769 -8.109165
-9.940525 -8.027455
-9.864027 -8.108991
-9.941216 -8.026988
-9.864639 -8.108578
-9.942838 -8.025893
-9.866068 -8.107622
-9.946662 -8.023418
-9.869432 -8.105458
-9.956925 -8.020171
-9.878385 -8.102372
-10.025005 -8.090220
-10.116241 -8.026300
-10.020665 -8.121626
-10.116494 -8.061496
-10.016814 -8.124749
-10.112329 -8.064950
-10.015282 -8.125789
-10.110640 -8.066098
-10.014687 -8.126188
-10.109982 -8.066539
-10.014457 -8.126343
-10.109728 -8.066710
-10.014368 -8.126403
-10.109631 -8.066776
-10.014332 -8.126426
-10.109591 -8.066802
-10.014318 -8.126437
-10.109575 -8.066813
-10.014315 -8.126439
-10.109571 -8.066817
-13.343446 -6.655932
-19.070215 -15.851944
