17.095636 -4.899890
16.837040 1.539921
14.965163 0.274443
15.469860 -1.585081
13.963312 -0.908870
14.998256 1.794172
9.299987 1.455249
7.277367 1.601785
7.240998 1.882539
10.340666 3.094862
8.623580 1.753074
9.295508 1.863304
6.951746 2.327589
7.332227 1.103558
6.251712 -0.372958
5.873847 -1.970238
6.927216 -5.116492
16.495180 -11.388332
10.022292 -9.514821
15.880240 -9.523820
6.646783 -7.636924
7.514824 -6.288981
6.271119 -3.807557
6.014923 -0.130241
6.985428 0.826965
6.468195 0.871315
5.363760 1.738741
8.624393 1.996136
10.024303 2.321414
8.779897 2.256526
15.460826 1.011137
10.576149 1.974733
8.058347 2.515817
8.246613 1.916149
7.945266 1.874815
5.374011 1.856456
6.914499 -1.026663
7.314674 -4.044555
3.303751 -2.952159
10.001263 -5.319803
8.249469 -6.383339
5.447360 -6.216755
7.308576 -6.910264
6.520446 -3.461957
5.094548 0.654018
-7.314166 -1.279847
-11.536205 -0.344130
