-12.600081 -8.415611
-15.530801 -7.815526
-12.688391 -2.377177
-7.783232 0.819309
-8.224109 0.269132
-8.514948 1.247883
-9.267877 -1.084740
-9.441072 1.868054
-8.455217 3.382013
-8.196998 3.406269
-9.384369 -2.130536
-8.817282 -0.412019
-11.361925 -0.796786
-9.784463 3.445387
-8.021038 0.599967
-9.440282 -0.052833
-9.887796 0.991219
-10.215919 -0.241163
-9.718777 0.932045
-8.211411 2.892350
-9.277639 2.883354
-0.991793 7.497081
-2.249296 5.586339
-1.979329 7.280981
-5.164358 6.796855
-5.003086 6.601428
-4.737156 7.371027
-6.416260 6.869995
-6.604290 6.119659
-5.825893 6.355157
-4.451090 6.361480
-2.309306 5.684515
-2.464908 4.517954
-2.392093 4.678784
-2.916487 5.203456
-1.707626 5.850401
-4.421329 7.355697
-4.038537 5.938516
-7.370228 6.061882
-7.787382 7.840659
-6.244246 6.339254
-6.664158 6.178999
-5.751981 6.506896
-5.147215 6.134823
-7.705875 6.245789
-7.337511 7.415064
-4.508642 7.591395
-3.370492 6.378032
-1.127601 2.902095
-2.185241 2.137362
-2.250330 1.110445
-5.808547 -1.402839
-8.496973 0.741131
-9.057996 3.154498
-9.967392 2.796800
-9.221176 2.112001
-7.738078 -0.223552
-4.582479 -0.094442
-6.710512 0.096601
-5.155254 0.840261
-5.483165 -0.169632
-4.505439 -1.348314
-2.654698 -0.764010
-3.117375 1.895001
-3.180622 2.580279
-2.841749 0.285417
-4.843241 0.762539
-2.985856 0.933638
-4.078656 0.028354
-4.437544 0.839989
-7.398670 0.299679
-9.842239 1.840756
-13.015924 2.287470
-11.338629 2.052778
-9.466322 1.716763
-11.850888 2.748392
-8.612175 2.490416
-9.062382 1.449697
-4.585320 -1.470863
-4.034599 0.021923
-6.973367 0.315431
-5.629106 0.628862
-4.308885 0.221877
-6.119448 -1.787944
-8.199048 3.038893
-8.199619 3.147574
-9.015475 3.097924
-10.193896 2.516290
-8.308950 2.438216
-6.912143 6.488528
-6.845326 8.660214
-7.828196 6.807202
-6.955406 6.558824
-6.217362 6.617030
-5.649167 9.190383
-7.007157 9.222363
-7.883963 5.986261
-5.668399 6.568925
-7.896685 8.804414
-7.485597 9.161605
-10.231181 8.714631
-11.918686 9.344103
-13.192036 5.500947
-13.484451 7.248178
-15.425421 5.921028
-12.781046 -0.959805
-11.478807 0.514177
-9.604804 3.378206
-13.151972 5.192336
-14.164570 5.055046
-15.782871 1.619856
-12.459055 2.854201
-10.766262 9.887995
-11.702436 8.542899
-7.132418 9.035110
-9.769506 9.059938
-13.973381 8.367700
-13.112710 4.232555
-16.932755 5.349692
-12.728561 3.265445
-10.697470 1.906651
-15.150575 3.444613
-12.974077 6.386577
-14.059019 6.090295
-14.204947 7.035172
-13.516169 6.911184
-7.600710 7.549685
-7.582695 7.005751
-8.701851 8.563849
-7.263255 9.231918
-8.682953 10.513144
-8.462299 8.945937
-7.496812 10.123508
-7.544997 6.830884
-4.159281 6.098842
-5.304990 6.470691
-0.846495 5.816556
0.607841 5.888391
-0.540478 3.449292
-1.889713 2.746480
-13.126499 6.011208
-14.518418 7.077475
-7.272627 8.035897
-8.983206 3.160959
-10.714878 3.307395
-2.867016 -0.259498
-5.499825 -2.779408
-2.471302 -1.219070
-2.683896 0.920334
-2.767624 1.945701
-3.105582 2.814956
-0.516717 2.528819
-0.849690 3.311196
-1.213951 4.029857
-2.145340 7.715620
-4.568479 7.326041
-6.663177 6.598814
-5.697444 7.943800
-8.466810 8.780653
-5.799582 8.337241
-7.774507 7.168265
-6.472039 6.030805
-3.866753 6.810011
-2.248478 5.268929
-0.884769 2.950812
-2.633401 4.858255
-3.126245 3.261688
-4.147664 6.251902
-2.471281 6.966906
-3.950865 8.798427
-4.567780 6.010591
-6.795928 0.773700
-7.567385 0.462941
-7.940598 -0.862154
-11.878563 -0.524649
-11.980877 3.155552
-7.413517 9.770146
-7.174598 9.750381
-6.535205 7.226257
-8.436680 10.331670
-10.578753 8.512651
-9.554867 9.534314
-1.372069 5.065898
-2.939434 3.325543
-2.675084 4.070302
-3.121672 3.706598
-2.351228 5.116172
-4.073009 6.916628
-7.051994 6.421337
-7.872363 7.357976
-5.957971 6.961921
-6.561626 7.278835
-5.284815 8.438130
-7.686206 8.615840
-6.864123 11.844853
-11.779882 10.371122
-12.150307 8.796407
-13.729466 8.683922
-13.506338 7.067087
-14.763546 9.284728
-13.232506 12.204612
-17.165154 7.599570
-12.064238 2.329008
-12.090723 2.525913
-10.569452 3.471119
-11.771344 1.909792
-11.221977 1.681695
-10.403809 1.813214
-10.422713 0.016659
-13.182442 6.352821
-11.058621 8.908356
-9.861233 9.513206
-9.992613 3.479974
-9.447468 3.308597
-9.271443 3.130433
-13.529326 3.821287
-14.417305 1.535824
-13.272017 3.588077
-13.601983 5.922953
-13.124228 4.773384
-13.730997 5.731936
-10.805101 8.890465
-14.262340 -1.124017
-10.472026 -2.790658
-7.087413 8.787042
-9.184725 9.463653
-10.080219 11.117207
-6.779027 6.952000
-4.131516 7.099864
-8.464071 8.955195
-8.836895 11.166974
-11.242714 8.786931
-10.917475 8.520976
-10.161752 9.102122
-9.020994 10.554852
-4.874653 9.278033
-6.977186 7.161172
-7.439107 8.447035
-8.363407 11.361419
-15.121706 11.893172
-13.158443 14.863998
-10.189503 13.321600
-13.368895 10.760674
-13.330072 7.002412
-13.321177 7.925026
-14.295725 6.131107
-12.772861 2.492340
-13.097214 3.750677
-14.601358 3.996208
-13.300828 5.406322
-15.186419 5.371272
-10.992211 2.661827
-11.501026 1.470081
-9.484707 2.609075
-10.372496 0.228215
-8.702826 -1.747788
-11.198128 0.369094
-10.048977 0.701953
-11.082708 -0.445261
-12.094594 3.118843
-9.474274 2.162287
-7.681465 0.046694
-10.375731 1.811757
-8.344326 2.480524
-8.077208 -0.810918
-6.003206 0.159053
-3.966719 0.298715
-4.563752 0.271874
-8.048484 0.402159
-10.454018 1.702084
-9.805616 0.071196
-9.105237 -0.363297
-8.968865 1.994471
-8.630526 -0.469382
-8.205830 2.570493
-8.655961 3.384112
-12.087735 1.796353
-14.087973 3.787997
-9.728462 2.507595
-9.642572 2.844017
-12.828727 1.500060
-9.630774 1.218908
-8.985444 3.129129
-6.392975 8.167145
-4.459946 8.091415
-4.469938 6.606926
-4.749865 8.498987
-13.126044 11.588498
-12.218098 10.859593
-14.773813 12.696246
-13.132870 7.002050
-16.156687 6.875082
-12.277766 8.975698
-14.359276 8.903438
-10.439512 8.627797
-7.240624 9.133432
-7.945954 10.569161
-5.729296 6.468978
-4.547923 6.621523
-7.755684 7.746273
-5.989634 7.096930
-6.812472 8.119283
-6.527287 5.935937
-7.653090 7.900287
-10.575634 3.366180
-9.917055 -0.931261
-14.645132 4.004281
-15.188293 9.116921
-13.221088 8.131596
-12.269506 9.757916
-11.172283 11.349801
-10.923542 9.786211
-6.720203 8.615796
-7.940282 7.236092
-7.754275 6.968475
-10.322657 9.211631
-7.865277 6.355018
-6.525589 7.497622
-7.213762 6.178305
-9.351429 3.289079
-8.227680 2.256935
-8.247991 2.764227
-8.601796 3.052514
-5.267105 7.266381
-4.722425 8.206285
-5.329057 6.890031
-9.282436 3.295511
-10.030647 2.497473
-11.906893 2.039757
-13.046640 -1.782512
-13.177731 4.511718
-16.566015 10.405506
-8.792447 8.752698
-7.051405 5.941238
-9.804817 9.103630
-9.811426 0.006060
-7.614177 6.813898
-9.451763 8.891658
-11.076681 9.539662
-11.129382 9.163690
-11.244959 2.917254
-10.756251 2.468703
-8.555668 8.806714
-7.421407 8.997735
-6.747353 7.125269
-7.701101 6.151943
-6.331200 8.088607
-5.303987 8.700408
-7.426648 6.089694
-6.596567 7.985722
-5.955920 6.519250
-7.755880 6.130696
-6.119038 7.226306
-6.402285 7.214281
-7.796182 5.986750
-5.491930 7.326053
-6.712068 6.301876
-4.957680 10.064520
-5.516452 6.090423
-11.038518 3.311414
-11.245872 1.694090
-8.406716 3.112647
-9.293358 1.493162
-9.830778 0.856841
-8.358029 2.628328
-8.932134 1.286525
-5.201455 -3.203791
-9.733442 -0.334284
-7.630730 0.034962
-7.360568 0.862769
-12.541098 -0.107906
-11.677350 3.363060
-11.381676 3.474534
-15.609963 3.457833
-13.633238 6.591481
-14.747283 9.724032
-15.117766 8.306868
-11.046814 9.289271
-8.626228 8.585576
-7.045655 9.417994
-4.894712 6.830404
-6.830156 8.287595
-7.268067 6.958265
-5.974709 10.792136
-8.859816 11.409648
-11.334660 11.705320
-9.251943 9.691392
-9.979904 8.550526
-10.568953 8.765712
