-8.923537 0.218406
-6.866934 -5.078828
8.879077 -7.522273
10.662322 -8.212612
15.474234 -12.036231
13.130147 -10.383133
16.263956 -7.960978
11.054349 -7.261205
9.821821 -4.274532
4.593727 -3.662634
7.312816 -1.070449
7.061819 -0.220040
6.116135 -3.794372
5.932841 -2.807672
5.220792 0.087995
4.754256 1.996143
4.657383 1.194604
6.609875 -0.866768
5.414385 -4.578648
11.129457 -4.770863
11.502829 -4.209733
11.619138 -4.069252
9.877694 -8.213084
12.345089 -8.831153
12.070323 -7.012765
13.167947 -8.088252
13.844738 -7.846386
14.856452 -7.557779
12.264139 -7.347559
8.887673 -5.494643
7.215950 -4.392211
9.480331 -4.044751
6.227781 -1.172556
6.101169 -0.033555
5.830872 1.815815
6.544538 0.872360
8.734393 1.823989
8.091518 1.841819
5.936458 2.058155
5.951032 -1.099733
7.288481 -1.339570
6.737729 -0.477787
5.219573 -0.311129
4.298401 -3.734954
7.874943 -4.162535
8.478890 -6.095232
8.540869 -4.175404
8.172037 -5.087550
6.397548 -5.627170
7.109622 -2.051090
6.620677 -1.673939
7.417431 -1.699839
6.028872 -2.539330
6.590919 -1.006748
6.522371 2.217463
8.489000 3.012330
10.407712 2.140685
11.341133 1.789601
15.694613 1.955715
15.482236 -1.117874
12.668872 -1.099614
13.982555 1.642509
12.583435 -1.512319
10.501198 1.733661
9.154126 1.525740
10.726616 3.472602
9.134445 3.514687
8.643708 2.280808
5.814930 -0.875756
6.620736 -1.583975
8.365665 -3.918849
11.784966 -8.055353
7.612460 -6.911033
14.277091 -13.231329
16.069496 -9.594014
17.423416 -12.558581
17.002724 -4.345161
6.334739 -4.405687
7.032400 -3.845849
8.687471 -7.373501
10.059211 -7.860603
15.685616 -8.788742
14.354381 -7.806489
13.155462 -7.102069
11.876874 -10.487384
11.367974 -5.958560
9.194576 -5.835334
10.522747 -6.856175
9.984861 -6.126704
11.670241 -8.633536
13.724274 -6.909480
12.210980 -7.745988
17.303192 -9.331511
17.023005 -5.399396
