-9.831029 16.560511
-7.743273 7.785090
-7.055924 8.490629
-6.960968 7.548651
-7.325827 6.290138
-7.489374 6.442424
-5.794809 6.583023
-6.747337 6.498478
-7.153068 6.920710
-7.258020 6.553873
-5.732837 8.930483
-7.934344 6.665003
-7.574704 6.075815
-12.175617 8.548119
-7.534327 6.886681
-6.152469 7.359597
-7.006291 8.151856
-7.220698 5.965784
-8.801115 9.897756
-9.213591 2.016471
-7.953070 8.044516
-5.758810 7.753669
-7.910384 7.495756
-5.632821 8.312522
-9.312597 8.891095
-5.860047 7.046577
-6.117461 7.901528
-4.239390 7.343013
-6.206191 6.612457
-6.719593 6.308881
-7.583334 8.586946
-12.204128 8.875067
-13.401009 6.734170
-6.962583 -0.344814
-4.878784 -0.085124
-3.684861 -0.164351
-2.997905 0.687196
-8.660652 2.709376
-8.130384 0.490938
-12.350111 -0.005594
-11.833989 0.198464
-8.594686 2.773219
-9.315105 3.479800
-3.331817 7.149041
-2.437355 6.704198
-2.249407 2.703308
-0.895266 1.547996
-2.940984 -1.293114
-5.528497 -0.068340
-4.414790 0.425441
-3.099532 0.897739
-5.887171 0.921253
-7.946494 7.470033
-7.351818 6.478565
-7.065095 6.491167
-6.742053 6.590421
-4.769975 0.517464
-4.702093 -1.191155
-7.485287 0.548754
-8.210855 3.348441
-7.949047 8.369364
-7.457094 9.145400
-6.998157 7.335713
-7.703846 5.988967
-9.608831 0.744465
-10.475471 3.251005
-9.425747 3.344992
-7.627578 7.898361
-10.603170 9.655815
-15.757520 11.517206
-14.626671 7.646834
-10.729283 9.314721
-11.067371 9.364815
-12.737781 8.701280
-10.378023 9.094270
-8.700352 9.877366
-6.434932 6.940604
-7.029993 6.013306
-6.982520 6.659231
-13.731102 5.335154
-15.995075 7.252300
-13.822165 6.359377
-13.886990 10.386906
-11.843642 9.294913
-10.282860 13.270524
-9.404202 9.248390
-8.443527 10.448038
-9.783024 2.961803
-13.622244 7.005277
-12.447243 9.007031
-8.212868 9.614224
-10.087290 2.572536
-13.682955 0.846273
-15.529724 7.904857
-12.977911 7.968315
-14.515813 8.275828
-12.164204 8.918764
-10.758048 9.281616
-6.427682 6.062757
-6.970171 7.774644
-6.828773 6.172627
-9.986372 2.420321
-10.982014 1.496625
-8.434884 0.281255
-8.047820 -2.113721
-8.240791 0.197249
-11.157197 1.198561
-11.342112 2.322044
-14.716294 9.818163
-11.839723 10.202110
-12.152944 9.095227
-13.511120 4.967620
-15.861758 3.059138
-16.235909 6.084510
-13.242581 5.747485
-13.837858 13.062591
-8.885294 8.576848
-9.647741 9.752505
-11.389553 9.169784
-7.073997 9.937340
-7.951698 8.416715
-6.673767 6.489253
-4.387569 7.542647
-5.902222 7.955958
-6.811502 8.307445
-5.711632 7.897084
-5.009964 7.513971
-7.455281 6.865022
-7.403831 6.880399
-4.579902 6.053529
-5.742575 7.793681
-7.534423 7.861897
-6.978973 9.076678
-8.667868 8.525720
-10.968807 9.658013
-8.149864 8.513583
-5.098542 12.021905
-7.128576 8.125446
-7.726321 9.161153
-8.944282 8.611288
-7.773048 6.591052
-6.895146 6.986147
-6.644842 6.028770
-5.706982 7.382261
-3.484801 8.040547
-6.177722 6.262083
-6.837245 7.009948
-5.902205 6.214576
-4.511527 6.263539
-2.177275 5.786694
-3.103971 3.979164
-2.335367 4.183189
-1.629443 5.142900
-2.067383 4.607369
-3.151249 5.582583
-2.566445 5.422659
-5.660126 8.388906
-3.873361 7.304935
-2.245603 6.822409
-4.118721 6.212703
-4.362231 6.207422
-3.987022 5.941951
-4.754761 5.950342
-4.886236 6.514067
-5.633225 6.016828
-1.826119 3.798166
-2.997922 4.340399
-1.866268 2.276899
-0.808381 3.859832
-2.907919 5.499984
-3.071589 2.271705
-2.606084 2.072990
-2.845765 5.331216
-2.030740 3.726594
-1.299194 6.506198
-3.472508 6.789781
-5.025335 6.209459
-4.389899 6.525160
-6.483384 6.913651
-7.302993 6.010370
-4.061432 6.070306
-2.410068 5.814875
-1.385436 3.368173
-0.972677 2.883094
-2.063997 2.906793
-2.950276 2.073372
-2.421957 2.655891
-2.887547 5.282485
-2.981074 5.437955
-2.545718 6.985569
-4.169522 6.709689
-2.723722 6.562373
-3.866653 7.135256
-5.614923 8.127163
-3.502059 8.010009
-3.780823 6.024102
-4.230256 6.950936
-7.044792 6.147757
-5.805486 6.067081
-4.692975 8.111398
-2.420099 4.911520
-3.093722 4.849413
-3.176492 2.075991
-1.896520 2.298587
-1.768888 0.748420
-6.206860 0.433839
-5.087193 0.429517
-3.743126 0.753122
-0.404245 3.571756
-0.963352 4.281355
-2.711981 1.457538
-2.870474 2.480019
-2.648690 2.176624
-3.168699 1.634630
-2.415852 -0.317654
-4.262288 0.896740
-3.929004 -0.644964
-6.270923 -0.732578
-4.388006 -1.344769
-3.083208 -2.257252
-3.132190 1.269039
-5.214785 -0.047190
-4.323620 -2.718853
-7.905065 -1.182662
-9.193243 1.443994
-11.135920 2.237879
-9.434869 2.523341
-14.689384 6.144989
-7.689606 6.822919
-6.281974 6.083936
-5.584686 6.852684
-5.543016 7.815221
-5.680090 7.525004
-5.218259 6.808529
-4.110582 7.094208
-5.218058 8.939681
-9.454977 9.069753
-12.447718 0.744419
-12.423699 1.405831
-5.228451 6.694870
-7.599032 8.028810
-7.906914 7.350327
-2.425599 5.390261
-1.998658 3.707862
-5.255524 7.483700
-3.208818 6.638526
-4.826347 6.212461
-5.962807 -0.189126
-5.625126 0.547672
-3.099791 -0.272584
-3.044432 2.219371
-1.950355 3.833501
-2.462996 5.113913
-1.613822 5.253129
-2.567285 2.180148
-3.957095 -0.023495
-5.070041 0.181288
-5.903028 -0.293701
-4.841643 -2.467937
-6.630258 -5.269812
-8.865585 2.172142
-10.351375 -2.119625
-7.281375 0.166996
-5.735489 0.490326
-4.222960 0.816310
-4.514193 0.194812
-4.550441 0.442643
-3.214800 0.562520
-1.782473 2.155427
-2.388518 -0.040744
-2.186876 1.526948
-3.015057 1.308975
-2.827286 3.078921
1.069689 4.210431
-1.965765 3.310981
-1.507531 2.892726
-2.657341 3.455842
-2.272218 1.270563
-2.025006 1.565209
-1.544641 0.920538
-3.886579 0.581658
-3.454747 0.862229
-5.146254 0.840580
-1.137028 0.179956
-2.913068 2.660778
-3.127796 4.190265
-0.983130 4.393047
1.385116 3.330191
0.105827 4.159682
-2.563725 6.653716
-5.665489 6.419052
-6.020783 7.536651
-7.111648 6.478731
-7.322516 6.716290
-7.391034 6.264866
-7.415359 7.203856
-5.249688 7.507786
-4.902347 7.253434
-5.941772 7.366236
-4.111558 6.508333
-10.230078 1.133441
-8.662607 0.632660
-8.198986 1.080254
-8.793623 2.025915
-8.964869 1.966272
-9.881455 2.611289
-9.066458 0.831175
-9.291284 1.560037
-12.423899 2.469453
-15.590310 2.350086
-14.299690 0.609751
-11.444546 2.618603
-8.734727 2.005450
-8.103185 -0.433614
-10.997007 -0.280499
-7.959042 0.831068
-7.880710 6.292382
-6.992366 6.661983
-7.173829 7.080130
-4.694467 6.898354
-7.211301 8.771070
-6.204750 7.359260
-5.585482 6.505037
-11.118047 3.386371
-9.200233 -0.223205
-11.075544 3.382594
-7.466984 8.079871
-7.518061 7.740916
-7.414829 6.518532
-6.484725 0.192044
-4.953108 0.022944
-2.891233 -0.092950
-5.602122 0.773160
-5.474319 -0.328518
-8.881735 3.240976
-14.137909 8.054311
-12.055881 8.924745
-10.999758 8.994746
-13.338871 0.744455
-12.746455 -0.900993
-11.244961 2.565735
-8.790500 0.713892
-8.694584 3.341964
-7.387392 7.809995
-5.605547 7.193010
-7.947561 5.947928
-6.982450 6.174739
-7.154012 6.634371
-8.002167 9.798856
-11.160715 10.613528
-11.705751 8.729912
-17.895439 7.802570
-16.372021 8.050939
-15.312319 6.571472
-16.446606 4.187164
-14.426549 4.287524
-13.575450 7.189110
-12.126396 8.976744
-10.257146 8.807256
-8.564459 8.802205
-7.046710 7.618298
-4.355602 7.530474
-4.282034 6.720440
-4.386677 6.316786
-6.799852 8.914589
-7.766197 6.420681
-6.810326 6.212871
-8.775838 2.977474
-8.262318 -0.420339
-9.532887 3.171022
-8.893576 3.338488
-11.007798 1.777070
-11.789189 3.330178
-6.873724 6.873121
-7.165959 6.184706
-2.410521 7.843684
-1.782361 3.071318
-2.612441 3.352654
-6.639897 5.987293
-7.093258 7.464069
-6.418138 6.560065
-7.752092 6.902634
-7.196016 6.374855
-9.547384 2.466928
-10.968161 2.452401
-10.082849 3.053976
-6.749340 7.029202
-6.536328 8.512390
-7.527042 6.739552
-5.752723 8.375852
-6.740341 6.613996
-5.167480 5.974016
-5.583420 7.170435
-6.611575 7.343726
-3.804657 8.945415
-5.788739 8.218690
-8.588586 8.682810
-6.640520 10.294106
-6.661790 13.246321
-13.285059 4.438746
-13.387545 1.354138
-9.226891 -0.068492
-8.343084 3.322668
-8.894121 3.304497
-8.454706 0.383090
-6.351509 -2.302356
-6.531487 -2.176016
-4.724530 0.930467
-3.174417 -0.492281
-2.860991 -1.222451
-2.519899 0.178224
-2.644178 1.276980
-2.528551 3.591226
-2.980129 2.136909
-2.137144 4.413140
-3.533495 6.013101
-7.448750 8.481286
-8.849312 8.682139
-7.284117 7.039984
-3.849601 12.881766
-10.019287 9.094874
-11.102414 1.427955
-11.087212 0.799026
-8.592632 -0.127650
-9.252340 1.745553
-5.232908 0.280287
-8.100528 0.600472
-8.999203 2.622105
-4.296178 -0.231442
-3.882884 -1.488542
-3.672317 0.781577
-5.251367 -0.068622
-5.037945 0.759924
-4.552248 -0.006964
-5.800303 -1.948313
-9.469953 1.513088
-8.759501 2.373672
-9.709620 2.145786
-8.765579 2.806487
-9.267511 8.606075
-7.935736 10.524944
-5.679663 7.849382
-7.093719 6.416530
-7.778050 7.659752
-7.412404 6.517497
-5.475955 9.594304
-6.178027 6.377870
-5.831890 6.511741
-5.803536 7.611641
-2.587452 7.899288
-5.385962 7.491017
-8.851206 3.005484
-11.531634 1.509903
-8.810571 1.709775
-5.416177 6.425552
-4.339864 8.207854
-4.402296 6.331804
-7.294797 7.420824
-7.267369 6.864630
-7.008164 8.620496
-6.371828 7.995903
-7.376414 6.795005
-6.426064 6.754926
-5.493296 6.046422
-6.737774 6.022535
-11.864368 3.053156
-11.150860 2.622779
-13.174414 5.866777
-13.087465 7.493681
-10.661439 3.106912
-7.268881 6.366096
-7.729156 7.070937
-5.102228 6.525947
-12.539040 11.156175
-16.195396 6.380651
-13.588465 8.270128
-14.322094 2.923678
-14.574041 2.923713
-10.143650 1.412478
-11.681561 2.206866
-9.881320 0.346200
-8.801558 1.798318
-9.640167 1.750807
-8.381403 0.876069
-7.293293 -1.359457
-7.074018 -2.706985
-7.770977 -1.888889
-6.576498 0.656540
-6.204148 -1.309381
-3.247545 -0.633936
-8.069759 0.760171
-9.412668 0.667327
