-2.164045 19.069628
-1.320524 11.892480
-1.592791 7.089584
2.170283 1.877936
3.793067 -4.599638
4.302397 -6.607541
3.768365 -7.522939
-0.214293 -8.837758
2.380822 -9.135078
1.507503 -13.287745
7.770759 -16.095387
3.088388 -13.505912
-0.126183 -10.483709
2.635859 -9.394473
0.789773 -9.088087
-2.408668 -8.066911
5.653778 -7.675000
8.068911 -7.099262
5.184659 -8.121945
3.413111 -8.184168
4.243497 -5.411400
2.214044 -7.316455
6.418355 -14.248208
1.901791 -12.707420
1.858667 -14.179300
7.843666 -11.225135
9.183669 -11.606423
7.855389 -9.262824
8.497814 -6.092978
8.371279 -7.637630
5.098802 -6.442394
1.638169 -8.453348
1.269663 -10.132726
0.566726 -9.676850
0.841282 -11.398083
0.259538 -10.761368
0.115237 -12.620032
2.811355 -9.442645
2.580486 -9.216258
2.361409 -10.262891
2.328171 -7.567450
1.826089 -9.916729
0.600023 -9.286407
2.694832 -9.718020
2.795779 -10.651885
2.456260 -13.084121
2.273409 -10.564170
2.648840 -8.745288
1.178501 -9.146920
0.025325 -12.869597
1.791538 -9.653773
1.129827 -9.858736
2.776262 -10.888844
1.492777 -8.725965
4.521681 -7.879690
3.690680 -14.747964
10.966189 -14.980075
8.509482 -13.561385
9.894887 -11.614964
8.730150 -10.201632
7.705551 -5.042418
3.771270 -7.946449
2.822089 -7.488852
2.372622 -11.996568
3.366292 -15.583556
5.640737 -16.922382
5.032673 -13.835353
-0.974011 -12.715072
1.993102 -8.119375
2.425379 -9.221582
2.036387 -7.417261
6.166941 -7.565086
3.613940 -7.202328
1.179624 -7.075960
2.628423 -9.792653
2.163938 -6.637642
11.363914 -6.384689
8.428467 -10.479629
8.316648 -10.535997
8.244795 -6.837615
7.280370 -6.336300
7.407187 -6.594069
6.527386 -6.079154
3.984639 -7.421586
0.603384 -6.459213
1.541920 -12.778248
1.945244 -10.408267
1.904655 -11.082549
1.067582 -9.833231
1.844845 -10.516053
2.704344 -10.708843
2.602597 -10.121655
0.759134 -10.590321
0.564011 -9.005890
1.927332 -10.520007
2.610173 -12.488505
9.257110 -11.600307
8.621879 -13.412625
10.494823 -11.057175
8.769865 -15.964612
8.102324 -14.321557
12.551352 -16.610950
7.973667 -15.963220
14.046798 -13.887513
9.269148 -10.691463
11.582992 -9.759138
10.261348 -9.997390
8.928148 -8.173459
1.606249 -10.488034
-0.331308 -13.103562
7.056360 -8.084960
6.393604 -7.883922
5.353860 -7.796756
5.066189 -6.424607
0.697981 -9.022556
0.212456 -9.377894
3.779914 -4.868587
3.664224 -8.143241
4.920301 -7.413179
1.319037 -8.329825
0.485318 -12.083581
8.278625 -17.190493
3.852367 -14.087638
4.302296 -13.545456
7.508037 -14.902324
9.148989 -13.250001
10.301305 -15.046914
6.946605 -15.596783
2.233998 -15.545269
1.956821 -11.366355
3.222434 -4.601232
3.563855 -8.002755
1.566203 -7.963507
4.042763 -6.792548
1.621057 -8.088828
-0.009796 -10.456933
2.447870 -10.517434
0.625460 -11.150996
0.701830 -10.611300
-1.569451 -13.373399
-1.137228 -13.874983
3.660601 -6.402292
6.381255 -6.604346
4.311158 -7.872796
1.870246 -7.006228
1.659157 -11.252206
2.499888 -11.124726
1.506193 -11.176992
-3.479885 -11.525350
1.945492 -10.114337
0.876108 -9.186641
1.094083 -12.381431
2.995656 -7.691620
0.851735 -14.142593
4.623869 -13.603395
9.938524 -15.013946
10.693796 -11.536286
6.320570 -14.756150
7.948341 -14.795113
4.228285 -13.244529
1.500560 -12.817594
1.733899 -10.622544
-1.892889 -10.056823
2.498840 -11.529963
-1.055548 -8.664094
1.915130 -9.299613
0.929536 -7.655882
5.106811 -8.141572
8.080016 -6.786998
8.200713 -4.293723
3.877104 -8.114876
4.676362 -7.915515
3.469239 -7.747288
1.162112 -7.903179
1.747743 -12.543456
2.428509 -11.226298
-0.074365 -9.703296
-0.235427 -10.219777
0.909061 -10.644164
2.035944 -12.404974
1.024498 -9.947976
2.379186 -11.237437
2.471222 -12.787931
-2.732845 -13.965892
6.533990 -13.843096
6.885088 -14.345399
8.552538 -13.147250
10.471408 -13.241337
8.813214 -16.072472
