16.113268 -18.796846
10.373167 -13.912249
9.497896 -9.170573
4.144078 3.820566
3.790945 5.104863
1.826949 5.431878
-1.404936 5.290549
0.482746 5.726305
0.946096 4.953543
0.805640 2.587322
-1.091797 6.215781
-1.194546 6.015660
0.326888 4.285631
1.541010 5.740757
1.234257 5.813120
5.771769 5.275978
5.849181 7.132163
6.373560 7.796498
4.578584 7.137258
4.828732 4.814361
3.310088 4.490611
-0.079632 5.905440
-0.325870 5.410059
2.473567 4.549759
5.353567 6.615085
4.464201 6.724863
4.441772 6.009609
2.901437 4.822613
3.423781 5.668957
0.799989 4.302958
1.307797 4.639270
2.478609 4.648436
2.067910 5.311662
-0.434086 5.548231
-1.524819 6.494350
-2.972325 9.277318
-1.263531 9.772571
-1.385590 9.205611
-1.163279 7.764464
-0.482546 3.673511
0.626776 4.950455
0.307579 5.529261
0.004922 5.943952
-0.448359 4.098598
1.460058 4.913439
2.174033 3.151363
4.252533 5.545857
4.517580 6.432477
4.405964 5.906161
2.635607 5.347475
1.123607 5.669451
0.513422 4.951674
3.523500 5.605411
-0.811943 5.867780
-0.759459 8.351400
-2.105865 14.161870
0.681502 11.519837
1.381529 11.159131
0.472397 11.989112
-1.467511 15.774132
