-4.702857 1.795192
-2.067879 -0.643671
-0.275934 -2.130623
1.002348 -3.623453
2.177909 -5.508020
4.032716 -7.887635
7.929507 -9.896708
8.244549 -10.012698
8.330281 -10.053159
8.117652 -9.983300
7.929539 -9.896711
8.244576 -10.012702
8.330390 -10.053175
8.117778 -9.983317
7.929928 -9.896783
8.244919 -10.012778
8.331669 -10.053513
8.119246 -9.983678
7.934145 -9.898788
8.248640 -10.014562
8.343742 -10.063764
8.132289 -9.996089
7.952348 -9.980288
8.265021 -10.079444
8.296462 -10.493340
9.091076 -10.744275
13.940935 -14.118880
