-4.499844 19.182360
-2.541555 11.083631
-1.760553 7.111216
-0.210293 3.161728
5.877234 -7.958726
7.929113 -9.681998
7.905745 -9.671827
7.929493 -9.682048
7.906257 -9.671901
7.930399 -9.682187
7.907477 -9.672110
7.932550 -9.682586
7.910343 -9.672701
7.937588 -9.683764
7.917021 -9.674447
7.949313 -9.687421
7.932467 -9.679893
7.976075 -9.699162
7.967430 -9.697520
8.035551 -9.738116
8.043914 -9.756275
8.165406 -9.870685
8.205819 -9.957328
8.453819 -10.333680
8.552489 -10.661454
9.273139 -11.910840
10.345576 -13.050319
11.458139 -14.946614
15.038468 -19.762682
