13.320679 -5.156673
9.175318 -7.917293
8.307587 -10.261224
8.055680 -10.231503
7.863699 -10.388583
8.144716 -10.381782
7.911665 -10.392763
8.185077 -10.386328
7.937047 -10.390719
8.206247 -10.385344
7.950470 -10.389480
8.217404 -10.384702
7.957450 -10.388849
8.223202 -10.384372
7.961078 -10.388524
8.226226 -10.384198
7.962972 -10.388355
8.227803 -10.384109
7.963965 -10.388263
8.228631 -10.384059
7.964492 -10.388216
8.229070 -10.384034
2.279480 -11.152493
2.564690 -10.991193
2.694992 -10.498678
1.045963 -10.741672
-1.487318 -11.925944
-6.530824 -15.733757
