12.760933 -4.351635
12.039786 1.289340
12.011188 1.714638
12.039731 1.289292
12.011138 1.714592
12.039545 1.289201
12.010971 1.714503
12.038909 1.289131
12.010396 1.714419
12.036791 1.289662
12.008475 1.714848
12.029929 1.293909
12.002210 1.718599
12.008230 1.315937
11.982315 1.738478
11.940713 1.415799
11.922996 1.278696
11.739524 1.857675
11.702761 1.622657
10.960343 1.432021
11.078630 1.675914
9.884588 1.291627
10.019740 1.431792
9.949946 1.523779
9.734929 1.340789
9.871700 1.493484
9.657374 1.310757
9.850921 1.484655
9.636760 1.301852
9.845429 1.482121
9.631302 1.299264
9.843975 1.481410
9.629856 1.298532
9.843587 1.481215
9.629471 1.298331
9.843483 1.481160
9.629368 1.298275
9.843454 1.481147
9.629340 1.298261
6.933557 -2.311311
-7.674931 1.248428
-10.571386 2.036645
