0.052096 -10.737792
2.762951 -9.868280
8.171314 -10.170659
7.936642 -10.135684
8.171309 -10.170658
7.936637 -10.135682
8.171292 -10.170658
7.936618 -10.135684
8.171233 -10.170657
7.936547 -10.135682
8.171022 -10.170649
7.936299 -10.135680
8.170283 -10.170613
7.935422 -10.135661
8.167688 -10.170409
7.932365 -10.135489
8.158772 -10.169155
7.921919 -10.134217
8.129473 -10.161317
7.887975 -10.125684
8.044898 -10.112261
8.308987 -10.168191
7.900242 -9.771441
7.951950 -9.695260
8.259642 -9.345487
15.117547 -7.392505
