-11.036525 2.473968
-7.907543 1.704320
-4.824805 0.416666
-1.871675 -0.155132
5.214730 0.431564
6.907783 0.238789
8.595556 1.376638
8.672850 1.377593
8.597225 1.377132
8.675282 1.378291
8.600810 1.378190
8.680506 1.379787
8.608491 1.380415
8.691723 1.382992
8.624899 1.385039
8.715766 1.389619
8.660028 1.394513
8.768412 1.402960
8.736382 1.412915
8.885982 1.430809
8.909288 1.450391
9.154243 1.483662
9.304914 1.499315
9.811839 1.536012
10.254320 1.451764
10.400538 1.270102
12.183172 1.697500
12.366482 1.297027
12.414370 1.348329
12.445827 1.420983
12.444544 1.396253
12.455864 1.438888
12.448353 1.403271
12.457116 1.441516
12.448820 1.404305
12.457266 1.441904
12.448874 1.404458
12.457285 1.441962
12.448882 1.404481
12.457287 1.441970
12.448882 1.404483
12.457287 1.441972
12.448882 1.404484
12.457287 1.441972
12.763550 0.166201
14.118068 -2.224864
