-14.883553 8.113763
-8.284730 8.445709
-5.067100 8.503381
-2.641408 8.451507
-0.891889 8.155809
-0.807594 6.978830
-1.094634 6.622620
-0.951970 5.590873
-0.150365 5.414995
1.623589 5.288285
2.154426 5.843703
2.784153 5.604047
2.645446 5.420121
3.138912 5.795552
2.944552 5.389152
2.763906 5.253544
3.189251 5.692191
2.972230 5.310447
2.779859 5.192865
3.192551 5.654622
2.970766 5.282626
2.775335 5.171131
3.187922 5.641167
2.965685 5.272800
2.769684 5.163209
3.183975 5.636268
2.962093 5.269265
2.766095 5.160267
3.181668 5.634441
2.960112 5.267962
2.764190 5.159151
3.180485 5.633747
2.959117 5.267478
2.763256 5.158721
3.179913 5.633477
2.958646 5.267293
2.762817 5.158553
4.569592 8.305759
6.453967 9.761591
9.319042 11.624284
16.296955 15.907630
