-7.987813 9.353139
-4.828658 8.532681
-2.548319 8.036400
-0.869634 7.321976
-1.238110 6.065996
-0.554898 5.553752
0.062849 5.700138
1.708119 5.604008
2.553394 5.278862
3.066369 5.186384
3.302149 5.061671
3.407669 5.131182
3.479972 5.029191
3.495316 5.126382
3.525862 5.025959
3.518085 5.127578
3.537811 5.026355
3.524209 5.128424
3.541009 5.026720
3.525873 5.128756
3.541884 5.026870
3.526333 5.128870
3.542127 5.026922
3.526461 5.128904
3.542194 5.026938
3.526496 5.128914
3.542213 5.026943
3.526507 5.128917
4.468189 6.599827
6.369479 8.172170
9.123532 8.900208
