-1.821066 -12.661036
-6.112799 -9.722206
-5.194727 -8.326016
-10.266327 -8.394680
-11.132408 -9.105085
-8.357765 -8.018952
-6.862289 -8.690992
-8.455180 -10.368913
-12.338366 -8.738338
-9.250043 -8.627382
-9.725636 -8.386027
-10.997740 -8.072618
-10.665837 -9.142159
-9.422047 -9.915137
-7.303091 -9.453489
-6.427011 -5.488736
-5.583012 -6.667288
-7.067639 -7.795649
-6.739960 -7.542675
-7.068443 -7.261134
-8.354192 -10.198880
-11.071169 -9.585430
-9.782275 -8.410836
-8.733896 -8.638577
-10.271151 -9.236690
-14.013325 -9.542241
-13.747389 -5.223077
-13.165298 -7.198272
-14.945543 -5.227601
-14.482924 -4.781015
-13.518400 -5.863772
-14.054284 -3.170856
-14.227973 -1.825010
