6.310126 -13.706656
1.107045 -15.747758
2.746841 -12.292445
2.473927 -12.790530
0.797378 -10.119316
2.574317 -12.418959
1.713381 -9.288253
3.866723 -7.124677
2.076706 -7.433431
2.555344 -9.098912
2.138167 -7.878385
4.260131 -8.168691
5.397403 -7.574821
7.713979 -7.791163
4.569713 -8.043104
3.860633 -6.570908
1.733221 -9.350940
2.831958 -10.756539
1.908603 -10.141610
1.958287 -8.522952
2.001450 -9.851198
2.742896 -8.105838
0.085918 -8.009229
1.970215 -7.058397
4.740939 -6.467356
4.479221 -7.164387
5.897615 -5.267614
10.477358 -9.072503
8.057644 -10.873361
8.680184 -10.914748
8.403973 -9.823117
8.951198 -8.362693
6.663013 -7.238713
8.614445 -6.884642
13.045965 -9.414439
9.952830 -3.978148
3.807072 -7.276427
2.389283 -5.833925
3.659143 -4.272480
1.840529 -5.380701
0.722562 -1.200780
0.696058 -2.011687
1.146116 -3.873620
0.461697 -3.265318
1.864192 -4.223268
0.382959 -2.495374
1.594214 -2.291837
0.883951 -3.283173
1.759338 0.821698
1.178347 1.723592
3.710995 2.654209
1.678193 7.960350
1.336166 10.342360
