-0.716928 8.216186
-1.950176 7.665630
-2.946420 6.754248
-4.552498 6.379685
-4.835754 7.340846
-5.908553 6.664803
-5.006330 7.068187
-8.510031 9.680810
-7.467502 6.690346
-7.524634 6.017112
-7.539885 5.976505
-8.065832 4.721244
-7.744016 2.619225
-9.947596 4.252584
-2.152474 6.248690
-1.751647 7.204615
-4.018141 6.747038
-5.032144 8.639646
-5.377692 7.830500
-5.792003 8.259526
-5.263063 7.527853
-4.089752 6.412520
-2.327738 5.810039
-0.771212 3.648979
-1.229812 3.415578
0.001531 4.544281
-0.839566 4.225896
-1.053530 4.438725
-1.335104 4.394653
-3.274418 8.083512
-1.364748 7.176218
-0.720846 7.874485
-0.691996 7.381277
-1.589078 6.282226
-0.863072 6.226473
-1.869364 6.763344
0.483062 4.021953
0.367668 5.859161
1.575652 4.380393
0.661797 5.152332
0.115866 5.867599
1.419255 3.459680
0.975069 5.250093
0.309663 4.252130
1.794914 3.709266
1.453680 1.011497
1.832469 1.273423
1.672891 0.074556
0.589301 -1.957667
1.268591 -4.952233
2.559371 -4.345260
5.910409 -8.000957
7.580345 -13.184937
