19.732466 -8.773720
15.753917 -7.692771
7.735938 -7.243166
6.726122 -6.737911
4.114657 -4.305077
1.513185 -5.975094
0.830979 -6.485500
0.426791 -2.853125
0.738337 1.001797
0.407343 1.319408
1.195425 0.577300
-1.274508 0.787693
-1.678432 -0.213974
-1.280797 0.970090
-1.693669 1.058138
-2.887314 0.128994
-4.533092 0.142562
-4.365796 0.580670
-3.450630 -0.393773
-2.176656 0.252465
-0.735873 -0.035572
-1.618161 0.941304
-3.815686 0.711850
-3.421598 1.072743
-2.517342 1.001377
-1.858664 1.836015
-1.010990 0.804238
-3.099510 0.951012
-2.817109 0.724689
-2.885690 1.041835
0.280156 1.501355
-2.147025 1.771523
-1.982360 1.672975
-2.182509 2.627351
-1.566085 3.784295
-1.625361 4.283847
-2.434743 3.190209
-1.325236 6.165876
-2.265855 5.655462
-1.251934 7.046537
-2.422217 4.334971
-1.491675 3.373633
-0.988318 3.036908
-0.354433 1.272494
-1.874131 1.730577
-2.299554 3.044975
-2.269205 4.621158
-1.329413 3.395377
-0.629615 4.703155
-0.746479 5.298309
-3.420468 7.109417
-4.313078 7.032762
-4.281269 6.450665
-4.331384 6.607588
-6.527545 6.608937
-7.820595 6.420562
-8.315257 4.910749
-10.097195 1.885273
-8.296488 3.636692
-8.799078 2.879910
-9.058431 4.428340
-8.186406 1.693931
-9.279810 2.418076
-8.147326 4.751996
-10.587799 5.508189
-15.270805 7.495890
