16.424850 1.328788
15.966690 -0.260922
16.011543 -1.246400
14.218618 -1.963591
12.650534 -4.100142
9.430247 -6.225719
9.261373 -5.840812
3.719072 -5.722476
0.970144 -3.505249
0.376358 -3.091604
1.440479 -1.095869
0.490445 0.137195
-0.357266 -0.490220
0.128788 1.195133
2.770995 1.328550
4.300604 2.448996
4.272775 1.417291
3.697180 1.436473
3.877423 1.231709
3.622961 3.157440
8.377369 0.306385
7.355114 0.239209
8.127661 1.016854
4.948467 1.140658
5.189562 1.857455
4.580833 2.080547
3.302436 1.722714
4.460457 1.185310
4.388226 1.556551
4.848823 1.548130
4.396833 1.643191
6.251523 1.401175
7.658566 0.805878
7.240000 2.684676
6.568530 1.190317
7.265500 1.347615
7.197822 0.200629
7.493500 0.428498
8.034969 1.321647
7.492784 0.389322
7.430853 0.077994
6.874113 1.082065
6.575613 1.365877
5.923269 2.031100
5.138532 1.075428
6.049412 1.097705
5.410326 1.939097
4.045668 2.269577
7.036480 1.247975
4.165447 1.931682
3.804092 1.303929
4.044481 2.104186
4.993632 2.309320
0.709588 1.566326
1.150602 0.964755
2.437850 1.943630
5.765739 1.542488
2.225311 1.229465
2.999300 1.122320
4.811045 1.303690
6.901190 1.324331
6.998738 0.527074
7.649349 2.225640
4.530174 1.744633
4.832093 1.490617
4.843035 1.223161
4.484336 2.405014
5.858205 1.561951
5.738332 1.793486
5.224432 1.156282
2.265614 1.179414
1.542214 -1.163259
1.281342 -0.240058
1.706475 -0.297173
0.534203 0.814726
1.442477 -0.605471
1.576004 -2.899693
1.736794 -2.012568
1.569919 -2.594429
1.246123 -2.746772
0.995774 -1.673631
1.053930 -1.023614
1.492929 -3.031436
1.795963 -5.617868
3.021079 -5.585804
5.205849 -7.649750
4.343221 -10.180003
5.412233 -9.867465
8.495939 -8.390509
8.300930 -7.250531
9.947668 -7.488002
6.664165 -8.198014
3.936348 -11.444556
4.763188 -13.473577
6.613082 -12.713718
5.780706 -9.359636
6.970763 -7.907669
5.814871 -8.206525
4.610296 -7.888462
10.499225 -6.774446
11.109396 -3.924326
10.728938 -3.753727
14.454002 -6.071752
9.798733 -6.863426
7.754944 -7.327970
6.727420 -7.039093
7.796211 -8.242778
4.530667 -5.586808
8.616762 -8.007084
-0.973810 -8.565428
-2.003791 -9.705155
-6.489722 -18.194252
