2.899135 14.862675
2.114735 11.596782
2.314104 11.754291
1.238100 11.780689
0.949136 4.142466
0.996387 4.495937
1.424469 4.478886
0.008341 5.124979
1.251763 4.052449
2.659708 3.357059
2.857810 2.283939
4.536713 6.482111
5.113639 10.233846
5.517700 8.055531
4.779283 3.690485
1.498093 4.282083
-1.055190 6.005694
-0.837261 9.790152
-2.675410 7.678318
-0.484366 5.165369
1.381613 5.559928
1.082478 4.508498
1.863012 5.708790
1.046057 5.853563
1.237910 5.565024
1.802459 5.562535
3.533940 3.247332
1.345038 5.324074
0.995141 4.283965
-0.633754 4.131120
-1.014220 9.890676
-4.703902 10.350181
-1.538039 12.821558
1.827177 11.000636
-0.335876 11.400676
-1.682308 10.204450
-1.347070 7.552592
-3.368152 7.074756
-0.030424 4.856514
1.894220 5.766583
1.065447 4.105931
0.717898 4.225459
-0.061222 5.336448
-2.365105 5.423334
-0.985225 7.025433
-1.102288 8.676921
-1.289268 9.720983
-0.748749 7.358370
-2.484701 7.793655
-0.938421 5.405341
-1.899238 6.053008
-0.028288 3.059138
0.554931 4.993412
0.814081 5.712000
0.333666 4.709114
-1.803139 6.736341
-1.085778 4.828828
0.457934 4.006077
0.127885 5.854063
1.352319 4.950142
-2.600900 6.688752
-3.586265 6.505702
-2.735157 7.302727
-1.580911 6.807712
-2.324492 5.014528
2.053193 4.567595
0.291133 5.751404
-2.233205 5.487777
-1.612440 6.472070
-1.882424 5.011798
-2.015990 5.903179
-1.590144 6.093859
-2.130712 6.528637
-1.756399 6.006045
-1.262988 3.095768
-1.849638 3.859879
-2.367011 3.113562
-1.966823 2.268895
-1.463681 3.812605
-2.423362 2.300236
-1.861751 1.630587
-2.914273 0.710325
-2.535023 1.090769
-4.279255 1.284290
-7.380203 0.870735
-7.933357 1.508866
-7.824658 4.054672
-8.140318 2.981822
-8.405316 2.571384
-10.237400 -0.314550
-5.892686 -0.082022
-6.348409 -0.039932
-5.059727 1.291815
-4.589829 1.000913
-5.911047 0.184094
-4.420442 0.831302
-3.456871 -0.322380
-4.593597 -1.875270
-5.976578 -1.471177
-6.046330 -1.860919
-6.214364 -1.133031
-5.528409 0.637923
-5.223731 -0.381222
-6.448639 -4.650089
-8.213228 -8.304025
-13.878405 -8.317206
