6.304455 16.500282
5.378746 14.104829
4.636240 9.685170
5.259575 8.883515
4.617946 7.945899
5.210887 6.570253
3.106458 4.955612
2.288977 4.703992
0.771374 4.687621
0.603417 3.911512
0.396728 3.925169
0.603680 4.896902
-1.105384 3.724683
-1.111161 7.988120
-0.768957 6.752576
-1.194210 4.780719
0.608573 4.659563
3.021325 4.888523
2.660944 4.291959
3.150969 4.411181
3.072766 5.047933
-2.200679 3.645547
-2.229150 1.645449
-2.175659 1.276354
-3.541763 0.312827
-2.899508 -0.788537
-2.394935 1.493780
-1.872601 -0.480346
-8.605208 1.222411
-8.155953 -0.408310
-7.507691 1.963589
-8.394742 -3.803599
-7.847904 -3.912508
-11.727182 -0.934193
