-17.547585 19.888052
-9.334682 14.796231
-1.760492 10.927647
-1.724494 5.827030
-0.654991 5.469323
-0.571862 5.708478
2.652357 5.081995
3.436607 5.745025
4.752411 3.415242
3.127409 2.313611
3.769385 1.704505
4.008719 3.703075
3.243318 1.149335
3.045564 1.676313
1.903381 1.123019
-0.175742 0.409981
0.099554 -0.468858
1.597878 -1.313296
1.734701 -0.984383
0.594597 -1.745355
1.681666 1.470148
2.448646 1.423194
3.040335 1.453632
5.977477 1.674547
4.499348 1.624626
3.843104 2.838920
4.754235 1.376773
7.288849 2.566066
7.972447 3.428598
8.018294 0.606404
8.147369 0.023606
7.174677 0.047910
6.941444 0.762471
8.001615 0.518259
8.676631 0.387765
8.030134 0.198691
6.492993 1.697674
7.532082 1.250223
3.519471 1.341413
1.765766 3.120268
2.520608 1.180208
1.975636 1.727378
4.172077 1.927475
5.266694 1.870585
3.577118 2.136175
0.843094 1.121776
0.972960 0.474095
0.229098 1.572532
4.591375 1.219118
3.331449 1.996143
1.895319 2.078852
0.615782 -0.149958
1.746768 -1.394331
0.703386 -2.038626
1.046365 -3.201469
1.209778 -5.866683
2.719378 -4.696458
4.575361 -4.009529
5.410271 -6.567635
7.193746 -6.241960
11.396384 -5.999397
12.012310 -6.218925
14.411015 -7.429530
18.206310 -10.422788
