-7.594945 5.789758
-8.018111 5.112135
-9.525309 3.555979
-9.045796 2.954129
-8.937063 1.367780
-3.019658 0.929482
-5.625224 0.246162
-4.024671 -2.001537
-2.410907 -2.134203
-3.067557 0.007979
-3.290016 1.303150
-1.532438 1.290688
-4.581183 1.088782
-2.724714 -0.566913
-1.879458 -0.795907
-1.131182 0.068640
-1.618522 2.521883
-0.466642 1.413727
-0.606421 2.543593
-1.872694 2.558447
-2.470551 3.542151
-2.424772 3.767036
-1.814729 4.559448
-1.117988 5.955910
-3.339806 6.600877
-4.819098 6.534374
-4.606754 8.707391
-4.610551 6.699878
-3.863431 8.489353
-5.773424 6.943344
-4.584035 6.631032
-3.968820 7.917699
-3.400647 6.363812
-2.298007 6.306988
-1.942257 5.374908
-1.668568 2.919671
-2.048789 4.840834
-1.255071 5.040465
-1.409448 3.904623
7.871062 3.747638
8.591080 3.480661
12.884337 5.487564
13.016551 8.605960
15.310915 0.524722
