18.321569 -5.810101
10.759182 -3.210018
12.708048 -7.289998
9.314663 -7.469898
7.855704 -10.864025
7.100120 -8.468510
8.672842 -10.621372
9.251749 -10.634612
9.307868 -12.026349
9.117045 -8.065031
9.399752 -6.830876
5.488384 -8.288649
8.090734 -6.081840
8.839794 -5.775168
4.880190 -6.104019
4.245963 -4.107033
4.950812 -4.834208
1.868278 -4.458939
0.128611 -2.125880
1.790128 -1.451995
0.649164 0.236418
0.880428 1.717034
3.365036 1.589501
1.466239 1.579119
3.477184 1.170837
3.763911 1.252097
5.125687 1.583821
7.120503 1.248576
5.791886 2.406873
4.128957 2.129184
3.873533 1.701824
-3.439469 7.412350
-4.404283 8.193112
-6.023877 15.764642
