0.726924 -0.203310
-1.353442 -1.051745
-2.637907 -1.676008
-7.452484 -6.157827
-8.545258 -8.241113
-8.507075 -8.194782
-8.389407 -8.026158
-8.397131 -8.026562
-8.465872 -8.114075
-8.545282 -8.241109
-8.507112 -8.194776
-8.389473 -8.026146
-8.397270 -8.026540
-8.466113 -8.114028
-8.545792 -8.241039
-8.507841 -8.194654
-8.390795 -8.025916
-8.399998 -8.026151
-8.470877 -8.113245
-8.555872 -8.239942
-8.522190 -8.192718
-8.416910 -8.022063
-8.453838 -8.020153
-8.566982 -8.101772
-8.760833 -8.231339
-8.819225 -8.176599
-9.548891 -8.108382
-9.478111 -8.175560
-13.835214 -8.264956
