-14.682670 -1.161229
-10.236238 2.069100
-7.913829 3.753031
-5.891940 5.922145
-3.017501 7.894118
-1.465845 9.232811
-1.332897 9.617102
-1.507488 9.760367
-1.387599 10.139520
-0.845170 10.367368
-1.017207 10.346060
-1.458780 10.196132
-1.336746 10.238339
-0.799124 10.459630
-0.984123 10.370414
-1.426016 10.219017
-0.834248 10.351498
-0.844706 10.426064
-1.308065 10.235495
-0.714963 10.482539
-1.270833 10.255988
-0.685794 10.495522
-1.262048 10.260803
-1.679471 10.118335
-0.943174 10.294500
-0.911399 10.392644
0.584674 10.962301
2.007529 11.653473
4.565585 15.683189
