5.955451 -18.195814
8.063055 -11.854309
9.137435 -9.514522
9.605380 -8.487634
9.686445 -8.270630
9.529134 -8.836011
9.519944 -9.065235
10.101198 -8.075624
9.882680 -8.244189
9.788696 -8.570884
9.879142 -8.214416
9.690229 -8.704200
9.673132 -8.895401
9.810242 -8.385830
9.661746 -8.781803
9.656433 -8.949129
9.799831 -8.414524
9.657516 -8.794932
9.654055 -8.958066
9.798321 -8.419232
9.656926 -8.797082
9.653736 -8.959524
9.798109 -8.419992
9.656847 -8.797430
9.653695 -8.959761
9.798080 -8.420115
9.656837 -8.797486
9.653690 -8.959799
9.798076 -8.420135
9.656835 -8.797494
9.653689 -8.959804
9.798077 -8.420136
9.656836 -8.797496
9.653690 -8.959805
9.798076 -8.420136
9.656836 -8.797496
9.653689 -8.959805
11.217646 -4.520414
11.825127 3.636646
11.825127 3.636647
11.825127 3.636648
11.825138 3.636652
11.825253 3.636547
11.826118 3.634661
11.831157 3.613673
11.847456 3.440540
11.842757 3.672141
12.040543 3.659565
12.081478 3.422388
12.499168 3.688491
12.555758 3.779655
14.389944 0.233102
19.341295 4.378697
