-7.696765 -6.236746
-8.599878 -8.253332
-8.567982 -8.209319
-8.472329 -8.047016
-8.476754 -8.046333
-8.534002 -8.132468
-8.599897 -8.253329
-8.568010 -8.209312
-8.472383 -8.047005
-8.476871 -8.046312
-8.534209 -8.132422
-8.600337 -8.253259
-8.568647 -8.209186
-8.473593 -8.046760
-8.479397 -8.045916
-8.538703 -8.131595
-8.609892 -8.252080
-8.582502 -8.207002
-8.499552 -8.042569
-8.533576 -8.039718
-8.635308 -8.118010
-8.815476 -8.237528
-8.876444 -8.184254
-9.008666 -8.020114
-9.581923 -8.109021
-9.709223 -8.021995
-9.680500 -8.015069
-9.557343 -8.104705
-9.507679 -8.131063
-9.624460 -8.043900
-9.592381 -8.074155
-9.478211 -8.157876
-9.431440 -8.183158
-9.540720 -8.100510
-9.500457 -8.135921
-9.616476 -8.049269
-9.582860 -8.080581
-9.469561 -8.163815
-9.650560 -8.015746
-9.531511 -8.106624
-9.491474 -8.142026
-9.606553 -8.056026
-9.571379 -8.088414
-9.459060 -8.171106
-10.761625 -2.419619
-10.620939 -2.643521
-9.462579 -2.928900
-9.432981 -2.050628
