-2.266260 -16.510752
-5.693748 -10.337903
-7.532108 -7.643799
-8.070512 -8.068799
-8.070561 -8.068805
-8.070724 -8.068824
-8.071259 -8.068887
-8.073029 -8.069098
-8.078866 -8.069804
-8.098129 -8.072160
-8.162296 -8.079590
-8.381455 -8.102080
-9.214132 -8.178946
-9.291710 -8.076271
-9.522104 -8.050036
-9.418890 -8.140988
-9.556426 -8.027842
-9.449890 -8.120597
-9.372589 -8.190248
-9.473619 -8.104222
-9.388907 -8.179027
-9.491519 -8.091977
-9.401199 -8.170648
-9.505135 -8.082764
-9.411015 -8.163964
-9.515949 -8.075490
-9.419278 -8.158179
-9.524991 -8.069280
-9.426046 -8.153375
-9.532365 -8.064189
-9.431690 -8.149398
-9.538517 -8.059955
-10.697819 -2.928717
-10.515288 -2.790734
-10.150912 -2.683835
-10.006784 -1.829020
-10.388046 -0.311873
-11.932902 1.763265
-15.826324 5.625231
