3.100763 -12.679877
1.823708 -8.317911
1.010297 -4.445918
1.981800 5.947828
2.158306 5.297463
2.455443 5.744730
2.828488 5.893671
2.624820 5.624100
2.866087 5.780900
2.648380 5.510589
2.789010 5.635144
2.551166 5.357158
2.608969 5.426006
2.336447 5.138624
2.806280 5.801910
2.676344 5.733125
2.519161 5.254376
2.809054 5.701591
2.611373 5.261068
2.897612 5.707572
2.711599 5.311797
2.987636 5.755737
4.394555 9.003252
4.588832 8.974573
4.612563 9.533305
4.821567 9.486486
4.752769 9.639915
4.393930 9.849848
4.585977 9.732649
4.813494 9.640065
4.760794 9.673532
4.396935 9.881631
4.588725 9.739511
4.816967 9.645243
4.762755 9.674572
4.398718 9.882529
4.589614 9.739635
4.817799 9.645351
4.763140 9.674573
4.399097 9.882513
4.589791 9.739615
4.817958 9.645339
2.391072 11.360689
2.761591 14.682818
