15.925069 1.006122
14.792920 0.578144
10.861325 4.954659
10.116127 5.689051
9.342894 4.297082
6.384207 1.652654
6.072432 0.538625
8.330063 2.717550
7.978895 2.414265
8.708359 4.676717
10.408393 3.777227
8.373808 3.665701
10.322023 4.650463
10.165609 4.264493
10.573519 5.733527
7.442079 5.307220
10.001142 6.320902
9.329949 3.830558
9.502299 3.799511
7.813768 2.774561
8.790218 2.690026
8.916813 -0.286134
7.781285 -0.881158
8.094234 -0.919847
9.335606 4.679654
10.503925 3.866637
9.046553 6.078577
9.870133 5.627822
9.328856 4.461860
7.251017 1.947090
8.923115 1.002785
7.556815 -1.726647
9.932206 -2.588326
11.447480 -2.525551
11.276087 -4.017943
10.789069 -2.539317
10.998884 -2.040186
7.591603 -0.786663
7.537496 -2.030693
15.437523 -7.993819
12.653335 -7.637469
12.588146 -14.567132
9.339807 -14.272195
8.655081 -10.693538
8.329586 -1.882034
8.446535 -2.137786
3.088360 -3.074097
3.343798 -5.453166
4.627383 -5.394451
1.986197 -7.006798
12.760905 -13.260102
9.889585 -14.065818
5.666397 -13.769355
8.663450 -8.529842
9.329851 -14.849240
8.017999 -8.639018
8.187901 -8.501138
9.225266 -8.609694
8.021243 -13.242867
2.212804 -14.231730
3.386585 -14.008302
2.497827 -10.858945
13.036491 -7.447781
6.483799 -15.445682
-0.000986 -10.616374
2.022038 -11.801674
6.697413 -8.070152
8.525881 -9.875109
13.683639 -14.503449
9.228493 -17.038610
9.132401 -8.730603
8.688611 -7.945910
7.980774 -10.090212
-0.019560 -8.885115
-0.519272 -13.035419
-1.107598 -14.155675
5.073587 -7.724751
2.389443 -11.242272
1.544257 -11.308250
8.360056 -13.359902
8.710217 -15.155794
9.247756 -13.293913
8.451643 -10.386008
8.338663 -12.296702
4.802545 -13.370204
5.782723 -14.289060
7.016044 -13.454748
10.237072 -2.621900
7.271365 -7.978958
2.427634 -10.402333
2.055558 -9.277293
11.485327 -5.531734
5.709597 -8.136090
7.001697 -15.027072
9.018336 -11.660495
11.557386 -14.550208
8.438019 -8.092002
9.091614 -11.270511
7.867491 -10.969963
9.039990 -1.648677
8.635641 -2.297231
3.458788 -3.316514
6.019287 -5.261158
3.891989 -7.099895
3.275726 -6.000234
2.663208 -8.275166
2.488166 -11.785155
2.951925 -14.175282
0.491563 -9.473628
3.522314 -6.544821
6.153606 -8.196332
4.259049 -6.091668
5.593847 -5.275057
4.516934 -4.455409
6.052497 -2.688615
7.956614 1.449307
10.396180 3.577184
8.053843 5.865964
9.032568 2.440678
6.284452 0.141373
7.458727 1.733267
7.308039 1.835826
7.826963 2.199333
8.697517 4.485202
5.699987 -0.789089
6.832686 1.330139
5.428578 -0.265252
2.641287 -7.111985
15.378715 -0.971611
18.701269 -2.326281
13.786578 5.495815
11.238200 4.403333
11.528564 -4.272239
9.193476 -7.936038
4.729022 -7.978181
11.165194 -6.275291
15.101292 -1.610650
15.289992 3.333470
11.335024 3.662017
10.640347 4.190091
8.035419 3.970482
7.190217 0.738530
5.263498 0.535576
6.288322 1.130564
7.565998 1.993223
6.814313 1.806316
7.938294 1.518690
9.016707 4.114648
6.850659 1.289776
8.251486 2.201606
8.461563 5.767357
9.768788 3.616116
10.013185 3.981055
10.399888 3.776330
8.738856 2.730453
7.542747 2.353598
9.033088 2.503920
8.882093 -0.167642
8.797975 -1.252268
7.687987 -0.983758
6.027350 -2.922832
5.350836 -3.737891
4.649451 -2.420830
5.737884 -6.348613
5.254215 -4.171263
5.668166 -5.188125
4.465338 -2.533988
6.908484 -2.598912
5.159094 -2.660318
5.125530 -4.849907
3.301212 -4.743532
4.002001 -5.836908
2.777025 -6.683001
4.053467 -7.619552
4.929165 -8.157331
7.272776 -14.487741
3.331380 -14.314586
8.436196 -13.857532
2.879260 -13.959624
1.882659 -16.830921
0.631441 -12.935759
3.931727 -14.996334
0.537411 -10.962724
1.479605 -10.531250
2.257250 -10.013024
1.268094 -9.275733
2.116146 -10.216918
1.026477 -13.655881
0.840370 -12.457946
1.171783 -11.001163
0.112054 -9.945305
3.091435 -13.278012
1.953203 -11.398812
-0.191081 -10.348477
0.990903 -10.892007
0.383922 -12.239854
-0.434930 -10.144366
1.625802 -11.599881
2.081959 -9.752810
6.099144 -13.963795
6.623088 -15.002921
7.944483 -13.502762
9.021665 -11.447255
9.248531 -12.061978
0.976748 -13.482583
2.683314 -14.358568
8.114779 -15.430047
8.294188 -11.493855
-0.297254 -13.213463
2.096595 -9.829565
-1.220101 -15.144248
1.000707 -15.685966
4.066041 -14.036428
11.394933 -14.969350
16.808556 -17.870531
12.255755 -14.087617
10.938335 -13.523621
8.242101 -12.516684
9.211574 -8.773289
11.213449 -13.649871
14.837816 -15.509266
13.237526 -15.783923
11.038795 -13.168432
10.456303 -13.121472
6.607919 -16.053947
6.474036 -15.668637
5.490587 -16.164293
2.342898 -13.939749
4.785693 -14.491391
1.360823 -11.397865
2.131256 -9.285990
2.141237 -11.046481
0.797669 -12.748538
0.823181 -7.964321
0.146229 -9.183029
0.945825 -11.136280
0.207309 -7.736036
0.928427 -13.445786
-0.031432 -14.430703
2.785856 -10.577349
6.861483 -15.438411
5.793594 -13.430034
6.455235 -14.852033
4.894886 -14.507508
2.670834 -12.886340
2.669018 -11.442658
1.986527 -10.295823
-0.939219 -10.714864
3.163131 -6.696959
-0.378844 -10.032170
2.940785 -14.770999
5.044487 -14.801493
5.659248 -15.231632
3.640483 -13.377980
3.152260 -15.110462
1.080005 -11.103787
0.622758 -8.595918
2.113093 -10.558820
2.730970 -10.373989
1.571766 -11.377072
1.764207 -15.452985
1.773617 -11.474489
7.984230 -13.193299
8.084728 -11.696221
8.412058 -10.741523
8.015923 -9.737744
0.880494 -9.251287
0.843214 -10.940269
4.583798 -7.713844
5.916607 -7.065541
3.826083 -8.051040
5.723602 -5.752944
2.077038 -8.033401
2.696920 -10.118513
2.570535 -12.515727
1.697683 -12.182694
5.389084 -14.724374
6.062290 -13.292687
4.994400 -13.679616
6.073111 -14.433181
13.174628 -17.139643
7.953610 -12.814338
8.416138 -12.147846
8.823647 -10.373734
8.270860 -8.137465
8.231048 -8.705433
2.617788 -11.195572
0.942889 -12.083342
2.692676 -13.892983
0.455415 -13.518249
-0.808283 -12.800776
0.982487 -13.126233
4.750090 -13.890786
7.306589 -13.708932
9.168046 -16.873911
-2.508955 -13.808547
1.973488 -12.425765
-0.236099 -10.832090
2.683914 -15.753833
5.436482 -16.845350
9.849112 -18.088425
8.836419 -16.834162
8.401609 -14.103202
9.109616 -9.122519
7.965022 -10.795656
9.033923 -14.119376
7.881754 -12.134858
8.804146 -9.546681
8.287628 -9.091327
8.547221 -14.190947
8.107380 -13.165309
16.867830 -11.123906
9.064741 -11.514827
11.340771 -7.252333
12.962034 -7.678210
14.882109 -10.093110
14.642685 -10.779858
11.728189 -5.909348
11.711314 -1.879813
13.974173 -14.138421
13.056386 -13.252400
3.421407 -15.655620
6.537979 -14.563816
8.143922 -10.371764
2.622981 -7.602237
5.221501 -2.549209
7.040926 -1.905076
5.886922 -4.712556
3.830261 -5.340866
1.439319 -8.656894
2.396652 -10.115428
8.149211 -9.181602
8.297388 -9.449461
11.351743 -6.953883
8.116853 -9.729596
9.289590 -10.949042
9.177962 -13.675835
8.777562 -11.464709
8.365334 -11.097961
0.554662 -14.747292
5.379007 -13.808219
0.235122 -9.948086
2.800015 -7.555696
0.821738 -15.717570
1.709800 -11.739625
1.400460 -10.383323
9.731109 -14.886608
6.487966 -13.798789
8.085921 -9.437439
8.829269 -10.934663
7.918651 -9.485901
2.428597 -11.377486
2.197781 -10.241071
0.956687 -10.558671
2.422855 -12.109645
2.694829 -10.442544
0.154961 -11.418399
5.996139 -13.203060
6.122283 -13.291485
11.395168 -6.882807
11.176384 -7.372873
15.407416 -8.052450
7.969437 -10.084777
8.707513 -8.337967
8.440681 -11.007046
0.676652 -9.815760
2.704726 -9.577587
0.938062 -8.742382
9.146364 -16.018017
6.854860 -13.277281
8.674027 -11.784358
7.933457 -9.249609
8.651642 -9.859271
8.792002 -8.788215
9.266051 -10.148940
8.074685 -13.002799
9.294278 -8.721779
9.276443 -10.123013
7.603161 -7.837921
7.861099 -10.756800
9.518785 -15.419404
6.883644 -14.552836
8.799325 -16.422991
8.306099 -8.162714
7.993147 -9.019698
8.467189 -9.774369
9.120531 -12.378720
12.667791 -14.917504
15.233912 -17.413427
12.150524 -13.589595
13.741079 -15.744609
5.540317 -15.533395
-0.735083 -14.175374
3.339478 -16.088869
2.825256 -10.234988
2.215523 -10.408176
-2.633054 -11.900906
6.632789 -17.174232
2.798727 -15.634240
8.468305 -14.364121
8.489125 -9.053537
3.075830 -6.612058
5.201118 -7.203459
3.027034 -7.903234
6.109274 -8.083804
7.980951 -8.334872
9.268764 -9.220945
8.540718 -10.949224
5.142340 -6.504317
6.031071 -7.731211
4.675992 -7.870455
1.453695 -7.835239
3.811777 -7.638031
1.705461 -7.789344
0.681356 -6.422287
1.707025 -8.581046
1.094760 -8.250963
-1.144694 -11.107309
0.437045 -12.958148
8.436528 -11.769004
6.896887 -13.331033
7.144183 -15.878930
1.682749 -12.858933
2.083088 -12.365668
2.548438 -13.282618
9.152744 -16.015806
8.193483 -8.117027
8.602018 -12.873874
8.251726 -10.971161
8.718907 -10.707112
8.796913 -10.314806
8.141109 -9.855994
9.299355 -10.815479
7.104871 -14.727750
15.525839 -16.193460
13.726546 -13.636407
8.695115 -2.450119
10.259481 -2.220089
10.697306 -2.065772
9.674255 -2.400599
8.553775 -10.080569
9.278232 -8.002225
9.752798 -16.559982
9.808443 -18.291731
8.462196 -9.824863
4.242283 -14.485750
0.002587 -12.097413
0.942149 -11.696588
1.492302 -11.042408
8.019277 -15.261079
11.364342 -12.965692
9.302716 -9.115433
8.527555 -7.838669
2.724475 -9.369928
2.537754 -8.258318
9.049720 -11.505895
8.552729 -11.412802
8.929025 -10.366039
8.453478 -13.510037
9.205863 -12.661349
8.081514 -9.167241
9.606389 -14.316476
7.503379 -15.460872
8.379423 -13.393689
8.666172 -8.140246
7.893416 -11.640945
10.944438 -16.278864
11.493977 -13.826525
7.205323 -13.602666
7.844240 -11.472791
1.862664 -11.765506
2.543101 -14.784219
4.967374 -15.354943
8.060204 -17.619265
8.875040 -14.179239
5.155858 -14.696440
4.320089 -15.341749
1.781590 -12.221169
0.296661 -14.404993
4.638720 -13.400670
4.265305 -6.814229
7.096728 -7.992192
2.287630 -11.758565
5.139728 -16.127661
5.611191 -13.544000
5.436410 -4.855180
5.585783 -6.453758
9.013471 -10.461270
9.463737 -13.571823
5.481249 -15.671462
6.067932 -14.054643
3.218279 -13.792628
0.627125 -11.431710
0.288866 -8.245564
2.982951 -7.687279
3.746145 -7.951058
4.223032 -7.327700
3.673411 -7.830607
4.652138 -5.686973
5.399102 -7.073944
6.036899 -14.398116
6.858326 -15.012015
4.327778 -13.277620
12.074606 -13.526298
12.419091 -15.232555
13.484657 -16.231960
13.863680 -15.808390
12.579924 -17.416527
11.210455 -16.347635
10.356201 -14.107923
8.855902 -14.246104
7.819587 -19.312304
1.110379 -14.278588
8.241270 -9.933814
3.893736 -17.830648
2.395512 -12.151073
1.211240 -12.072771
0.775289 -10.450541
1.718773 -11.672072
12.901478 -14.144271
9.389065 -12.875085
8.303307 -7.916945
5.212187 -8.099160
1.253138 -5.572091
2.399550 -8.305341
1.075709 -8.689706
1.986330 -7.411308
8.809312 -13.634467
9.178497 -11.720401
8.896744 -9.487151
8.649118 -9.317307
9.292765 -10.940187
11.828043 -17.506853
13.130610 -16.962915
7.980188 -11.543262
5.046340 -13.595644
8.817652 -18.452745
8.957148 -18.494493
3.951830 -13.781472
1.859468 -11.656116
5.933063 -7.919771
12.903811 -14.467778
9.222740 -12.399791
9.463064 -14.248615
7.056757 -13.395836
1.075760 -13.617381
3.735857 -7.810690
6.818164 -8.016159
8.514345 -7.887016
8.133872 -8.601880
10.727347 -14.635653
15.373945 -15.532100
5.984962 -13.405794
6.162779 -13.941138
9.000793 -14.785978
5.349484 -7.091977
5.357596 -4.231858
4.371180 -7.253370
7.922055 -9.280617
6.659259 -8.101691
4.954055 -7.550386
6.506000 -8.075660
6.011246 -14.521081
14.378902 -17.026140
13.447477 -14.473443
8.126623 -11.327076
6.525527 -13.845658
8.044930 -10.999489
9.569378 -13.149976
9.687721 -13.020366
9.808752 -13.885139
4.034345 -13.866942
8.630272 -10.167293
9.377621 -11.251985
8.132127 -9.652478
8.426591 -9.145118
8.924080 -9.196114
9.295586 -9.576660
9.290253 -11.481222
7.940195 -12.354871
4.633698 -13.761134
0.542074 -13.569274
1.169458 -11.392260
0.967155 -11.025408
2.028531 -12.098405
2.485574 -15.369256
2.381130 -14.964847
6.783289 -13.621725
16.647575 -13.860475
13.513416 -12.945244
3.201817 -14.917202
5.498837 -17.687864
5.395994 -15.687507
3.370301 -14.646316
8.457394 -14.533643
5.477381 -7.852949
2.594255 -14.595040
1.476876 -14.392703
-0.855390 -12.567444
6.246291 -14.729770
12.270503 -15.151116
9.789276 -17.788204
8.314285 -13.517632
8.859931 -8.572937
4.272056 -15.389747
2.347241 -13.463229
2.103786 -12.425452
10.596615 -13.660614
10.879951 -13.273267
9.907607 -13.690895
11.888988 -14.993453
14.961682 -14.346751
9.104218 -11.043575
7.927350 -9.702952
2.244641 -12.896155
2.527895 -12.674576
2.258581 -10.948942
2.605244 -7.759569
2.406791 -7.920252
2.789362 -9.451973
2.858773 -6.785071
2.176081 -7.831628
2.053805 -8.138888
-1.125440 -8.521461
2.732533 -9.361224
1.976655 -10.991956
-1.582675 -13.138663
5.884077 -6.205046
4.130691 -8.063262
-1.415787 -16.654160
-7.659293 -18.208113
-3.982280 -16.835398
6.969331 -15.747767
7.999805 -14.417280
9.042656 -8.620420
8.709739 -9.755227
8.953737 -14.349015
1.753466 -10.605438
0.791701 -11.224179
4.823212 -8.179564
6.760442 -7.822120
5.355905 -8.003886
4.411245 -7.313365
0.394271 -6.428266
2.789826 -10.252399
0.300951 -8.818303
-0.375855 -9.105000
2.558569 -15.771966
0.323843 -10.420914
1.563789 -8.787172
1.563012 -6.207046
2.306561 -10.202621
2.761204 -10.030282
-0.009310 -7.678493
3.951236 -7.025950
4.866484 -7.686451
13.920922 -13.592290
11.519281 -14.373191
8.650710 -10.881843
7.876092 -10.795092
1.345217 -17.971100
2.656087 -15.789960
1.565436 -13.430520
0.217992 -12.090219
-0.033940 -11.212811
1.007791 -9.012830
1.307702 -11.785362
8.661609 -15.605880
1.618987 -15.161012
4.079356 -19.422327
5.424406 -18.242163
4.549492 -14.510961
5.860504 -15.749925
4.555204 -13.585672
2.180960 -12.902829
8.575033 -9.853478
9.301394 -16.972807
5.780163 -15.034349
9.921608 -13.647201
15.479688 -17.496368
15.390446 -11.227782
16.875265 -10.394185
11.521937 -15.653564
8.122723 -12.240012
9.073193 -13.149252
9.197062 -10.474888
1.793658 -13.419680
6.498443 -14.551257
1.073918 -18.030664
1.088757 -11.757220
1.729042 -13.783265
3.850154 -14.521242
7.962616 -15.598812
7.336782 -13.421699
12.256795 -14.110673
16.208084 -18.597515
3.412207 -16.648899
8.353042 -11.276874
9.044399 -10.111018
6.941889 -7.860388
7.895206 -12.690673
10.131035 -15.962256
1.050922 -15.729365
1.102011 -13.508219
4.516370 -7.831697
8.361215 -8.718803
8.343306 -8.668434
7.963142 -9.374948
6.436915 -8.091917
5.354181 -8.030644
1.990730 -9.706349
1.490805 -13.681834
0.765247 -12.185115
2.139105 -9.495487
2.441785 -9.625056
1.395953 -8.491220
-2.183353 -12.273329
0.329235 -10.544156
2.185753 -12.908875
2.050869 -9.715783
2.968525 -7.630531
1.222448 -7.927112
2.826300 -13.606668
5.318835 -14.207739
6.673697 -14.078856
8.176439 -11.963407
8.397557 -8.345258
8.607239 -9.317127
1.875361 -12.444438
1.878075 -9.112684
8.253996 -10.014237
8.925839 -11.119142
6.670968 -7.995122
5.390656 -7.938825
3.503301 -8.055054
-0.597605 -8.407163
0.078014 -10.347995
-0.553849 -11.555345
1.903597 -8.795409
5.308973 -13.685083
6.035387 -14.303359
7.900294 -11.944680
8.041557 -9.363593
5.216648 -7.278285
4.288869 -6.916743
5.819087 -7.389461
4.454894 -4.879123
3.810395 -4.430074
3.658695 -8.160233
-0.515503 -8.646666
0.945272 -9.432391
-0.818319 -10.753860
-3.465651 -11.888645
-1.936565 -11.365475
4.046762 -14.555810
2.815554 -13.752934
4.492344 -13.798059
-0.722328 -11.415504
2.608188 -9.575048
-0.192785 -8.323433
1.397360 -12.695697
2.647022 -6.637375
-0.089669 -8.809728
-0.064916 -8.937521
-1.447723 -13.504744
2.633548 -11.471929
1.681683 -9.432327
1.368425 -7.663898
1.652391 -7.474538
8.612130 -11.828005
8.138182 -11.421371
8.567846 -15.060109
11.142038 -13.180156
9.075600 -15.542674
11.167341 -14.731596
13.481258 -15.103101
9.269796 -14.303889
12.632318 -15.925712
9.951747 -16.273493
8.598979 -12.242197
8.458884 -8.900781
9.284706 -9.045352
8.770837 -10.265383
8.160006 -13.287848
5.205183 -13.254636
5.460314 -6.454543
1.509292 -7.395188
2.800194 -7.645411
2.675707 -10.647000
1.501976 -9.224381
-0.951263 -10.376039
0.201473 -10.950212
2.828675 -11.446001
2.362675 -13.055937
1.283350 -8.509089
2.598592 -9.414681
9.622206 -14.026759
6.357810 -15.083339
2.219229 -13.008040
5.876973 -7.115942
4.962846 -7.532032
3.818691 -7.613650
5.982495 -5.554874
11.196339 -5.955210
8.244493 -12.107300
9.167727 -12.494628
6.181503 -7.998882
5.372183 -7.706118
9.747563 -13.189066
3.012535 -14.128402
2.353863 -12.211828
5.021791 -5.501973
13.581216 -7.661533
0.780668 -10.339110
2.558870 -9.356019
2.558924 -11.077249
5.057989 -13.963927
11.701810 -18.418455
11.227547 -18.010445
10.684397 -13.361072
8.521084 -12.554101
8.701159 -10.686838
2.376436 -13.865413
6.207344 -14.449417
7.015480 -14.026792
5.670104 -13.362341
5.580967 -7.575788
8.747671 -8.978244
11.835115 -17.092730
12.537296 -13.338612
5.906254 -13.490652
14.443599 -8.805545
14.684546 -10.013917
13.934995 -7.420767
18.067883 -11.114991
16.026592 -9.301265
17.864752 -9.014464
11.410673 -7.257453
9.315741 -9.355531
11.539037 -5.979590
11.171436 -7.135409
11.384527 -17.726980
12.902201 -18.299063
8.809126 -13.217861
2.733510 -11.805904
8.937403 -9.624391
15.201150 -10.006363
9.809964 -2.127882
6.968248 -1.712717
6.712017 -2.274417
6.302562 -2.051109
6.060168 -3.163405
5.498554 -3.660793
4.105690 -6.621409
5.423795 -14.446561
2.692786 -14.903163
2.115219 -9.982770
2.799427 -10.319276
2.348835 -8.058484
3.220740 -5.006141
-1.015956 -10.985505
3.549323 -14.018813
8.187019 -9.170329
2.179005 -10.571033
4.181039 -13.816537
8.194340 -14.883619
7.647983 -14.941030
11.225430 -5.862353
2.676663 -9.285985
4.549202 -15.900708
1.512514 -12.868476
6.128023 -7.490882
6.096867 -7.832533
4.413732 -7.049514
5.227981 -4.755807
2.225229 -4.642864
2.756410 -9.432145
2.525532 -9.852953
2.784321 -10.294582
4.614357 -7.665055
5.612403 -6.631450
0.580423 -10.951295
2.670623 -9.351924
1.954160 -8.220485
0.601329 -9.834846
1.924209 -13.255114
11.464323 -13.185149
9.153430 -13.213612
5.146000 -14.211881
7.929426 -13.341501
5.908820 -13.889650
3.018458 -14.924829
-0.444770 -16.603895
1.836655 -9.740841
5.261302 -5.399424
5.810921 -5.110443
7.759754 -13.453071
7.271601 -14.665027
7.508563 -8.133074
8.412026 -10.558308
9.250135 -9.900434
9.009462 -11.943744
6.429986 -17.193930
12.526674 -16.080835
13.885756 -14.950732
14.754003 -11.567233
15.598425 -7.295288
14.188789 -7.528600
19.340321 -14.609382
15.905910 -10.990988
9.300841 -13.784586
8.037343 -7.924192
-0.964242 -10.524396
1.657256 -14.357153
3.851530 -7.953274
2.538670 -7.966203
4.465283 -8.038192
5.991208 -7.445103
4.516974 -14.160515
2.702266 -9.725622
0.559862 -10.247033
0.350693 -9.325498
0.307554 -11.455665
4.319612 -15.071376
8.293129 -12.660375
8.607655 -9.158405
7.910398 -8.318748
8.650801 -9.080095
8.437141 -10.365027
8.196357 -7.901598
0.276570 -8.339161
2.058426 -8.689121
1.610623 -7.973385
-0.352464 -6.812112
1.072107 -10.527498
1.548346 -11.811553
2.680277 -13.177836
2.604904 -14.591214
3.296398 -13.959945
0.464249 -9.637122
2.606263 -9.415413
2.528303 -7.824083
3.790553 -5.755634
3.145245 -7.908529
5.749866 -8.078668
4.012233 -6.685431
2.205511 -10.274867
1.971780 -9.659823
8.942021 -9.159660
7.985232 -8.232087
6.342660 -13.394597
1.798209 -10.152000
2.732224 -11.288033
2.247678 -11.465399
0.929981 -8.960073
0.598499 -11.569323
-0.499285 -13.018240
10.046938 -15.340594
8.507869 -12.435948
10.320756 -14.911731
11.061163 -14.659733
11.614901 -13.388507
8.013215 -16.632423
9.192183 -11.825828
8.740436 -10.258840
8.746901 -14.111691
2.896725 -15.052777
4.540992 -15.335236
5.000182 -14.132537
7.174842 -13.416981
-0.888162 -14.124925
4.202296 -5.559708
5.967655 -7.664719
8.008557 -8.246943
7.863565 -10.141799
2.216840 -9.671337
0.923671 -12.216113
4.488123 -7.878006
5.081705 -6.505736
8.191851 -11.410304
7.332138 -13.389243
8.372409 -11.623093
7.965710 -11.692630
2.814333 -9.528291
3.877965 -8.131024
5.232227 -4.235747
5.706777 -7.708083
4.594483 -6.932439
2.225277 -7.177014
1.951649 -12.034512
2.420220 -11.426560
2.684940 -11.590594
8.035615 -8.900892
11.728806 -14.519185
14.910974 -14.932899
9.398890 -13.667995
12.741368 -7.674591
4.747114 -13.781775
5.091821 -15.413512
8.712562 -12.829600
7.475091 -13.860201
6.297961 -13.799014
1.552406 -9.242306
1.890963 -8.629942
-0.221747 -10.323105
1.583969 -10.880549
7.747916 -8.183050
3.875557 -8.120813
7.878057 -12.451858
3.310580 -7.499022
1.478934 -9.589823
0.928714 -12.219030
2.776196 -9.984220
4.535355 -6.585911
8.645885 -10.138198
8.572140 -10.458907
5.132753 -7.280543
0.820004 -7.439168
0.037743 -9.629170
1.409228 -7.557420
3.124314 -7.407182
4.009120 -6.234163
1.721447 -8.421011
0.587704 -11.402599
-0.852765 -5.821605
8.298391 -11.470792
8.496711 -11.669990
8.307409 -8.720990
8.683448 -11.664845
5.467553 -6.495402
3.504599 -8.182261
2.356996 -7.314041
8.444061 -10.243506
8.277901 -12.960017
11.778746 -13.228990
9.137016 -12.901359
8.040693 -9.234628
8.758862 -8.156410
5.595508 -3.564188
2.576883 -2.922758
3.655834 -3.816043
8.740053 -2.221120
7.418761 -0.750648
7.261611 1.892071
5.645999 1.811451
9.484056 4.074411
11.640911 3.432447
15.788141 0.535780
15.749228 -1.309081
14.237384 2.626464
14.422227 3.194274
15.770046 3.711630
11.933668 3.690217
15.751547 4.373334
13.938013 7.478850
8.823674 3.281526
8.415733 0.965419
8.843374 -1.152056
8.717823 -0.985853
5.213573 -1.551905
5.477970 -7.490983
8.083016 -10.818982
8.655643 -9.799138
9.348208 -9.537420
8.769836 -9.615207
13.103079 -16.030085
11.094069 -13.002529
15.269013 -19.512852
8.876442 -13.153178
8.012114 -11.555013
0.297726 -10.268125
2.238845 -9.852386
-0.556258 -9.962289
1.401495 -10.785003
2.697863 -8.139890
1.170842 -11.454953
2.442819 -13.819710
9.849404 -13.240005
2.800310 -13.726611
1.623599 -8.775602
1.467083 -6.837003
2.615819 -5.637728
1.446310 -7.643093
2.789488 -10.088525
2.327131 -13.160073
2.221691 -13.170026
12.070810 -13.423675
5.888559 -5.098930
3.925703 -4.865958
3.534431 -7.826460
8.067580 -12.873658
8.258816 -12.672341
8.601383 -11.266996
8.187963 -10.273515
9.358132 -11.810896
7.980997 -8.275792
8.746389 -13.255322
7.247831 -16.830938
8.511096 -10.979182
9.168647 -13.199860
11.502078 -13.998651
15.500607 -13.972247
9.187856 -12.850472
8.803062 -11.757159
8.492626 -8.178447
-0.219344 -12.343504
1.182759 -12.171937
0.882955 -9.562566
1.759250 -10.526177
2.487449 -9.338840
2.600727 -6.653456
5.689508 -5.694401
5.936425 -6.318566
3.192246 -6.120897
2.280594 -8.665023
3.755075 -7.076325
5.511346 -1.424570
4.211973 -4.273056
5.880576 -6.898056
2.002348 -10.838329
1.862924 -14.881573
0.033403 -11.551831
2.785555 -11.943235
2.789051 -9.899968
1.794296 -8.796053
3.601034 -7.387048
4.223266 -5.819887
6.104743 -3.953096
4.557760 -4.727407
4.726350 -5.552379
6.119478 -5.060003
2.293299 -3.553254
7.106776 -2.569819
7.185113 -2.370315
4.578890 -2.244078
4.758686 -5.297907
5.937410 -6.999072
4.991964 -6.063373
3.967218 -6.935106
9.095896 -11.248165
8.854746 -11.079190
9.669807 -13.894113
6.650060 -14.477574
2.473644 -8.000773
0.449445 -10.318744
-1.930096 -9.895812
1.096978 -13.022506
3.220483 -14.407144
1.972405 -12.177299
6.084919 -17.046646
5.722740 -13.755347
6.720362 -8.037562
1.743301 -8.444825
0.831443 -10.921063
2.337951 -9.438297
2.433117 -9.329691
2.633766 -9.342348
2.209029 -8.348363
1.638812 -9.078712
2.278365 -11.551473
2.555341 -13.091751
6.009810 -14.517079
8.089687 -11.588164
8.469850 -12.162108
7.897306 -9.735812
11.799708 -4.928574
4.756409 -19.209711
1.306463 -14.689865
6.817777 -15.569955
7.460773 -8.038098
7.497370 -13.699476
3.823155 -16.816193
8.732967 -13.338484
8.462988 -10.235887
8.735752 -9.421874
8.718849 -15.866589
12.146749 -15.105854
12.523912 -15.857736
8.943523 -13.455067
7.094786 -14.711833
3.524908 -14.270202
1.166257 -10.889487
2.017870 -8.199510
2.088685 -10.179469
2.575724 -10.290686
2.592391 -11.049664
6.203738 -15.017772
5.485593 -16.800600
8.409389 -11.983613
8.274044 -11.412915
8.598055 -12.148804
4.674338 -18.127180
6.771975 -14.265244
12.867520 -14.900357
14.137362 -14.224101
12.192768 -18.405062
7.938751 -13.678400
4.455246 -13.561993
1.608770 -15.540549
6.921163 -14.899948
5.980662 -13.857417
7.912122 -11.338177
3.212184 -13.762628
5.310750 -15.367009
4.832314 -14.710069
2.603474 -9.388307
6.199226 -15.371902
3.129702 -15.750618
8.401031 -9.550993
9.328278 -11.862501
8.020299 -19.608171
3.926365 -15.159039
0.470905 -13.158213
2.729685 -10.441958
2.575435 -11.005959
2.722585 -9.198397
1.754501 -9.344429
3.058750 -7.417396
5.275698 -7.340024
4.232590 -7.573921
4.959405 -8.187703
10.161500 -13.908929
9.190900 -11.297470
8.550049 -16.252388
6.625163 -17.272192
11.616049 -16.663439
7.949833 -15.670386
8.442790 -11.061335
7.974754 -12.136078
8.966736 -9.019380
8.701840 -10.450109
9.277613 -10.624768
8.360055 -9.942584
8.741713 -14.009784
13.351969 -14.438035
11.375692 -14.099807
10.515783 -14.399637
8.052803 -12.928794
7.896401 -10.050963
8.973732 -12.799745
9.306436 -15.229976
1.644625 -12.922161
1.470290 -12.105674
1.372327 -13.891543
3.592895 -14.960509
-2.452848 -14.805419
-4.819943 -10.972083
5.217563 -15.131987
7.958193 -11.371995
9.106181 -16.032322
5.666815 -14.619687
8.088618 -14.642715
8.974178 -12.566612
6.756868 -14.871854
6.255071 -13.204507
-0.635595 -15.581338
-0.934235 -11.553588
0.586557 -11.468951
2.764623 -8.812486
6.229677 -7.908124
5.650609 -7.977069
7.078392 -13.617639
2.508411 -11.562696
0.605828 -9.426032
1.190976 -11.546383
3.331460 -13.645298
6.508830 -13.330369
8.648907 -15.668326
6.012983 -14.911163
7.026962 -13.824816
8.024193 -14.216717
8.960625 -9.690296
10.685857 -13.372541
14.624393 -14.021630
13.604883 -17.921467
1.532361 -12.484437
2.015867 -11.176571
8.312433 -9.768703
8.056361 -8.771160
8.339509 -13.225225
1.746615 -13.607064
0.508098 -12.581888
1.348587 -8.400811
5.872057 -5.498618
3.948491 -4.062182
1.557763 -12.893859
2.498240 -9.141269
0.019872 -7.422546
-1.545925 -9.462988
-1.308173 -9.052564
0.692209 -8.247802
4.636679 -6.512989
5.606180 -7.771744
7.910933 -8.550483
8.289261 -11.461192
2.601274 -10.910069
2.487402 -14.836929
8.065836 -13.274968
8.315541 -9.205738
9.084795 -9.595664
8.334553 -8.788748
15.923788 -17.320187
11.703448 -15.616434
9.010839 -14.346273
6.324739 -13.375196
10.594254 -17.707720
8.328763 -12.092322
7.419325 -15.554418
7.882467 -13.625550
9.691803 -13.214667
7.886327 -11.202146
1.760196 -12.413753
7.650637 -14.589079
16.022486 -16.273001
14.659277 -18.886393
18.362827 -16.555780
13.014511 -17.865679
10.475151 -18.279318
14.578925 -16.712137
16.410988 -15.498146
15.780200 -14.884137
16.969786 -9.911366
8.193175 -8.592202
9.111420 -12.519436
8.540936 -11.551435
5.345934 -13.548217
2.418657 -9.996297
-1.009328 -12.942048
0.536493 -12.127501
9.319597 -15.564660
7.258267 -14.084733
16.285894 -15.488070
16.259945 -15.822227
8.255660 -9.533113
8.446571 -10.241977
9.339643 -11.554845
9.975149 -16.641035
6.770262 -13.259055
5.313834 -13.879314
9.170273 -13.708965
2.547833 -15.642041
0.724188 -15.254693
2.043360 -12.736400
3.731630 -15.704240
6.873078 -14.385250
6.374987 -13.860514
1.328149 -10.644777
2.598535 -12.629137
0.483828 -12.956421
0.058990 -10.840585
1.197389 -10.373436
2.672349 -7.287873
7.392492 -8.137910
6.686520 -8.179185
3.361589 -7.347626
2.468900 -9.760615
2.491719 -9.619608
-0.551111 -10.404191
1.935341 -9.817550
2.836588 -7.478860
3.660060 -6.790399
8.920214 -10.817399
8.611386 -12.439337
7.832825 -14.459282
5.379730 -6.367219
4.183295 -8.137383
-0.208274 -11.172404
2.313567 -11.885420
2.131931 -11.253316
4.425626 -8.049503
8.506696 -8.294971
6.692819 -7.936849
1.469905 -11.460211
-2.057648 -10.960660
-2.542227 -11.231709
-0.365438 -11.866691
8.367711 -11.808550
8.492524 -16.736629
9.511397 -14.957282
12.035581 -14.527647
10.137620 -13.527271
7.790462 -13.865906
8.209011 -12.264994
7.930312 -9.421716
8.657635 -8.859047
6.131817 -8.084168
5.777589 -7.418065
11.677078 -3.818011
10.810989 -2.046167
10.814213 -2.359238
14.519520 -7.128695
11.567358 -5.226167
8.477921 -10.487065
5.962710 -15.541986
12.526623 -13.725715
12.966593 -13.651787
9.235470 -11.936882
13.329744 -14.698319
14.285135 -12.833232
15.042272 -10.363298
9.796502 -13.458171
13.152907 -14.800722
14.537512 -12.127476
3.427805 -13.415755
4.034606 -14.310724
8.805858 -12.965518
6.042359 -14.183837
0.828086 -16.984640
2.744792 -11.028715
1.654865 -11.837783
1.730811 -8.687320
2.639367 -14.341001
2.052190 -15.543139
1.881470 -13.731543
4.896458 -13.541150
6.136509 -7.523243
8.379392 -11.306273
9.677740 -16.703161
8.797953 -15.188301
10.345174 -12.914252
8.209515 -14.626670
9.386286 -13.524673
8.090142 -12.272635
8.739985 -9.190551
8.969413 -9.518200
8.164551 -11.560081
8.384496 -11.646316
9.230803 -13.003150
12.075953 -14.574479
11.571460 -13.204796
12.220453 -13.008468
9.352921 -15.964335
13.928589 -13.830898
15.158119 -11.590479
17.898865 -8.460667
19.756651 -10.446202
14.554407 -12.260695
15.145002 -11.836853
14.351153 -7.126561
8.191191 -11.628419
5.917820 -18.480165
4.754147 -13.242551
8.652006 -14.265864
8.325458 -10.055570
2.444645 -8.406839
5.723214 -14.777322
2.105220 -9.094682
-0.077688 -8.641764
2.690796 -10.845979
2.601905 -9.734200
7.953431 -8.813092
8.938760 -11.448972
11.201115 -13.206059
8.486979 -11.801463
9.301134 -11.111424
8.253826 -10.813060
8.372596 -10.383503
7.980138 -10.074167
8.129955 -12.696153
2.251103 -11.353184
1.434502 -12.411255
3.911754 -14.325718
2.131697 -11.200562
-1.906445 -12.067721
2.345711 -11.906161
1.292043 -10.063323
-0.300977 -11.145141
-0.307781 -8.460078
7.207286 -13.318670
8.384533 -10.371800
13.174112 -13.410283
12.177605 -13.306532
8.884753 -8.999050
6.099730 -7.908883
9.007494 -9.864555
8.003900 -14.889009
9.146735 -11.670157
7.150081 -7.835872
9.666387 -13.097312
7.047584 -13.252151
4.844755 -14.588166
6.902987 -13.335807
9.615959 -14.991527
8.947579 -11.983436
9.090326 -15.000426
8.852382 -12.321784
8.341391 -14.922649
7.891388 -9.579736
8.095540 -10.035945
8.360291 -8.305378
8.490503 -8.505323
8.609492 -11.861613
10.695030 -14.529807
10.795495 -14.841702
15.609961 -14.899669
11.290525 -17.094694
6.933311 -13.838978
9.977016 -13.247634
9.380844 -14.416835
8.485641 -18.819700
2.882809 -15.374053
2.149767 -9.386898
7.701729 -16.111414
5.785479 -5.743866
5.280130 -6.961095
4.111095 -13.425964
9.249220 -16.169786
7.257592 -14.492949
6.922663 -16.726200
8.864850 -10.139434
7.985542 -10.320829
7.956330 -10.127337
9.157965 -11.438954
8.256263 -12.347281
7.481095 -17.528753
6.041918 -18.458591
4.116529 -13.524627
6.877251 -15.403914
6.949570 -18.326136
9.383516 -13.811677
8.522786 -12.601773
8.468832 -13.350882
8.578863 -10.275723
7.929258 -12.020932
7.734931 -8.007988
4.430241 -7.938501
5.747649 -6.023025
6.248658 -8.033546
5.606133 -7.435227
4.902345 -7.665981
4.733190 -7.516717
0.296561 -8.987567
1.223744 -10.914806
2.084689 -11.683297
1.511954 -14.705968
5.324104 -14.835716
-2.335679 -15.925890
1.374071 -9.955170
2.115225 -10.360897
9.279331 -10.770475
9.264045 -10.626008
2.634733 -7.916661
5.853961 -6.111713
6.162519 -7.927564
4.940893 -6.201711
4.722026 -7.922813
3.772007 -7.619348
4.203826 -5.473710
3.404131 -7.911013
2.234110 -11.254830
2.328529 -12.981373
8.417424 -8.926442
8.210914 -10.602366
9.582841 -16.662830
7.997594 -10.643355
8.358438 -11.614268
8.471263 -11.692134
4.206420 -14.226795
7.274256 -7.874047
10.411278 -13.322672
7.641420 -14.575291
6.310824 -13.483727
2.439808 -14.075913
10.717394 -13.897007
8.183706 -14.445849
8.428150 -12.667633
8.705666 -14.387675
8.132078 -9.182828
8.118284 -10.451848
8.375767 -10.153130
8.249430 -10.682649
5.848520 -13.262384
-1.589088 -10.932323
5.141397 -15.348105
6.987337 -17.693003
2.606192 -12.695154
1.298088 -10.892179
8.242226 -13.895517
4.104324 -5.335786
11.244075 -7.185604
12.552406 -7.359855
15.911642 -6.856998
16.149466 -9.799323
14.539263 -8.405873
6.113411 -6.297969
7.851497 -8.185847
8.172364 -12.212287
9.200027 -15.381379
8.164787 -14.805237
6.659281 -13.881615
8.865106 -9.709933
10.005895 -14.298896
5.790943 -14.252621
8.031429 -12.968539
8.223699 -14.120206
9.286037 -11.235378
12.923494 -13.257947
10.181728 -15.464406
13.119923 -13.544092
9.254225 -8.953177
12.688889 -14.298276
9.325472 -18.316982
9.195559 -14.758985
11.505884 -7.550918
11.476249 -5.352000
8.962970 -8.503661
8.220496 -9.636703
9.026317 -12.388160
11.012930 -14.651796
11.282867 -14.163324
12.159658 -14.331559
14.944154 -11.984195
14.580729 -10.249578
19.665377 -17.767910
8.574853 -12.067744
8.939219 -10.157502
11.255714 -14.301555
9.178483 -11.981529
8.582123 -11.142532
9.831970 -13.008803
2.660983 -12.072488
1.774457 -10.919679
5.914748 -6.183711
4.774348 -7.474740
8.594318 -10.842153
7.880807 -9.675138
14.615493 -7.400065
8.989904 -10.207044
8.347830 -11.279917
2.511085 -15.053874
4.635527 -14.292640
10.858736 -15.386885
9.208668 -12.044379
8.874820 -11.957501
5.574204 -7.572108
4.061885 -7.857078
5.653525 -5.407115
3.923109 -6.359615
1.956905 -5.975226
5.730805 -5.007337
8.387344 -8.235113
5.282445 -6.078631
6.078640 -4.755839
2.591310 -8.809843
1.021314 -9.413678
0.459826 -10.842040
9.628804 -13.090328
8.622334 -13.338379
7.897501 -9.777645
11.548780 -15.803382
1.972309 -13.785849
2.048071 -15.200416
8.821644 -10.503257
11.315945 -13.725575
14.044378 -15.741622
13.718132 -14.005422
11.205854 -13.356018
15.214542 -13.359309
8.402525 -12.233882
8.005188 -12.578703
10.019228 -13.315106
5.770349 -14.676836
7.719328 -16.942648
8.056714 -9.237276
3.486287 -7.800259
0.795211 -6.571824
0.829243 -10.158782
2.713661 -10.620789
1.890101 -11.774883
2.482630 -11.209682
-1.408572 -12.592203
2.475551 -9.704156
2.706933 -10.151299
1.721395 -9.056386
2.289312 -6.218237
5.027025 -8.161355
6.017378 -7.687135
4.369600 -7.494369
4.109645 -4.776644
5.534232 -7.911051
2.180802 -9.015319
1.524360 -9.967294
2.713401 -8.869757
1.004625 -6.571252
1.470140 -9.440439
3.377468 -6.445582
2.008143 -8.485873
9.954417 -15.833167
7.932801 -14.020275
2.818728 -10.899593
1.071478 -9.380498
1.918147 -9.625751
4.726630 -7.782707
0.246223 -10.450858
2.633534 -8.908457
2.026219 -10.792803
1.670447 -9.547696
1.023790 -9.439126
4.064058 -7.597268
1.358768 -10.823684
1.535397 -12.716239
1.902803 -12.702209
-1.258114 -11.727180
8.313202 -13.670977
16.599669 -12.544434
13.491911 -14.433059
3.492288 -13.504457
4.008044 -14.136130
-0.912824 -11.298502
-0.203235 -9.987731
1.978631 -8.678679
2.574522 -10.348386
1.081553 -10.726612
-1.153721 -8.699138
1.785771 -6.826609
8.524966 -10.035827
5.803977 -13.368494
8.421709 -18.630257
1.451427 -12.138200
2.340870 -10.332952
4.325397 -8.186673
4.746857 -7.939268
5.837304 -8.015243
0.781317 -6.775017
1.342015 -9.986556
1.037088 -12.265728
0.298936 -11.036407
1.783557 -9.343624
2.164973 -4.422216
2.555928 -5.527494
5.222869 -7.351489
6.608456 -8.116297
4.424113 -7.227119
5.367776 -7.923824
9.668053 -14.002224
4.429386 -14.231359
10.177106 -13.586419
7.940907 -12.404258
8.309890 -9.373963
4.277727 -16.791536
8.576172 -15.951637
5.522741 -7.234990
3.367081 -7.389899
5.559172 -8.130505
4.807038 -16.887682
9.849821 -12.822206
7.285780 -14.667981
3.322513 -15.425672
1.283936 -13.409208
2.604126 -11.724354
2.077931 -12.254954
7.818601 -14.795163
9.248831 -15.484710
7.953719 -11.569448
8.471602 -11.478301
9.600613 -16.194832
4.622439 -14.616847
8.563612 -15.774928
9.032833 -16.003605
8.250708 -13.438262
10.555584 -13.698117
1.586981 -8.697886
2.300734 -10.281661
2.743951 -12.713490
0.110184 -12.191730
4.467579 -13.907525
7.377241 -15.871011
8.300418 -11.430722
7.923450 -15.371798
6.223433 -13.268196
8.263063 -15.122434
7.606898 -15.758359
5.079692 -19.599850
10.215329 -14.133006
2.485878 -11.136214
1.129198 -11.802060
1.541687 -10.231463
2.843899 -7.821037
8.416136 -9.947660
8.332492 -12.871587
8.469090 -14.594716
6.115813 -6.093416
4.612024 -7.064911
3.774909 -7.281442
10.822295 -13.635247
8.559391 -14.176209
8.438840 -9.980253
8.856776 -10.944406
5.954989 -7.138027
-0.835273 -10.878636
0.181347 -10.393937
-4.216077 -12.151298
2.529322 -13.919221
2.480497 -12.500814
0.996685 -13.149083
7.448576 -15.812215
11.006901 -16.858582
11.092636 -13.426869
9.573795 -12.992866
10.621401 -13.704059
8.927317 -12.837140
9.326300 -15.300637
0.638937 -15.057747
2.188558 -12.304968
8.883100 -9.866633
8.824837 -11.824178
9.201352 -10.892609
8.995193 -9.463005
10.251762 -16.566158
12.240824 -16.129023
7.040392 -13.536546
2.757695 -13.198610
7.335910 -15.144366
8.018448 -13.264726
8.150960 -11.599214
8.215176 -9.389247
6.332370 -14.513079
5.666991 -14.526847
6.514714 -13.565299
3.026513 -15.128465
0.908380 -6.903160
-0.131424 -9.456326
4.509502 -8.024404
4.540558 -6.560297
4.764372 -5.203506
1.919559 -9.233980
0.012397 -8.916923
3.057331 -14.759369
10.257860 -16.507992
8.094799 -8.157171
4.690454 -8.191065
4.840086 -7.914455
0.434871 -8.539281
1.857126 -9.865417
2.570645 -10.610913
0.129069 -13.351113
0.291451 -14.583251
-1.322223 -12.962605
5.325636 -13.890624
1.230098 -13.596657
2.330093 -12.885623
-1.212112 -17.097675
2.852193 -18.068844
16.086851 -18.134199
7.365592 -15.955815
4.162727 -13.843756
4.494982 -15.068542
6.118036 -17.512476
7.869278 -18.290152
-1.996384 -11.352455
1.961196 -11.423347
-0.495369 -18.810385
4.830670 -13.239801
1.157768 -15.417571
2.687004 -9.979980
2.846044 -15.096922
7.685118 -15.979848
7.195326 -13.636772
10.049138 -15.226302
9.776781 -13.106199
8.114469 -15.306391
0.506408 -18.295551
-0.887754 -10.807040
-1.809279 -10.207995
0.836708 -12.382274
0.326395 -14.023128
9.492445 -13.259352
0.993178 -6.754355
2.812580 -9.061059
6.049080 -6.430295
3.402416 -8.019255
1.819222 -10.009413
2.179545 -10.024320
8.023746 -10.015130
6.313401 -15.009891
2.476202 -11.873266
2.115922 -16.438295
4.416661 -15.987763
3.195633 -14.265773
6.187768 -18.624388
8.336527 -15.344896
8.777748 -8.338870
9.029751 -14.649223
7.649177 -13.576478
10.221741 -13.278842
3.669899 -5.568382
4.717560 -3.702125
4.640547 -3.859023
4.752494 -6.210400
3.831496 -7.765148
3.931468 -5.737232
3.461325 -7.625595
2.148056 -8.520104
0.574778 -9.041166
2.712289 -9.851299
2.756000 -11.523549
2.520491 -10.940638
1.805939 -11.041022
8.826963 -10.686654
8.641484 -10.092545
6.484823 -7.962633
6.165812 -14.626757
-0.799042 -14.223300
-0.290975 -10.977901
1.521550 -9.635554
2.402066 -12.376271
2.557028 -13.570649
6.980659 -17.986723
9.012383 -11.581357
7.112410 -16.682089
3.874771 -15.948984
4.227552 -14.501647
8.922503 -14.330448
10.130849 -14.068723
7.045385 -13.379118
9.336072 -19.796038
6.808267 -13.924036
0.455481 -13.400130
-0.421884 -11.266259
0.164545 -11.936744
2.025985 -9.380446
-1.298672 -9.396048
-0.141826 -7.467204
1.575208 -10.214232
1.076637 -8.165748
2.666149 -9.146109
0.939125 -8.553374
0.815726 -10.054699
1.598702 -11.150103
8.723608 -9.850234
7.919276 -8.391880
8.395596 -13.220582
4.746204 -13.278453
7.945020 -15.092256
8.728634 -11.208912
8.322149 -11.622351
9.217695 -9.994466
8.540862 -10.778604
9.346209 -14.210827
9.698284 -13.126735
8.322461 -15.109153
13.661225 -12.948062
14.498592 -14.994752
9.691643 -16.699856
11.497297 -13.002777
12.700976 -15.864827
8.349755 -11.941674
8.145884 -10.749152
8.817078 -10.610639
9.131411 -11.640574
8.291583 -11.362084
9.487315 -14.999580
9.412191 -14.002397
7.409581 -13.735951
2.347027 -12.077191
1.847924 -11.303680
2.448775 -10.505923
0.780889 -11.988900
2.634794 -10.374977
2.064995 -12.048906
2.258841 -11.633327
0.908910 -13.884093
4.841643 -13.784518
7.060863 -13.999913
5.528567 -14.342909
7.255813 -13.215394
11.841181 -13.779307
6.341656 -15.706036
2.244612 -16.033466
0.637707 -10.831706
0.889681 -7.962437
3.048597 -7.822324
2.315840 -7.920699
2.273832 -10.225877
1.389704 -8.948943
2.155347 -11.972689
2.663899 -10.390340
1.711109 -9.007007
0.046019 -12.454438
1.400206 -9.036106
2.175163 -11.124174
2.289770 -9.111349
1.925708 -9.664128
-0.119666 -9.784927
3.088539 -5.802498
2.804634 -7.957587
4.415146 -7.243260
5.212831 -2.274615
6.578396 -2.539735
3.794732 -6.794663
3.729212 -5.413777
4.649022 -6.358982
4.671723 -6.681787
6.104756 -3.088769
4.938703 -5.262168
2.793094 -10.359736
0.388820 -17.427437
-0.440560 -17.607584
7.349875 -13.558383
6.696417 -13.793593
4.091559 -14.728575
7.015780 -15.242510
11.403658 -14.697139
4.319518 -13.285631
8.138105 -17.087301
7.923229 -12.011149
8.124557 -9.835589
8.141963 -8.351186
8.959320 -10.753501
8.611077 -10.606362
8.221505 -10.835194
8.405197 -9.658660
5.973637 -16.653320
1.272004 -13.484236
1.815097 -11.077144
2.623402 -13.614425
3.775833 -14.149454
6.036362 -17.359293
2.346808 -12.554360
2.677414 -11.216918
5.428521 -6.636636
5.702096 -4.364584
5.564361 -5.828277
8.090039 -11.320754
8.642879 -12.038569
6.706986 -14.155970
8.007639 -14.274458
5.424999 -18.764120
4.913799 -14.948175
6.207332 -15.149398
-0.001648 -13.217389
1.358247 -10.656617
1.572849 -10.034336
2.034241 -12.304811
2.823416 -11.135676
2.504364 -8.439474
0.020291 -8.806700
-0.807024 -9.225078
-0.129348 -9.061131
2.813052 -9.666310
0.430878 -10.223084
2.378205 -10.931867
-2.280580 -13.042857
6.860026 -15.521452
6.784796 -14.604251
6.916118 -15.332191
8.581666 -10.696950
6.767286 -7.841454
6.572036 -13.295469
7.570457 -15.185319
8.397810 -10.235763
5.995138 -15.798846
5.859722 -16.292305
8.751171 -14.014100
2.832361 -15.299006
-0.126262 -11.557286
-0.766577 -8.448854
0.136139 -11.199703
8.448256 -13.442240
8.802978 -10.399546
8.156034 -11.514056
8.891062 -11.710980
8.842450 -14.201734
7.001415 -14.219582
2.293341 -17.907331
6.654490 -15.767039
8.021674 -12.886203
7.918489 -13.095133
-1.592986 -12.151750
1.706952 -10.293072
1.186034 -10.182734
-0.307207 -9.369319
2.126301 -9.538089
2.632391 -8.227310
4.849260 -7.746727
1.729184 -8.046815
1.677780 -12.732780
1.672241 -11.316514
1.470090 -14.795581
3.541635 -14.028347
3.564058 -15.107922
4.204901 -16.231756
1.895969 -15.117516
2.522234 -15.597861
3.949371 -13.661860
6.006516 -16.058067
0.638858 -13.486926
2.001671 -9.206388
2.202051 -9.525757
2.751374 -9.923930
8.311424 -10.933547
-0.221658 -12.737131
-1.458504 -11.512855
4.099364 -13.393152
10.542763 -13.200572
12.221604 -17.815771
8.036218 -10.457133
9.113349 -10.252069
8.956890 -11.866414
5.684076 -7.802303
8.407309 -11.233867
8.274982 -11.787709
3.751977 -7.730479
1.365603 -9.215886
1.248555 -9.557305
1.442553 -10.533991
1.270309 -12.283313
-2.069616 -10.700611
1.148474 -9.811904
1.576142 -12.272827
2.559876 -10.762455
0.211703 -10.064178
1.109574 -10.276916
5.852576 -13.502805
7.717264 -14.375726
2.742642 -13.251926
2.579599 -11.442746
1.802214 -13.119008
14.871680 -16.877394
14.754845 -9.095220
11.591544 -3.789441
4.649870 -7.255501
6.035335 -2.598951
7.235168 -2.331175
9.402722 -2.051404
8.555996 -8.129043
8.818398 -10.660997
8.177060 -8.108009
7.124610 -7.889392
5.500928 -8.199294
1.234565 -10.912189
-6.804033 -12.828938
-8.160363 -12.541474
-4.699654 -11.367886
-1.341132 -14.977834
2.254871 -11.211005
2.825074 -12.556462
1.794370 -15.912722
5.628036 -17.329195
6.137248 -16.328308
4.423699 -16.181334
5.870201 -14.553102
-0.337180 -13.313608
1.285626 -12.495825
2.252850 -8.410088
4.922942 -4.372059
4.598046 -8.104416
1.978027 -10.093281
2.817849 -10.612297
1.420393 -12.647340
5.711787 -15.272986
2.446926 -13.974952
1.019673 -12.888467
5.744423 -7.986536
5.654704 -8.128325
2.326772 -7.982605
2.682067 -8.758783
8.372971 -9.660259
8.171768 -10.287671
9.841209 -13.660116
8.533051 -11.428163
5.997575 -17.152060
10.848702 -13.612266
7.526177 -15.393877
13.592870 -13.931220
8.926216 -15.170810
12.565184 -14.465423
8.894714 -11.675681
8.329746 -10.169028
9.145709 -11.251122
7.950901 -14.438279
8.120369 -13.099860
12.162262 -15.629872
5.214472 -14.299748
4.991767 -14.347571
1.609867 -11.507257
-2.510664 -13.366250
1.330473 -10.256901
2.185603 -10.024508
0.186197 -10.608094
1.781169 -9.510018
0.077131 -12.300189
0.291107 -11.481110
1.586241 -14.005452
2.529085 -9.894583
1.682381 -10.544510
2.582774 -9.892962
2.474076 -9.737753
0.219396 -8.054757
4.712561 -6.977204
7.960828 -11.735244
10.459336 -16.172878
8.117929 -10.056240
8.307584 -13.985415
6.416175 -8.032498
6.607704 -13.808492
7.183444 -15.329347
7.050089 -14.158767
10.550822 -13.053071
2.451261 -7.593344
5.024624 -5.890938
8.625511 -9.365962
8.653687 -10.534346
8.336615 -11.198279
7.978740 -8.836215
8.490646 -10.815572
8.020991 -10.054199
8.988842 -10.161428
8.127244 -8.312919
3.426447 -14.842896
5.167841 -13.382035
2.885239 -15.108440
1.962425 -12.300319
2.651791 -12.371240
1.354886 -9.863059
2.030175 -9.364003
5.640422 -14.249775
8.027658 -17.458338
11.807041 -14.603874
8.762643 -14.971970
8.060762 -12.293840
-0.900145 -10.607537
-0.025821 -10.974356
4.896259 -13.291715
5.316404 -13.215425
-1.072904 -10.957050
3.236730 -14.895795
-0.973888 -9.318565
1.893635 -9.438930
0.468689 -10.951108
0.407552 -13.381447
0.848740 -8.646621
1.685007 -10.763523
0.267684 -9.679263
2.301439 -9.543160
2.798974 -6.623248
4.912442 -7.246885
4.630941 -7.720668
5.612689 -7.475946
4.791328 -8.152097
5.298926 -6.742657
4.216494 -7.374331
2.989966 -7.947633
5.576536 -6.708872
1.202350 -8.383473
1.639684 -10.166156
2.230081 -8.723425
3.303600 -6.025077
5.302362 -7.898792
5.132767 -5.603858
1.621681 -9.759253
1.814509 -11.838731
0.890838 -12.549014
1.410642 -13.344279
5.681924 -13.619689
1.560925 -12.310304
1.341974 -13.582021
2.322038 -10.908296
8.464226 -9.057649
8.859566 -10.262120
9.045288 -8.177749
7.956805 -10.767821
9.329620 -7.893482
8.267759 -8.628782
9.290814 -11.417880
8.926409 -12.117941
8.996977 -10.211873
8.669373 -12.821885
9.320118 -13.763032
4.517035 -15.529902
7.410252 -13.248570
9.439365 -17.317625
6.052875 -14.965257
3.811901 -18.942518
9.462999 -15.069531
8.346154 -10.688846
7.712988 -14.158826
3.362275 -14.363378
3.137157 -13.275373
1.241131 -13.131656
1.878303 -11.273690
0.196784 -9.449028
4.776184 -4.682163
5.308423 -6.868230
7.235222 -14.649568
15.907759 -11.316561
9.099149 -13.375709
8.560568 -9.966580
14.866040 -12.008025
9.360193 -12.092098
9.689994 -12.855532
12.263689 -13.221252
13.689021 -14.471140
11.030247 -13.009188
8.503696 -10.328999
8.872595 -11.284062
7.862350 -9.065381
7.827126 -8.141686
9.378000 -8.179585
-1.357358 -9.094316
2.613137 -11.360913
9.266356 -11.437782
7.405806 -13.260373
8.105799 -13.632432
9.480498 -13.870837
7.445478 -13.416375
12.540388 -13.014915
10.696074 -14.022905
9.108871 -14.040394
2.189391 -13.242454
9.289921 -12.605309
8.009106 -13.874565
11.129186 -13.250923
8.188425 -8.514954
3.793993 -7.831980
4.031825 -7.411107
8.565278 -7.908557
6.083281 -8.187329
5.358288 -13.282766
10.598906 -15.136218
8.327651 -12.205432
9.069890 -10.775971
2.298183 -12.273507
2.052689 -13.923152
4.332458 -14.041358
7.183055 -13.243325
2.294188 -13.372916
2.306768 -7.661250
4.508803 -5.221704
2.114525 -6.522112
0.755249 -6.991433
4.664858 -8.046930
4.217166 -7.993307
9.030720 -10.530210
9.211977 -12.979153
8.561982 -14.840594
5.100880 -8.005012
2.109688 -8.370431
7.916536 -9.058988
8.912252 -12.916663
9.244875 -11.777451
8.388911 -9.389735
8.528815 -9.012883
2.491240 -10.599168
1.981617 -8.479949
3.280101 -7.484132
0.104759 -4.426735
5.343657 -5.424638
2.543361 -7.299069
5.638642 -7.571011
5.665312 -7.737539
4.329367 -6.474921
4.762843 -5.935774
7.979129 -12.133584
2.727870 -12.299363
-0.410424 -9.260036
1.329879 -11.539529
7.963639 -10.103784
8.775451 -9.164650
12.142430 -13.223159
11.623010 -13.130395
13.734232 -14.141113
14.905022 -12.269165
11.719690 -7.107604
12.994372 -13.706190
12.533829 -13.438004
19.518993 -15.971225
15.570419 -10.502103
14.547071 -8.805471
8.180286 -9.251906
5.515385 -7.158584
3.886869 -3.924262
4.742629 -6.134178
2.665882 -8.978334
1.465246 -10.833880
2.081708 -9.364482
9.882880 -14.541992
8.936414 -13.407875
6.795380 -13.272021
7.090855 -16.315878
4.400145 -13.750539
6.324275 -16.130480
1.681685 -9.384517
2.083711 -9.868663
1.645482 -10.444432
7.906773 -13.242404
2.568847 -9.263572
2.568657 -9.310531
2.662523 -4.460856
5.501096 -8.122226
7.454621 -7.945293
8.828129 -8.993873
9.790750 -13.108462
8.343614 -10.442973
4.971611 -7.179381
4.974282 -7.216153
2.777300 -11.871861
8.223076 -10.510982
8.091439 -11.472179
3.691270 -6.551284
1.110588 -9.830075
9.158162 -10.500045
8.727525 -8.949616
6.284593 -14.342212
2.307975 -12.143808
-0.987947 -12.080695
1.769616 -9.901321
2.454851 -12.165401
1.714188 -12.572620
2.538013 -8.627120
3.729290 -13.445153
6.948794 -13.380017
5.840089 -16.826912
11.707225 -13.698842
9.019773 -11.130492
8.452877 -8.629880
7.553392 -8.060355
2.847050 -5.347667
3.417297 -4.306011
5.901714 -7.471220
16.086805 -10.275064
14.688709 -11.137325
8.520000 -9.861299
9.217325 -8.853728
9.275511 -12.048398
3.242007 -13.326848
3.686835 -13.371187
1.007744 -17.019785
1.652151 -11.896075
2.047497 -8.285070
1.080613 -8.507590
0.994372 -8.201234
1.722861 -8.717999
1.665125 -8.259981
2.262072 -8.524869
1.237366 -9.901482
-0.712976 -9.629898
-1.237101 -9.276086
1.430925 -8.998809
13.429996 -14.881354
14.860142 -15.394139
17.815994 -7.901648
11.656786 -13.118712
10.788488 -14.371979
11.542614 -14.034390
6.449478 -15.150676
6.304255 -14.720026
8.716156 -14.274117
8.606427 -9.447761
7.878889 -8.130939
1.914736 -7.401215
5.632404 -7.076724
9.201709 -10.952183
6.566490 -17.552011
13.370157 -17.527910
15.681171 -11.368114
9.307557 -10.523414
9.332642 -12.674223
6.979022 -15.061881
2.520438 -13.380845
4.078613 -13.800587
4.586907 -13.993476
1.125562 -14.400743
2.382598 -11.112559
1.816058 -10.154609
2.766822 -9.526425
2.310278 -9.480700
1.865300 -11.901994
1.653200 -10.343535
2.704130 -6.750333
4.860660 -6.309853
5.313865 -6.722175
5.999357 -6.797112
4.532449 -6.176101
5.360374 -4.174910
0.712499 -8.171716
0.886947 -9.217122
2.782524 -8.810987
1.911088 -9.710073
2.460551 -12.883126
4.188514 -15.428356
1.641685 -13.279232
12.873497 -14.150985
9.098511 -14.138305
8.404120 -11.022788
8.021031 -8.278896
9.381269 -9.437243
9.183758 -8.919641
9.347143 -10.604680
8.287893 -17.815912
13.701748 -14.100496
12.387908 -13.173419
16.243851 -16.437263
12.681925 -16.349369
8.360546 -12.684368
6.891628 -8.114337
12.165223 -16.332430
12.618718 -15.778257
9.238100 -13.544606
8.411718 -10.700321
11.450925 -7.658533
13.447399 -7.518111
11.315670 -7.636676
8.732342 -8.062325
9.251310 -10.677232
8.565535 -8.316989
17.009785 -13.687207
14.579897 -12.458736
14.873175 -8.254736
15.044026 -8.833777
18.936460 -9.643699
15.887404 -9.709783
14.595959 -10.456083
16.077780 -15.476950
12.209669 -13.016963
13.054405 -14.257939
10.119343 -13.208544
2.053643 -14.175126
4.179893 -13.805356
1.964072 -12.654543
-1.058738 -15.259723
4.576958 -13.926812
7.728548 -14.497576
6.642737 -13.554476
5.365013 -13.527308
7.667421 -14.289634
10.463408 -13.320054
7.965177 -10.544274
7.907741 -10.269555
2.633763 -15.731899
5.229687 -14.204089
5.764184 -8.036172
4.628703 -8.117776
4.917397 -7.756358
4.779119 -6.917816
2.995149 -8.085046
2.896799 -7.087247
2.758015 -9.214219
2.245447 -8.406038
3.513330 -7.903326
4.126794 -7.061801
1.864773 -7.206406
1.843914 -11.617373
4.085272 -16.593328
4.709144 -13.535306
8.659385 -14.692084
5.917467 -13.589553
6.881482 -15.183886
0.678637 -12.459918
2.257235 -12.470586
6.083124 -7.748539
5.465210 -6.674839
4.460306 -7.670066
5.994637 -8.144565
9.174625 -8.697159
8.404332 -10.650112
2.722519 -11.434420
2.091162 -10.793941
2.136197 -8.905868
6.796251 -13.217568
5.208434 -7.947416
8.260708 -8.750918
8.602395 -9.499965
8.818351 -8.630684
7.975590 -10.097264
2.587847 -9.509826
4.760509 -8.001531
4.610627 -6.629341
4.576375 -6.687953
3.191827 -7.499184
2.817396 -6.789005
2.815745 -10.309765
11.051260 -13.394469
8.114951 -13.261464
8.416368 -9.970013
8.202646 -9.035806
10.016968 -13.206986
8.957533 -8.752599
9.497886 -13.190487
8.302484 -14.841420
4.812929 -6.827980
4.861130 -7.923932
5.157621 -7.323771
3.906598 -3.140575
1.312434 -9.773958
2.731341 -10.473209
0.420632 -9.245701
-0.602361 -9.552819
1.048320 -11.571955
2.126356 -11.673716
-3.818410 -11.405344
1.472102 -8.957841
0.987989 -10.617202
2.492804 -8.290359
6.637947 -8.020005
3.308083 -5.984352
7.020665 -13.224792
1.955878 -13.528634
10.147300 -13.802539
8.542534 -11.079417
8.274759 -8.877364
7.965355 -8.721115
7.876556 -8.195471
1.345080 -10.720505
1.326823 -10.194331
-0.347441 -9.925359
2.014012 -9.480597
5.373708 -8.115836
2.828432 -11.097983
5.276396 -15.491166
10.593825 -16.681078
4.095433 -13.528785
9.806900 -15.265731
11.481805 -13.644607
8.763814 -9.651204
11.503620 -13.298805
9.509084 -16.210436
8.725242 -10.802769
8.836869 -10.245210
9.158552 -11.270292
9.132363 -13.558581
5.954946 -13.766906
1.440558 -13.639440
1.685212 -9.909308
0.261749 -11.595096
2.448645 -10.213988
7.680912 -14.190154
2.143893 -13.421222
5.327361 -13.741918
7.139062 -13.952959
0.688495 -12.059105
2.382140 -10.362220
2.523041 -10.814615
1.861351 -12.955227
1.461129 -8.991584
2.462506 -9.594132
2.697980 -7.439517
0.976638 -10.431068
2.484265 -9.098481
4.070191 -13.258691
7.635863 -7.863520
8.248921 -12.288957
2.701390 -12.702506
3.897110 -7.848894
2.197796 -8.304823
3.101375 -7.455204
8.048820 -14.638019
6.936663 -19.137671
7.877152 -9.030139
4.931943 -15.155179
6.122979 -16.665575
13.051659 -14.417424
12.541887 -19.273293
4.723921 -14.634840
3.350664 -15.712822
-0.386398 -10.561314
1.659781 -11.712214
1.332883 -11.096938
10.687198 -13.652007
4.391552 -14.773277
0.533965 -10.789714
-0.679532 -14.918403
2.421495 -11.922040
6.170867 -7.925756
15.338228 -11.668214
19.248215 -14.575191
6.517747 -13.775567
7.827229 -15.644285
8.504735 -11.044065
9.099682 -14.535975
8.916235 -11.494369
7.838428 -8.089828
8.198746 -12.558191
9.301490 -9.749605
7.426162 -14.477520
5.602306 -14.089234
4.403394 -13.682778
3.431601 -13.957858
-0.197189 -7.227185
-0.263190 -9.414035
8.396753 -10.712889
8.162319 -11.229932
10.097262 -17.860579
4.727959 -14.328570
6.071733 -13.606713
1.207904 -9.683503
-0.368587 -13.256043
2.440181 -10.461055
3.689329 -14.318532
5.332652 -17.188742
7.945707 -9.410068
9.835415 -14.169981
3.192910 -13.921248
-0.563462 -11.112081
1.263197 -13.392891
10.307766 -13.865506
3.206858 -14.674640
10.166802 -17.230421
1.486729 -13.761626
2.248535 -9.289624
0.855182 -10.908902
2.769544 -9.181612
-1.169624 -10.888303
0.442881 -9.321349
1.238079 -9.114860
5.128304 -7.571030
8.350251 -11.329646
3.766992 -4.691597
4.775245 -4.384448
6.037142 -4.631018
8.146641 -10.973521
2.451307 -13.726401
1.955710 -9.114935
1.262438 -9.433456
2.432529 -9.835209
8.623188 -11.482663
7.038098 -15.261788
11.735048 -13.849702
9.024588 -12.469024
2.307372 -10.650277
2.126017 -7.314655
9.461734 -14.168960
5.324534 -7.419442
3.627773 -8.169766
4.938606 -8.048059
6.027425 -6.176740
1.524806 -8.725690
2.089583 -8.499766
2.059067 -9.995705
0.679581 -11.769101
0.817530 -10.885045
1.558995 -10.915980
0.458588 -10.820829
2.234205 -10.299042
2.737552 -8.857690
1.695120 -7.810325
2.235130 -6.658277
3.630342 -6.820246
3.568310 -6.383160
1.751835 -8.281159
2.754095 -8.492320
-0.134086 -10.516316
2.228237 -6.599953
5.319460 -8.011189
3.322522 -7.304389
3.673710 -5.992824
3.849341 -4.908579
5.475509 -7.507131
5.574631 -7.981273
2.895321 -6.686077
2.502775 -11.973557
2.617335 -10.311683
2.785256 -10.292199
8.764057 -14.371899
9.323481 -11.438584
3.450300 -7.707635
3.695808 -8.053351
2.286028 -8.858867
3.499702 -14.934152
-0.087445 -11.364879
1.513764 -7.938668
8.848151 -8.638421
9.111923 -9.017307
8.691938 -11.215705
10.821210 -15.365519
14.415791 -15.636600
14.974059 -12.530976
7.474146 -13.800887
9.275801 -13.468160
10.766369 -15.480177
8.938135 -12.468549
7.920913 -11.452531
8.895463 -13.675418
9.107811 -9.689132
8.074958 -8.513885
8.616840 -12.428970
8.831156 -12.413877
8.105677 -10.807257
8.124151 -9.767285
15.608749 -15.897961
9.693483 -12.850795
3.934120 -14.155992
2.104280 -13.339138
1.902614 -11.619310
2.727603 -13.095712
2.624028 -9.597576
1.355287 -11.107685
0.882318 -11.161489
3.147870 -7.565929
4.093445 -6.536654
4.543798 -3.763103
6.023202 -3.972931
4.856816 -7.273891
6.075518 -8.053553
8.028118 -7.892278
8.925218 -9.339333
8.471220 -8.300929
8.063194 -8.427747
8.966978 -11.607158
9.120825 -11.456855
7.871635 -15.643209
5.085917 -15.707215
6.305813 -13.603381
5.043785 -5.165275
8.569213 -11.681851
9.840378 -13.588433
8.209679 -12.990906
8.257467 -11.230616
5.703391 -8.041905
4.146453 -6.901142
2.189740 -6.940457
5.221807 -5.496802
5.843892 -7.732328
1.312146 -10.815840
0.767755 -11.194821
2.347075 -11.267419
4.286592 -8.037270
3.389667 -13.477834
6.538230 -13.686693
4.110075 -15.630857
7.863958 -16.929638
2.739408 -17.622105
1.914301 -10.589324
7.378092 -14.503396
1.852544 -11.937248
1.121837 -14.542363
6.909242 -13.323195
4.591929 -15.059245
10.215639 -14.077632
14.207697 -13.730437
13.117690 -14.627857
12.051410 -12.971412
9.343697 -11.284145
8.161528 -11.403666
8.523573 -11.503131
1.757947 -9.377574
4.691200 -6.563502
5.206744 -14.588579
9.225188 -12.744317
8.236873 -11.519516
2.591003 -8.207625
2.701112 -9.632634
7.920705 -11.236160
12.506695 -7.508532
6.944160 -7.968024
6.591881 -7.942625
7.923824 -10.380647
8.351661 -8.114180
7.943010 -9.717654
9.285433 -10.120624
7.495237 -13.374120
1.984658 -9.043269
1.842677 -8.005485
0.943792 -11.724504
2.547360 -10.445773
2.241811 -12.115936
3.150068 -7.723010
2.279857 -7.341547
5.375294 -7.988719
11.841867 -6.473483
11.430093 -7.057820
8.101534 -8.555616
10.363354 -12.958621
13.458667 -13.410505
12.811232 -13.207306
9.130182 -14.160847
8.067405 -10.781011
4.731176 -7.045177
6.121905 -6.752432
5.522614 -5.266444
14.048197 -13.295551
15.224266 -14.742568
16.750807 -15.974793
13.708583 -15.012610
13.276947 -13.556138
11.533588 -16.985575
10.366347 -14.301028
11.987814 -18.495720
7.876720 -12.396852
8.823071 -11.131880
8.923731 -12.541706
0.629351 -13.420105
1.315374 -9.951489
3.992819 -14.643198
2.941465 -14.503567
2.195699 -12.590839
1.463493 -14.940162
1.705344 -11.000337
-0.754552 -9.163178
2.185577 -7.618611
5.642021 -6.911342
-0.054035 -8.876824
-0.140359 -10.090637
0.677569 -9.495391
1.387723 -9.631472
2.702727 -12.161065
1.837138 -9.973457
4.927410 -14.660623
9.880088 -13.138074
2.933252 -14.773005
2.550905 -9.978309
14.174674 -13.020844
9.826036 -13.518210
5.639471 -16.609610
0.737357 -17.387503
-0.306299 -11.986440
0.119407 -9.379284
1.841244 -9.106019
1.582753 -12.449860
0.596619 -15.065769
0.158974 -11.199515
4.425889 -5.145534
6.339400 -7.818095
1.870797 -11.274075
0.923018 -13.498460
2.997473 -13.902392
2.575223 -12.119959
-0.909182 -10.046708
4.279857 -15.053555
2.277897 -8.054660
1.305544 -10.761689
2.092253 -10.740614
2.741600 -12.112817
2.819607 -11.122430
1.048760 -10.741626
2.344072 -10.410065
2.355811 -10.516846
2.444943 -10.910127
5.715852 -8.172087
6.006484 -8.082869
5.086564 -4.954325
2.523257 -10.642446
0.058601 -8.068166
2.012249 -8.374161
3.474078 -5.883510
9.270209 -10.837823
9.028690 -12.182055
9.301869 -8.903705
7.903720 -8.958913
9.026464 -10.633632
7.890303 -11.920992
-0.502292 -10.760848
1.963100 -11.004951
6.662808 -7.986373
4.688437 -7.890087
5.956017 -7.099665
2.620258 -8.016902
0.675269 -9.672138
2.101660 -12.385450
1.511706 -10.474878
-0.122665 -12.187530
1.435132 -10.859675
2.208936 -13.593148
4.838377 -13.910651
2.751754 -12.259526
2.115617 -9.312482
8.322553 -10.357912
5.055043 -13.590621
6.608905 -13.286533
-1.534481 -11.574527
1.206876 -13.910198
5.284055 -14.818704
1.491899 -11.491565
8.099044 -9.805180
8.625437 -9.707355
8.655772 -11.109319
8.591708 -10.205623
8.114481 -14.090229
12.092644 -7.662912
9.350901 -12.705114
1.659270 -6.783365
3.470830 -7.209898
4.684704 -7.433892
5.180897 -7.400849
6.537190 -8.035361
1.926298 -7.684897
2.473631 -9.660651
2.551644 -9.926663
1.720636 -9.259725
2.683636 -7.897735
5.307391 -6.268914
3.123840 -7.655462
4.487343 -6.948375
-1.135743 -10.906857
2.169646 -12.452777
1.875961 -12.086794
2.032505 -11.589843
0.632101 -9.691373
2.660385 -10.461192
8.527026 -10.240663
9.055019 -10.588969
6.418384 -7.926625
9.225665 -12.305690
5.003871 -15.375079
5.972837 -13.401824
8.175410 -14.058272
7.212267 -16.377741
9.026934 -11.184415
8.235286 -13.042809
5.181844 -14.642195
3.924309 -14.680465
2.164732 -14.340247
-0.881178 -12.185119
2.403349 -9.997526
4.946451 -6.997234
3.324634 -7.774441
5.054977 -7.629040
5.705190 -2.871526
4.072355 -4.048178
3.851637 -5.295598
2.438445 -3.566293
4.040488 -3.815259
2.276908 -5.410155
1.685755 -6.699268
2.818926 -8.693218
4.120781 -13.215366
3.263793 -14.319209
7.935480 -12.727170
9.928669 -14.903846
8.982905 -17.271513
7.745030 -14.293472
10.722391 -15.930068
13.246389 -15.134036
3.261593 -7.171526
2.191265 -9.397682
1.925701 -9.332654
8.495790 -8.129200
2.798678 -12.946488
1.459319 -15.207402
12.662956 -16.562906
13.304865 -15.154025
4.180359 -13.462404
4.757514 -13.906434
5.835098 -13.720614
1.074421 -12.354093
1.366150 -12.021180
2.508877 -12.505987
7.068492 -18.086550
4.312945 -14.829196
8.265858 -14.584622
8.053792 -12.956284
7.917578 -13.693294
1.553147 -10.865125
-1.416490 -12.230674
1.843396 -11.354836
1.252264 -12.993205
1.922313 -8.696340
-0.352763 -8.811705
1.441711 -10.459724
1.601305 -9.490799
1.901718 -14.049368
0.584628 -13.744960
1.691703 -10.519570
1.657051 -14.792569
8.443830 -11.453811
8.219830 -12.031503
11.410273 -13.867518
9.270846 -11.019519
4.055301 -15.234487
2.613221 -13.536938
1.097945 -15.500170
7.963076 -7.896548
8.701972 -10.008058
6.070657 -14.937344
5.132053 -13.314437
9.236607 -15.161915
6.027369 -13.716590
2.199065 -11.247658
0.991535 -14.571188
2.054181 -13.043992
7.770682 -13.877891
4.930901 -13.302592
5.739093 -14.785684
7.871773 -9.065540
6.870926 -8.032465
8.265033 -11.559243
7.850668 -17.155436
6.023810 -14.249990
8.719961 -9.653550
12.930937 -15.743688
8.539549 -10.464853
8.048209 -8.327594
8.476597 -10.225302
9.164061 -16.818216
3.478335 -14.640597
6.809022 -16.936281
3.633019 -15.797520
2.196896 -12.485124
2.736723 -12.623944
2.547717 -12.058084
0.305458 -12.435386
4.835789 -14.157096
8.078860 -16.811056
7.867322 -11.707000
6.696889 -17.015554
5.093108 -14.352578
9.249119 -13.318437
3.614806 -15.164724
1.856844 -14.290154
2.502227 -11.385961
1.800271 -12.988590
4.103952 -15.678876
6.894941 -14.115426
9.010950 -17.186981
4.188498 -15.693891
6.958756 -16.730108
7.566669 -16.300457
-0.013173 -13.637596
2.657068 -10.249552
0.601781 -11.183019
1.653229 -11.717698
2.447589 -8.657010
1.470257 -11.745685
2.057802 -11.423406
1.870098 -8.143286
10.297986 -13.400408
8.191476 -13.350839
8.050338 -13.499521
8.764300 -9.798826
3.855777 -5.301337
0.147286 -9.531432
-0.859140 -11.477854
3.307409 -6.539282
1.464894 -9.767967
2.362661 -12.277539
1.257190 -14.816780
8.240234 -13.261643
8.102254 -13.202820
8.554397 -10.899052
8.515493 -15.045394
6.020438 -7.100213
5.694286 -7.536952
14.935389 -15.874419
8.797921 -16.256165
9.144686 -13.241483
10.186397 -15.575610
8.390063 -8.764577
8.885628 -7.867712
2.346963 -8.409837
2.360561 -9.093644
1.903022 -8.349432
0.905855 -9.362577
4.687219 -7.981184
4.080845 -7.625099
3.649117 -7.319418
-0.165127 -10.284935
2.241762 -12.717408
-0.802540 -18.132113
6.300638 -13.253612
4.997830 -13.806832
7.987958 -14.507692
7.517734 -15.810504
7.157893 -14.647528
8.232313 -13.672109
8.544987 -9.862708
2.078736 -10.105395
1.674147 -10.706921
3.312632 -14.104707
3.825790 -14.634898
5.416027 -14.564857
8.222303 -12.723439
14.009834 -13.496967
10.433022 -16.839237
13.875711 -14.608926
13.241330 -7.757809
5.983189 -7.252635
8.549343 -12.231411
8.153628 -8.075097
8.510971 -12.912595
10.454645 -13.429773
12.541333 -17.856596
10.855640 -15.011159
8.435868 -11.045493
8.312012 -10.012301
8.135715 -11.125879
8.934216 -8.811205
5.657683 -6.563694
4.151496 -5.652252
1.662598 -7.196594
3.855056 -5.912770
3.953310 -8.009857
2.546510 -10.737848
4.656373 -13.270252
2.147258 -10.026488
0.142289 -13.178694
0.158701 -11.983350
5.732893 -8.002944
3.807003 -6.990030
9.351872 -15.038760
9.338884 -12.086638
7.939814 -11.189620
8.168638 -13.812701
2.678015 -11.717883
3.470466 -13.872184
-0.127543 -11.129961
2.276000 -8.830054
0.163499 -6.930371
5.449564 -5.789103
4.330659 -7.734078
2.588346 -9.046591
2.625405 -12.004619
5.545831 -7.566023
5.329695 -6.298979
4.655441 -5.890919
4.708987 -5.305938
3.518530 -7.937304
8.205448 -9.859602
8.476017 -13.425281
2.610757 -11.173982
8.850131 -16.184225
6.359282 -15.360193
5.108340 -15.651088
7.437416 -17.071457
5.740751 -17.771883
8.803841 -18.685211
8.853899 -11.617733
6.662374 -15.048338
7.696122 -15.158892
8.035475 -10.760887
9.641325 -13.728806
4.150208 -14.018826
-3.975633 -10.614682
-0.448150 -9.825336
-0.910049 -9.388825
2.789596 -10.563033
2.108795 -10.413105
2.319374 -9.722713
1.708692 -7.886030
1.104220 -4.841837
4.948956 -5.202806
5.416410 -7.973368
2.033445 -8.073146
4.077272 -6.403619
1.470069 -8.503747
1.606773 -11.298083
9.670448 -15.358946
7.653814 -13.499448
10.830465 -14.672765
9.087789 -10.779970
11.846972 -13.551852
8.736776 -9.746022
4.950643 -8.124107
5.253911 -13.389853
5.473740 -15.638748
4.952057 -13.654096
1.971525 -10.992947
9.296545 -10.539710
2.278015 -9.600240
1.110215 -9.989592
8.939483 -10.914634
8.797774 -9.538312
8.365806 -15.443355
6.987702 -15.375085
7.076643 -13.723784
4.483319 -13.204867
2.778261 -9.697501
-0.326876 -11.071405
-0.934539 -11.419248
1.868042 -12.357730
2.012041 -12.438382
2.545434 -8.817069
1.629997 -9.920411
-0.679962 -9.474815
-2.525354 -12.635964
0.686434 -10.150229
1.427135 -12.957520
2.298577 -10.421432
2.331977 -13.659271
6.540794 -13.477378
6.563425 -13.310414
8.007287 -13.641148
9.330202 -12.589370
8.981059 -9.140903
8.486753 -12.582242
9.090018 -13.059882
8.591119 -12.318274
8.509125 -12.782248
2.195132 -11.723596
2.614277 -12.536841
6.143321 -14.549947
5.758356 -14.805867
0.866942 -14.060553
8.281261 -10.271641
9.623716 -16.160307
5.781115 -17.299009
13.208110 -13.020127
16.256071 -12.047838
9.085269 -11.119694
7.834683 -14.589814
9.264696 -11.488755
8.843279 -7.966503
15.552492 -11.842839
13.690145 -13.843421
14.879458 -13.477660
10.603416 -16.180454
14.703359 -12.754926
13.207176 -15.450638
9.968867 -13.882181
11.351702 -15.693231
13.920256 -13.515531
13.032724 -14.389394
12.465676 -15.027367
10.680311 -14.575345
9.228470 -14.830622
9.319698 -13.294037
8.328806 -14.580333
10.393118 -12.927911
7.510615 -16.222761
7.743207 -15.379608
-1.999657 -12.319058
2.147612 -11.655784
1.785245 -9.589343
1.835855 -9.623591
0.637101 -9.898288
1.665861 -8.239821
4.904120 -7.480395
3.971178 -6.182909
3.732514 -6.657354
0.013776 -8.484052
-0.496511 -6.389749
1.092676 -10.888295
1.659017 -13.083462
2.301243 -7.879883
3.530164 -7.777314
2.560279 -5.821891
3.783728 -7.751638
3.994653 -7.502575
3.548905 -7.178291
4.502171 -7.307289
6.879438 -8.087069
0.517127 -6.443814
0.665782 -10.076223
2.374095 -8.974136
0.951337 -10.551843
2.078161 -12.223603
8.177030 -11.332258
8.619410 -13.082643
9.190359 -11.489898
8.041661 -10.355952
5.941195 -7.374613
5.983304 -7.831273
5.663432 -6.920625
5.603554 -6.214731
5.568277 -6.733655
0.901804 -12.198239
-1.429068 -11.460255
-1.139443 -12.083373
2.018445 -10.562243
7.883214 -8.434855
8.354540 -10.634486
8.543978 -10.379884
9.034207 -11.726649
8.114594 -10.901592
8.778537 -9.897932
2.675712 -6.875417
1.508870 -10.109517
0.248944 -11.073042
1.827181 -12.741101
0.621743 -14.315621
6.260133 -14.367122
7.878995 -9.696054
9.197605 -10.100594
10.382634 -13.449844
9.977938 -13.101704
4.444234 -14.600296
8.355186 -14.564221
9.504831 -18.624619
1.796973 -12.563186
7.209044 -8.149349
10.867511 -13.199260
1.903329 -8.770720
0.655615 -9.370953
1.160765 -6.684857
2.184029 -8.654220
8.600005 -11.850048
8.820771 -13.674735
6.238893 -14.974737
11.744397 -15.485589
12.018544 -13.851111
9.612257 -12.946233
10.272604 -14.181056
8.365837 -12.215117
9.254168 -8.815925
9.195323 -11.668136
-0.537364 -11.099396
0.814580 -9.739866
2.186355 -12.618237
6.055997 -13.387031
4.735113 -14.535644
7.389476 -13.520419
0.514092 -12.438032
1.309122 -16.984924
7.066126 -14.904164
12.545004 -12.866306
11.317248 -12.836684
9.217999 -12.883752
8.113056 -10.740301
8.981075 -9.547287
8.854980 -8.602664
9.477674 -13.927571
13.006845 -14.793155
10.004810 -15.521831
0.886457 -8.641198
-0.024845 -6.183377
5.727282 -6.551877
2.117967 -8.001751
-0.386445 -8.390374
0.853654 -7.925928
1.192639 -9.666643
2.647394 -10.119595
0.971468 -13.409391
1.908735 -13.487058
8.256411 -10.326268
9.226490 -10.961136
8.233129 -9.405995
9.264124 -7.852942
8.276721 -9.822233
8.112179 -9.993845
10.675920 -13.030167
2.666481 -7.673960
5.503657 -7.859074
8.409399 -8.040817
5.223100 -6.552002
11.858082 -2.233814
14.429565 -9.859579
19.623405 -11.680156
12.875406 -16.068233
12.088607 -13.185230
10.808872 -14.032941
8.046103 -11.239867
8.459145 -8.464112
2.552197 -11.869384
5.013023 -13.456367
3.494171 -13.945785
2.119813 -13.577419
2.643257 -10.733946
5.634881 -15.503587
17.203564 -16.661713
15.391512 -11.461950
15.502039 -10.639748
17.229752 -10.800832
9.309686 -8.296149
9.341135 -11.786443
8.621385 -8.168324
12.188064 -13.707700
10.818815 -13.056973
17.572859 -12.895455
18.183224 -6.221912
18.461691 -5.362435
6.152637 -14.461047
6.401292 -14.565134
11.216709 -5.266133
8.521463 -7.859435
3.166086 -8.201832
4.004269 -6.276765
2.551092 -8.694571
7.850018 -12.198854
11.113602 -15.359348
5.998823 -5.948439
4.617959 -6.672686
5.367015 -4.805058
3.407796 -6.494146
2.871043 -7.727238
2.017573 -9.750962
1.073435 -8.836705
0.477727 -12.038381
2.166491 -10.426068
8.792417 -8.683537
3.983727 -2.712514
8.038612 -1.801600
9.248112 -2.520775
8.016429 -1.654112
8.371995 -0.392726
8.243765 -0.879490
8.322042 -9.229480
8.750777 -11.353658
5.538943 -7.199694
8.724166 -10.325480
8.532393 -11.623410
9.074312 -11.683001
8.455196 -10.247178
8.741051 -10.350759
7.959971 -9.525609
9.153423 -9.085715
8.135781 -9.988630
7.861231 -11.618400
4.419627 -15.934319
14.643765 -17.863346
12.689581 -13.864356
15.643895 -15.201304
12.696478 -15.109814
11.255093 -13.661826
8.421032 -9.833794
5.708981 -7.768239
8.536340 -8.423821
7.957204 -11.346875
8.444524 -8.402864
2.889934 -7.372608
11.347142 -13.403910
8.872332 -9.930037
9.376565 -10.665382
8.680973 -8.100773
7.983626 -10.131110
9.045803 -15.289168
11.200902 -14.405532
13.284824 -16.557297
7.441377 -14.945271
8.595177 -10.434547
9.516472 -13.313172
8.202567 -16.397047
9.940951 -14.923090
5.229563 -14.459004
2.548980 -15.689900
-0.242016 -14.591720
12.889004 -6.899809
16.363001 -8.410731
15.296911 -7.993967
17.889429 -8.083497
13.701590 -6.742753
11.462625 -4.470640
5.374168 -7.554249
0.758382 -9.809277
2.087621 -10.928203
8.145028 -14.630458
6.886230 -13.420860
5.310442 -15.801893
6.429697 -15.656381
8.516661 -9.016497
9.198748 -11.269420
9.358189 -8.563991
2.158309 -10.434333
-0.686046 -12.031367
4.173645 -13.231787
7.649189 -14.107503
8.312705 -11.970233
5.858167 -13.946141
5.389692 -14.272582
8.437741 -17.567352
7.507615 -14.519660
8.626215 -10.730531
3.770220 -7.306093
4.951558 -7.998344
4.851274 -7.710876
3.126288 -8.098287
1.723576 -9.710455
1.938790 -14.129602
2.174987 -12.165391
2.528643 -9.012429
1.055686 -8.774821
2.014734 -9.164090
0.458285 -10.447090
0.008022 -10.440917
2.327314 -12.415135
4.039641 -13.218394
5.820725 -17.958782
7.422565 -13.557441
7.223527 -13.424703
7.858562 -12.789962
9.114678 -11.296624
8.263434 -9.120971
-1.224972 -9.434965
1.304856 -6.805593
1.888206 -10.588925
0.765196 -9.871113
1.727109 -10.196226
-0.308691 -12.452912
-1.354719 -12.797718
2.846960 -7.509283
8.915653 -9.655562
9.038107 -10.665738
9.283166 -16.059227
7.034844 -13.834718
8.915490 -12.937467
8.617977 -11.800852
8.793215 -8.570767
8.985601 -14.686955
11.560320 -15.745173
12.294455 -14.131077
9.645565 -13.715526
13.345314 -12.972348
13.776196 -12.909879
17.246208 -17.113632
16.538315 -10.863629
12.419608 -19.899137
10.754789 -16.402658
11.676897 -13.825694
12.307751 -14.076640
8.389003 -13.575704
16.393246 -13.579795
14.090502 -6.823672
10.459274 4.090434
10.033188 4.781480
15.612800 1.582323
12.446301 4.099613
12.158924 4.302180
11.383371 -3.808808
11.842318 -4.329565
5.833713 -13.773088
0.253493 -9.158580
6.996384 -8.100934
12.954605 -12.915034
10.317530 -16.987160
8.733290 -10.585242
5.827231 -7.439961
8.270339 -9.682410
8.853012 -12.595977
9.002439 -10.060922
8.623303 -9.500608
8.517480 -9.790874
2.273881 -11.055928
2.667836 -11.834051
1.029714 -9.369856
1.517880 -13.571642
2.939006 -13.279099
5.314506 -16.887831
9.184442 -12.012209
15.500395 -9.559178
15.349480 -11.648198
16.634813 -14.932415
15.253695 -14.007170
15.308619 -13.185442
10.804760 -13.546702
9.727672 -16.565170
9.345077 -11.991128
8.828862 -8.452649
8.388484 -9.874796
8.057155 -9.738206
9.630106 -13.648231
11.474411 -16.514887
6.541341 -13.511235
7.274468 -15.219185
5.320702 -7.385668
4.902822 -6.729044
4.829719 -6.836226
5.495737 -6.324159
5.639799 -6.723707
4.323109 -6.795135
7.926774 -7.823539
5.276913 -7.048762
4.672083 -6.573501
5.500466 -5.531840
5.580106 -5.998983
7.640947 -8.037026
8.218461 -8.858477
8.834424 -9.778824
9.255224 -11.407119
8.255331 -13.256627
9.977577 -14.891910
6.620789 -14.351516
12.378400 -15.038268
16.464018 -11.457536
8.056449 -10.298711
8.617595 -13.876098
9.350212 -11.322200
8.074079 -10.723496
11.632926 -5.621273
11.732785 -3.043746
8.224475 -0.068441
6.087794 -1.367897
7.693898 -1.792619
7.003183 -2.523661
3.743078 -6.116539
0.486334 -6.020401
2.653903 -9.087712
1.800754 -7.320113
2.393747 -9.868146
1.610163 -12.280448
9.327456 -13.068412
8.545757 -10.969447
5.312720 -6.286890
5.900602 -7.620931
8.847575 -9.558648
8.588318 -8.231634
8.272724 -11.335044
8.960261 -15.078050
3.669521 -15.062323
1.229342 -13.898160
3.735119 -13.711400
6.784806 -15.572097
0.197475 -12.942756
1.626752 -8.731668
2.474555 -11.323430
8.051438 -10.980086
2.198622 -11.474648
-0.155319 -10.703936
1.322113 -10.331167
4.857941 -15.740076
3.699332 -13.510783
0.797539 -12.895583
1.921591 -11.713325
2.514106 -14.074865
-0.078308 -12.863454
-1.768909 -11.748600
0.913585 -12.899769
7.614782 -15.583285
9.205690 -12.765229
12.796433 -7.537961
11.151293 -13.917468
9.021749 -12.961930
8.400597 -13.797720
4.928781 -16.001198
8.143686 -10.155583
8.251377 -13.014155
7.584667 -14.066184
5.854403 -6.779974
1.347792 -7.305062
2.180476 -9.463066
0.437308 -13.932488
1.908337 -12.360501
9.527659 -14.584147
8.649911 -8.232205
17.351608 -12.423419
12.867392 -13.052733
17.142330 -14.577206
18.331097 -14.223615
8.918468 -13.554126
9.275370 -9.921775
8.640810 -9.912793
8.478403 -9.617480
-0.121689 -9.265681
0.650894 -8.776451
5.286741 -13.931310
10.764967 -16.783195
15.559284 -14.746867
11.749259 -14.694358
15.149187 -14.242003
14.482197 -10.019316
9.111808 -9.616616
5.808402 -15.692422
8.983485 -15.255047
7.528815 -13.931641
4.045425 -15.315841
1.571134 -13.018725
8.826681 -12.269120
4.661197 -13.649532
6.055655 -13.283353
11.705158 -13.205665
8.624939 -9.466400
8.222193 -12.434316
8.149828 -12.857194
9.369316 -13.016649
2.448585 -11.073549
-0.338942 -10.685566
1.139938 -9.435409
-3.212996 -12.233102
2.391146 -12.165797
4.753684 -13.622218
0.249101 -7.840560
2.395683 -9.800097
1.328698 -8.809222
6.014490 -7.551669
2.562568 -6.678665
4.262013 -3.706803
6.103589 -0.462277
14.901301 -12.170373
16.205877 -10.821338
9.119119 -9.449510
9.263194 -9.742379
9.177135 -14.331432
15.800604 -14.663849
10.944136 -14.335940
14.295063 -14.166710
11.606861 -13.666433
11.832218 -13.424541
7.246643 -16.799500
7.154251 -14.959323
10.311730 -13.206905
7.428759 -14.971732
8.169409 -13.852662
9.078764 -9.393538
11.164165 -13.414217
2.109460 -7.786701
1.523764 -10.308242
4.102968 -7.988444
2.618867 -9.691882
0.815371 -7.679653
3.754387 -7.422584
1.673551 -9.439467
2.339432 -11.754514
2.034580 -11.724222
2.719650 -10.732600
14.909145 -19.058084
9.433804 -16.345150
8.525940 -9.407112
8.386334 -9.815117
3.575803 -7.189930
9.009209 -11.447886
8.218704 -11.405599
6.906082 -8.174900
11.264560 -7.614513
11.420734 -6.448209
8.105993 -13.339066
14.066743 -12.896642
5.831352 -13.878261
11.020145 -17.519623
10.127846 -14.651347
4.007044 -14.949401
7.324742 -7.832508
4.608970 -7.840189
2.204329 -10.792011
2.434518 -10.310423
8.627691 -14.822549
10.988190 -13.794089
9.152106 -10.010400
3.945583 -13.716008
-0.471760 -12.231753
0.335446 -11.130659
1.717747 -10.462874
3.464799 -7.344630
4.121781 -8.142673
8.808753 -10.787959
8.269711 -10.281531
8.087070 -10.257280
4.870116 -8.047389
3.606275 -7.880871
2.208900 -6.000123
5.246640 -7.295627
13.111443 -12.930319
15.129075 -12.502269
8.430264 -11.907037
-0.163368 -13.105787
-0.505353 -14.019078
4.007937 -13.424965
6.852746 -14.309453
2.136730 -9.288545
3.437676 -6.886003
4.496929 -5.991002
3.042253 -7.047890
14.962261 -6.984174
18.385569 -9.850554
11.761879 -7.069230
14.839216 -10.384439
11.944719 -6.645604
11.585668 -5.806663
15.213840 -8.822718
14.173792 -14.619747
7.991709 -9.553050
9.125711 -8.853183
8.782335 -11.403600
9.202041 -13.571772
9.105848 -10.690970
8.129993 -10.784297
8.572453 -10.089532
10.602944 -19.171602
12.171230 -19.593077
12.097880 -16.991449
10.176227 -13.637782
8.579145 -12.047537
9.065615 -14.757461
2.934802 -18.286310
1.488711 -13.294333
4.021742 -7.903937
1.738496 -6.626561
0.135427 -9.493161
2.084301 -10.211503
2.340581 -12.743684
0.684702 -12.919950
0.328289 -8.617093
2.329197 -10.515680
0.907463 -9.144625
2.030602 -9.615268
1.291748 -9.830152
2.379308 -12.386838
2.012852 -12.598494
-1.536906 -10.383881
1.681240 -8.982865
9.771655 -15.910815
9.522649 -13.812116
9.329801 -12.776583
8.055938 -14.785880
7.435881 -14.502093
9.539066 -14.223180
7.533226 -14.399483
8.467058 -10.947074
7.437812 -16.954786
6.868724 -14.375813
5.944924 -13.624944
6.666621 -13.473706
11.809001 -15.122054
18.297190 -12.765315
15.328392 -12.883927
6.783171 -16.862251
7.906394 -16.364269
1.442813 -12.573785
1.631278 -9.203101
2.602775 -10.876584
1.203672 -10.915156
2.238831 -9.369847
2.492542 -8.344573
3.079818 -6.974278
5.850241 -5.761520
5.004553 -6.654991
3.796631 -6.587232
4.516882 -4.288846
2.738404 -2.349905
7.198184 -2.737600
4.030160 -2.581541
5.896586 -4.461885
5.261662 -7.271028
-0.319196 -7.650337
-1.839813 -10.729424
1.198310 -10.745463
0.928457 -10.003566
1.951330 -11.503436
1.721287 -11.371661
1.734597 -10.442725
4.911503 -7.751042
2.048684 -7.785459
6.361135 -7.916607
1.838015 -5.813055
4.153614 -7.105603
2.147466 -9.349904
3.576227 -6.132446
1.230509 -14.363912
2.447135 -10.331274
2.614703 -8.922442
2.796351 -11.265379
1.833460 -11.522690
2.390077 -14.223739
2.180052 -12.629290
5.489277 -14.323018
0.300679 -13.987212
-0.014218 -11.384972
1.367462 -13.380403
1.164049 -8.234590
1.492594 -9.360649
0.630318 -8.202066
2.749525 -10.437333
2.199333 -10.140743
1.960569 -10.597599
4.721469 -7.410048
7.859189 -0.898033
4.794197 -2.097129
2.536290 -3.088838
5.838533 -2.826964
5.970983 -5.446690
6.049381 -4.424947
8.898890 -11.598103
9.016712 -10.800740
13.808943 -18.261681
8.106231 -12.554834
10.885829 -16.013350
11.116671 -15.564004
7.093590 -13.437945
8.994915 -9.748902
8.972263 -10.950065
8.993050 -11.311316
9.101099 -9.488815
8.312787 -8.294113
8.228058 -9.568712
9.268476 -11.562695
8.040291 -8.959609
8.571287 -7.899913
8.418743 -13.617414
8.266992 -12.665849
7.991879 -13.383374
6.732770 -14.342141
4.831226 -14.930176
3.292132 -13.498007
4.677113 -14.663862
9.576167 -16.364916
9.049665 -19.189173
0.396325 -10.985866
1.002053 -9.251166
1.626150 -11.000526
8.826323 -11.036547
8.646615 -11.582872
9.050684 -7.846210
4.096185 -7.551208
8.599012 -9.750054
8.348876 -9.822881
8.891985 -9.684436
8.462202 -14.972111
8.787318 -11.700133
8.013216 -12.105909
8.321453 -10.077975
8.729503 -9.227297
5.866396 -5.667805
4.804771 -4.843865
2.154584 -11.103173
5.344730 -8.150673
5.765398 -7.816285
5.150189 -6.311237
5.561278 -5.863707
4.822977 -5.016799
3.743337 -5.766798
3.965080 -5.230686
3.577982 -8.034390
5.186163 -4.482297
5.723800 -3.804963
5.046281 -4.739780
6.097838 -7.764199
5.006547 -6.463003
4.156133 -7.109576
5.348799 -7.042830
4.318499 -6.010964
3.809865 -7.030952
-0.144516 -8.723343
2.741389 -8.481780
2.551142 -12.098560
2.265915 -11.206107
-0.186917 -14.328782
2.754865 -8.422658
1.415156 -6.852064
4.178734 -3.616925
1.117716 -7.632688
1.683647 -9.349829
2.185546 -13.278195
3.521589 -13.585156
-0.007623 -14.569062
2.301630 -14.031953
-2.391325 -16.089504
-5.794921 -16.633150
1.055362 -15.266990
8.349805 -12.779275
8.397182 -9.294682
8.576319 -12.006896
8.499262 -10.777876
10.263932 -14.921257
8.125390 -11.334327
8.589965 -11.906484
8.062716 -9.461253
7.933640 -9.419941
8.363135 -9.487784
9.777121 -13.763034
9.827089 -14.562159
5.010394 -14.372855
13.965046 -15.629583
7.932283 -12.161763
0.990374 -8.525397
4.562040 -7.436299
3.342137 -4.358440
2.322212 -7.814677
1.393673 -7.102935
3.897549 -5.102940
8.903474 -12.907130
9.139773 -14.674294
8.753382 -14.099824
5.226292 -13.578596
7.400154 -17.037439
1.263290 -16.840456
2.865384 -17.112474
1.643506 -17.552687
8.233475 -11.048072
8.792195 -12.926007
8.566124 -8.717011
4.338750 -7.361496
2.466406 -3.924948
5.582463 -8.136037
4.480538 -3.210310
4.459744 -3.336697
1.062972 -11.290814
2.613338 -8.673356
1.302495 -6.824231
1.595312 -5.916263
-0.049627 -6.015407
-1.043930 -8.575908
-0.701361 -13.034474
8.416730 -9.448875
8.013353 -11.031104
8.871502 -11.313754
8.548321 -9.767559
8.494787 -11.226086
9.268896 -12.794047
4.847841 -16.150690
4.160029 -14.616508
3.437892 -14.048409
5.394667 -7.890756
5.500012 -6.675067
4.171717 -8.109214
6.695240 -8.043551
6.436598 -7.922555
8.456015 -8.193429
8.215804 -14.994490
6.866812 -16.124987
9.101637 -12.830924
13.389902 -14.007165
10.046309 -12.838924
8.619611 -13.234150
9.143442 -15.565923
12.736315 -18.069538
9.284041 -14.613730
7.474928 -16.394361
8.924360 -11.852822
8.743858 -9.892092
8.086084 -9.335752
8.158571 -9.182599
4.258495 -7.838327
5.745834 -8.136353
2.923389 -5.154230
4.379847 -3.464862
4.108643 -4.842675
1.112811 -11.744175
-1.167612 -13.382296
1.870076 -8.441190
2.763503 -6.040664
0.370307 -7.543739
2.771991 -10.409089
1.874635 -9.547923
1.103604 -6.383923
5.925808 -7.292060
5.356970 -6.246022
4.112222 -7.622385
4.679747 -6.994348
4.075472 -8.181975
6.701469 -8.191768
12.076567 -17.038803
12.822926 -16.196262
11.087221 -13.189101
4.890363 -13.918325
2.343528 -10.776720
1.560116 -9.827442
0.561603 -6.280235
6.011909 -6.712543
7.846122 -9.622499
7.992172 -10.318229
1.649073 -10.076348
1.403902 -9.779819
-2.114820 -12.276959
3.373667 -14.131552
2.279026 -10.715896
3.082464 -13.248799
1.568669 -13.198759
4.938536 -13.490314
9.001470 -14.912203
5.035707 -13.227651
5.043386 -13.415696
2.336231 -13.382009
0.463378 -11.237731
2.542691 -10.076126
5.588459 -6.071075
4.179473 -7.357582
2.099300 -8.130731
7.841916 -8.600167
4.144716 -6.988334
0.824933 -9.912856
2.470569 -10.735057
4.216273 -7.058694
6.138265 -7.920200
9.339853 -11.231097
9.534002 -13.637919
9.697021 -15.448932
11.839678 -13.791167
13.039639 -12.992276
9.971355 -15.285016
8.648722 -12.278030
8.992868 -13.815634
4.259015 -14.274269
2.808105 -10.788224
1.698444 -8.847320
7.427271 -7.930518
10.454152 -2.806309
7.843822 -8.527095
8.434535 -13.427907
9.044553 -8.430610
14.402433 -10.934357
14.134893 -7.671413
11.749182 -7.205771
8.170954 -11.782271
3.632804 -8.099939
4.285642 -8.186308
5.790901 -15.018798
8.070320 -13.996383
5.990137 -14.578356
11.417488 -12.997659
9.657684 -14.165659
8.112186 -9.977490
9.247127 -11.572855
8.715850 -12.571572
9.735131 -13.294141
7.604356 -13.756145
9.373795 -10.876483
8.413682 -10.583341
8.721708 -10.781993
6.350004 -13.684091
0.588427 -9.187725
11.369666 -6.750074
13.783866 -14.286441
8.864158 -11.324121
8.196319 -9.252775
9.070948 -11.763025
2.187061 -9.877872
4.205804 -13.346517
0.898841 -13.814290
-1.624391 -12.367560
2.287113 -11.644777
0.896452 -6.604084
2.512572 -10.243490
0.264895 -11.067300
1.596022 -11.600688
9.125378 -10.825443
7.957338 -8.523534
3.233799 -16.993008
3.683512 -14.044768
1.884276 -16.489799
7.372276 -16.083899
4.746291 -13.373520
4.556777 -6.201486
6.290942 -7.992849
8.670938 -12.977158
9.150845 -10.813730
8.264418 -12.469115
10.388500 -13.440665
8.507196 -13.465613
9.246264 -15.149093
6.480348 -15.406802
10.459337 -14.133679
4.311007 -15.552484
1.828334 -12.900234
2.710394 -10.923808
-0.421748 -9.959895
2.758092 -10.513858
1.690676 -10.661819
4.397563 -14.497941
9.270977 -9.897521
8.195630 -9.163632
9.178526 -13.284663
14.266012 -15.216367
8.238283 -11.716826
9.514021 -14.805044
9.344604 -14.017673
1.482244 -10.287710
1.107039 -12.205781
5.771356 -8.024337
3.196388 -7.714050
5.577677 -3.096649
5.026065 -3.692635
2.992057 -6.686913
4.544297 -17.391823
1.096037 -13.263662
8.130857 -12.976156
9.060197 -10.691911
10.758122 -16.543009
1.686537 -15.161281
6.084553 -16.205523
2.677814 -13.153642
1.744383 -10.682144
1.760582 -11.926030
-0.430943 -12.496163
7.029387 -14.097014
8.328911 -12.476576
9.593060 -16.500858
8.713965 -11.867160
9.150867 -9.623882
8.896993 -8.956401
8.857162 -9.217751
8.858662 -9.746069
13.548605 -19.473103
13.183971 -14.487039
10.743074 -13.061827
10.759977 -13.779838
10.956881 -17.378284
8.954720 -10.140745
11.279373 -14.769675
12.431652 -13.120048
11.126072 -15.518626
12.718311 -14.550347
8.075997 -9.601985
6.058264 -5.989352
5.440204 -6.169755
9.307464 -10.943971
6.909658 -15.510545
11.168605 -4.406852
6.198367 -8.069062
8.267447 -7.871188
8.275890 -10.979635
7.790915 -13.279537
8.204763 -8.780259
10.319933 -14.600430
6.363360 -15.199328
11.514665 -17.200666
8.562692 -11.304168
0.871605 -9.756855
1.021241 -10.423309
6.837805 -13.943728
4.790427 -7.502468
3.270695 -8.011447
4.991622 -7.116641
5.815232 -7.687845
5.782568 -6.624391
11.038810 -13.174569
11.415915 -16.505539
9.152529 -13.611527
8.872198 -8.276459
9.220822 -10.011022
8.100039 -7.945705
8.586962 -8.100083
8.565783 -12.044961
12.874435 -16.611681
10.773336 -13.521276
8.967032 -10.536695
5.994945 -4.865877
11.192860 -5.252815
12.613705 -7.255112
15.310734 -7.679070
15.507447 -8.918008
18.160580 -13.066588
