-2.004674 4.798323
-0.724908 3.281399
1.503673 2.786351
2.290923 2.607411
6.294560 0.115553
6.506376 -1.193226
8.702453 -1.010050
8.068092 -0.148997
6.444867 -1.108336
4.054624 -1.832471
0.488685 -10.681631
2.465304 -12.377892
2.305906 -10.058969
1.350698 -9.599274
1.075416 -9.763648
-1.031192 -7.623434
2.624888 -8.770652
-0.999319 -11.607835
1.619959 -10.976785
0.063559 -10.597460
1.225275 -12.133450
3.946666 -14.141898
5.953922 -14.471780
4.706569 -15.427629
9.609991 -13.577160
11.694790 -13.451688
13.780424 -15.467151
14.681788 -18.470007
5.545419 -13.562575
3.629495 -14.153882
8.508617 -9.201238
1.987211 -8.977262
2.636952 -9.699407
14.568692 -12.533887
8.779020 -10.393761
8.230474 -9.812292
2.157788 -10.838504
-1.565143 -10.655253
0.429949 -10.166951
3.040918 -6.016437
9.315820 -9.290240
7.682504 -13.368133
6.847393 -13.931184
4.654260 -13.270682
1.945708 -14.881299
0.661772 -12.418910
2.124412 -10.252925
4.869444 -6.961537
4.963796 -7.513908
1.842886 -8.322289
2.746293 -11.010822
2.598365 -14.635308
3.927814 -16.420507
1.767863 -13.374633
2.138749 -11.355043
1.295638 -10.934251
1.606291 -8.234263
4.255425 -13.214750
7.299635 -13.362197
6.963305 -13.759357
8.494280 -10.173393
8.938078 -10.695479
11.530624 -16.088255
9.227009 -14.248477
10.465181 -14.445525
10.303031 -15.548119
12.311644 -13.268609
10.141538 -13.105171
7.294189 -15.991370
0.196189 -11.851701
4.423460 -14.897368
0.493424 -11.726707
1.921828 -15.458447
3.823671 -16.013588
8.172977 -9.477434
8.460867 -8.038074
0.961247 -13.708808
1.777645 -11.580254
2.077813 -12.138026
2.299726 -9.322470
4.758348 -7.971147
0.336776 -10.147282
1.361894 -11.642126
6.717434 -7.962346
8.866190 -11.580879
8.060710 -11.541265
3.273492 -14.679091
0.853398 -14.062122
2.486535 -10.689446
1.794816 -16.584898
6.222826 -15.165741
3.687467 -16.744638
3.080836 -16.320808
1.144034 -16.346720
1.339028 -10.212244
2.368783 -11.968871
1.950019 -12.539256
8.838641 -8.023664
8.161243 -12.564683
8.173450 -14.550281
4.353990 -13.783920
2.385530 -11.312540
2.719883 -10.351047
8.359580 -8.509872
8.394561 -7.947591
8.034534 -8.002989
4.108288 -8.124113
3.511104 -5.957448
6.125743 -3.585634
9.959991 -13.192868
11.429758 -15.952689
9.664806 -14.193580
10.883484 -14.516143
2.020172 -13.395898
2.662796 -8.170108
3.323393 -5.728695
5.999845 -7.691092
9.167989 -11.857976
6.242099 -18.544605
7.698302 -18.975731
13.740723 -13.884497
6.259413 -13.598139
6.942167 -13.547691
8.716716 -11.198227
4.324949 -7.332299
4.444548 -7.815204
1.300534 -10.792384
1.952819 -10.764806
0.693331 -14.320487
7.142574 -15.605685
8.864568 -11.710341
2.771845 -9.724498
0.951174 -11.344344
3.188576 -14.071589
-0.002545 -11.813547
2.591800 -10.878268
-0.109945 -10.779178
2.765047 -12.764210
8.928814 -11.582063
8.800582 -10.097901
8.002442 -16.210873
4.017537 -14.341091
1.645907 -12.717362
0.022595 -8.456289
-0.103589 -9.427327
0.704664 -9.870391
-0.555436 -9.831550
1.659478 -9.163147
2.485257 -8.723212
2.550816 -12.811800
2.175653 -11.441333
2.307213 -11.866815
6.984479 -15.605914
3.629238 -13.477703
8.454654 -8.405898
8.237220 -8.504437
8.713953 -10.082631
8.213253 -12.767037
11.818556 -14.756348
7.938037 -10.411412
8.129492 -14.529148
7.141099 -14.661839
4.626149 -7.395959
5.064058 -7.185302
3.603519 -7.397251
5.744177 -13.929740
-0.381895 -10.687614
2.182196 -11.813979
2.632046 -11.640403
2.357869 -12.920203
1.301526 -11.256911
0.708213 -9.734479
0.979975 -10.211080
-2.120156 -12.716826
2.323024 -11.441028
2.314210 -16.076811
4.433051 -13.219981
0.603844 -15.770741
2.802230 -12.541342
1.154457 -11.060243
0.663770 -8.182842
3.899152 -8.161353
5.889412 -7.903071
7.992482 -8.178617
8.324010 -10.508943
8.961376 -13.953993
4.928650 -14.220416
5.754037 -14.321337
5.503801 -13.491962
3.648920 -14.533162
-1.461668 -15.219851
2.494350 -12.694617
0.264594 -14.968290
7.278273 -13.737070
3.968605 -16.660179
-1.891596 -12.255086
0.833221 -9.796756
4.087382 -6.487320
3.782217 -5.928557
5.163685 -4.661065
5.606303 -5.777163
2.755582 -5.723676
1.955215 -11.978200
2.670132 -10.595364
2.307132 -9.732758
6.902761 -16.926603
8.031251 -12.621379
8.539895 -8.263242
8.163710 -11.514932
8.108631 -10.066689
8.996979 -10.366735
9.988608 -17.125826
17.304605 -18.196920
9.438025 -15.055867
7.322168 -14.786199
4.112487 -6.407919
6.532840 -8.157345
2.893311 -8.047921
1.823876 -9.298457
4.294679 -13.516450
-2.044066 -11.269329
-0.830403 -10.343920
1.451162 -10.891969
5.928165 -13.661042
8.366383 -10.168549
9.157176 -8.522893
8.903351 -9.330535
8.570732 -8.699115
4.490847 -7.187854
2.316672 -7.744880
5.808764 -7.597301
4.450381 -6.938579
6.142844 -3.020059
5.026287 -4.138385
6.048642 -8.136882
3.771417 -7.848325
7.830169 -8.000804
7.917179 -8.822116
8.567103 -8.379951
8.863859 -10.175109
8.002316 -9.512102
8.593691 -15.647661
6.829823 -13.917545
13.652732 -13.157430
10.796464 -12.888677
9.170720 -10.890858
7.433845 -8.101518
4.295238 -7.902198
4.209846 -7.067656
2.175857 -7.905715
1.893298 -11.255183
2.067176 -10.774884
1.447514 -8.431127
4.887832 -8.133334
3.768169 -5.931043
5.363066 -5.748539
2.115975 -7.738075
2.325120 -10.731734
2.646605 -15.498263
-0.128406 -14.376889
1.142490 -11.849449
1.748247 -14.225120
4.886102 -13.351566
1.805735 -11.986001
0.069751 -9.790150
1.456661 -11.485506
0.741628 -10.041146
-0.205181 -8.862493
1.434739 -9.910248
1.620570 -11.944377
4.088306 -14.079820
4.537459 -13.955739
7.088253 -13.364236
7.548229 -13.238003
5.419242 -7.765709
5.797650 -6.031250
6.241634 -7.833047
2.625415 -8.809367
1.984071 -4.893192
5.797532 -7.834181
9.296494 -9.010060
7.855907 -8.034296
9.066330 -11.801786
7.714938 -15.422287
7.070743 -13.919673
4.678832 -14.344277
4.167605 -14.209306
5.866613 -14.317439
8.045644 -14.457323
3.225823 -15.554191
-2.720562 -13.199612
2.123385 -9.000043
2.401227 -9.891362
2.430985 -8.671519
1.796394 -10.686181
0.649953 -13.149539
0.861541 -10.450175
5.380588 -7.480860
4.005066 -6.565887
5.680402 -6.909036
7.927177 -8.875371
8.480046 -12.901280
7.656384 -14.914410
8.985454 -11.893618
8.277672 -12.917894
8.072087 -11.072171
8.670363 -12.541978
12.193387 -16.127285
11.167792 -13.405703
7.896369 -12.365449
7.977259 -11.852239
3.550808 -15.578263
1.753664 -10.338675
0.736511 -10.959599
1.054640 -10.545054
2.936821 -13.417743
2.236298 -13.481542
4.590327 -16.828630
1.644241 -11.438638
2.761023 -11.936467
1.433323 -17.408823
1.625422 -10.393277
2.423559 -10.488605
0.695866 -10.169040
5.966204 -15.852035
4.981956 -14.861882
8.864128 -15.763307
8.322084 -13.331120
8.617708 -13.046497
7.503630 -16.300018
1.498895 -13.242494
5.085794 -13.677094
7.982368 -14.618699
5.575631 -14.540704
5.843486 -16.294111
9.595577 -13.289424
4.748744 -13.475473
1.620281 -9.099929
0.286449 -10.266664
2.616968 -9.727659
2.703918 -11.589797
-0.099639 -8.822808
1.295244 -11.110072
2.549649 -10.047868
1.607663 -10.095386
4.180235 -6.112350
4.512658 -7.557526
3.062224 -6.495131
3.974289 -7.837603
2.956736 -8.044882
6.322026 -7.910321
1.364463 -14.010649
5.141488 -14.719111
12.610071 -15.689021
8.939382 -15.823560
8.446508 -12.824995
8.808904 -8.456599
8.202522 -9.285967
2.012377 -10.802539
0.779100 -10.181300
6.423470 -8.129522
5.196887 -7.321157
5.852623 -5.583177
7.107129 -7.956183
4.369969 -5.474095
5.782058 -7.613859
9.109087 -2.164794
11.663863 -2.705945
9.773556 -2.141588
6.247659 0.366460
8.968636 4.700307
11.773987 4.601833
12.847038 5.004707
10.590383 4.053462
13.203777 6.004144
15.817662 6.921389
16.299332 -0.159997
16.539530 2.662887
14.604357 2.945831
14.192109 3.042953
17.078684 0.227594
19.507093 1.798768
