15.624061 -8.767074
18.766975 -10.962105
13.123091 -14.946742
9.224589 -13.424818
6.744697 -15.349984
6.559320 -13.745181
10.033485 -16.405653
9.700848 -13.388885
15.572889 -18.368048
14.620989 -10.332741
15.988798 -14.456586
12.777553 -16.052420
13.918724 -14.761043
11.116611 -14.658083
13.642830 -14.991346
10.132309 -13.696214
8.094275 -8.991025
8.729165 -8.823609
8.631938 -10.852363
8.360311 -11.083171
8.259937 -11.249578
10.694481 -16.377295
5.758193 -14.671908
4.158001 -14.497574
3.145787 -13.999892
2.920349 -14.353948
0.577024 -15.666020
10.264602 -13.474548
6.646628 -14.649529
5.961895 -15.969392
4.118948 -7.909868
5.724314 -7.709677
2.013236 -9.572293
1.077231 -10.624953
1.252040 -8.471083
1.859396 -10.778941
1.333400 -13.163486
5.593902 -13.714330
5.344337 -14.446700
8.280003 -10.198023
8.887419 -9.951617
7.951805 -11.463262
8.299273 -10.677175
2.591467 -9.652559
2.007502 -9.022775
1.457636 -12.390388
1.946781 -13.532560
8.696558 -15.068175
8.125317 -11.069537
5.562675 -8.114860
1.517752 -7.989751
0.914707 -9.522318
0.014233 -10.657912
-1.002592 -9.591495
0.451613 -9.143343
8.381969 -8.429885
0.463684 -9.812733
1.615182 -8.054980
1.414214 -11.841237
0.604313 -16.763887
8.443660 -12.103989
15.350384 -10.339599
8.494802 -9.641611
9.275223 -9.479257
9.113178 -11.783021
8.446335 -11.196988
8.071800 -14.803758
9.810863 -13.027208
13.014513 -14.013583
16.093498 -15.124532
12.651987 -12.883447
11.349999 -13.220552
11.259151 -13.065637
9.903222 -13.668118
11.955319 -14.090795
8.108578 -16.168964
8.971317 -8.693605
8.787013 -10.784400
7.872317 -10.789736
8.322676 -11.602420
7.984244 -11.867970
8.893155 -11.725170
8.152825 -10.308030
1.388117 -9.519344
2.277846 -11.264754
1.465916 -14.815193
6.494463 -13.567587
4.984506 -13.658593
13.820442 -14.852113
13.653859 -14.772376
15.925900 -12.890336
14.407001 -7.032655
8.132301 -8.846414
2.788814 -9.706855
2.642250 -9.925058
0.950916 -9.098024
1.442382 -14.209779
4.548560 -13.233381
2.671186 -9.897733
1.527904 -9.914164
2.250899 -7.689859
3.029708 -15.069884
2.169291 -13.139123
2.214009 -10.454484
8.713084 -11.654202
7.877708 -13.056348
8.976039 -11.807773
9.166815 -12.691492
4.578772 -16.073860
5.716718 -16.735849
4.889574 -15.447059
3.964708 -14.369878
1.987677 -13.435879
-0.036352 -11.931739
8.168964 -8.546491
8.016520 -9.045571
9.191485 -12.059356
9.291328 -12.237784
1.521209 -12.993749
3.779026 -13.370622
0.781981 -13.863265
2.062599 -10.906133
-3.062774 -10.833074
-0.614151 -9.964483
0.390334 -11.568454
-3.458447 -9.938532
-0.008982 -8.520039
2.766589 -6.970546
5.448364 -6.076687
-1.281382 -11.492675
-0.445478 -11.032632
2.455844 -10.133956
0.385338 -12.967758
2.113531 -10.915717
2.763454 -10.360671
-2.648901 -12.747024
-0.696106 -9.735028
0.208046 -8.902658
1.125130 -10.104909
0.632253 -11.061728
1.025140 -11.388350
1.538147 -7.946845
1.416555 -7.955951
4.623795 -7.999143
-0.401095 -13.357630
2.519096 -10.583447
2.302674 -10.793636
2.469147 -9.264530
0.185820 -8.908414
0.692101 -7.112874
4.213192 -6.582903
4.935345 -7.645731
4.771760 -5.382741
4.240111 -8.123399
5.632497 -7.923232
15.176506 -13.892420
9.338270 -16.202345
8.110276 -11.884507
9.147693 -9.748509
8.245831 -11.566653
6.991187 -14.224893
6.953355 -13.259309
4.897210 -15.796342
5.049881 -13.339222
9.146227 -12.551990
15.004112 -14.707881
10.852745 -13.049645
10.043982 -15.170274
5.421033 -7.900830
4.607697 -16.728239
1.010318 -10.054975
0.087655 -13.356465
1.260352 -12.601146
2.123542 -13.056394
1.705603 -11.726048
5.444218 -14.243235
5.216162 -14.197269
4.271107 -13.827332
11.498216 -16.014227
7.993172 -14.703909
8.268598 -11.926720
9.010380 -8.644670
7.552149 -13.361573
1.534083 -13.829181
-0.336344 -12.187659
1.509503 -9.625014
2.819790 -8.286893
1.858305 -9.678994
2.760626 -7.482586
0.446131 -9.971852
-0.263443 -11.440881
-1.760225 -10.286592
-1.302024 -10.676854
-1.051422 -11.841915
1.630033 -11.841292
-2.779240 -11.650203
-1.203707 -10.622193
0.565304 -7.102001
0.309955 -10.472026
0.867601 -9.768016
0.788957 -11.418929
-1.013856 -14.962931
6.187168 -13.202283
5.574404 -14.666842
4.624017 -13.821857
3.769998 -15.654451
3.936470 -13.978209
5.300744 -13.971563
8.258677 -16.757792
8.643527 -10.598668
7.960041 -8.238282
9.373998 -8.742230
8.592842 -12.644741
8.386252 -9.238231
7.863235 -10.212072
8.058368 -10.433931
6.209826 -14.425931
11.516563 -14.722355
9.373446 -9.247933
17.742296 -9.002202
17.127247 -10.413937
16.459076 -8.763519
13.960332 -14.004723
7.931038 -11.405393
7.953224 -13.263251
4.314860 -13.403337
6.216694 -13.887809
2.754111 -10.499881
-2.612842 -11.377871
1.053262 -11.000850
2.175115 -12.031724
9.663410 -13.120722
5.374136 -13.918116
6.396037 -14.992671
10.634890 -14.213283
10.930420 -14.489978
8.198298 -13.044478
6.627753 -15.215348
5.985403 -14.054486
8.197831 -13.075696
10.805962 -14.226167
8.234937 -14.618364
2.506288 -9.524746
2.245152 -8.847889
1.957964 -9.749510
5.973332 -7.151940
2.366405 -13.181188
2.104231 -11.592916
-0.365179 -12.941029
7.411255 -14.664091
8.567280 -12.270251
1.123557 -9.931806
2.789355 -9.956773
1.250291 -12.534076
1.992115 -13.055213
2.017778 -13.118996
-0.083144 -11.571555
1.749192 -12.577366
2.533129 -11.422987
2.898916 -13.946900
5.194547 -15.344033
8.145395 -14.193201
8.950233 -14.655184
9.571188 -15.072644
10.241307 -13.710003
12.985698 -13.701510
11.217899 -13.521947
11.403776 -15.137254
11.639729 -7.562031
8.475540 -8.601090
8.082941 -8.268684
8.243420 -7.969060
7.105673 -8.198909
7.711897 -7.897689
10.090562 -13.016376
11.253192 -16.778063
9.159037 -15.820889
9.480095 -13.952352
10.561575 -12.828650
4.503948 -13.684371
12.297177 -13.960704
9.411542 -13.841617
2.626723 -11.493857
2.445411 -8.867221
12.574329 -17.863405
6.166611 -14.871246
7.666642 -16.367933
3.643964 -16.101309
3.561514 -13.331713
1.744666 -12.066564
1.764757 -12.801066
8.689097 -10.765824
8.930483 -10.435582
8.030529 -11.803269
11.720957 -13.872920
1.346074 -12.839911
2.491478 -10.978557
9.735345 -12.872105
5.007289 -7.777162
9.665578 -14.189155
8.390045 -8.639857
8.187722 -9.684589
2.370883 -10.578538
2.561231 -9.008893
1.273073 -10.641198
2.468736 -8.929685
2.524111 -11.022635
5.752872 -13.352754
12.170635 -14.593129
8.460817 -10.318660
9.859618 -13.146239
8.477991 -12.340957
9.483633 -12.908814
8.333542 -11.045851
8.610475 -12.993518
5.352034 -13.662852
8.098879 -18.893457
1.430877 -11.537809
0.549568 -9.177315
1.459124 -11.137183
3.618818 -6.718321
0.827361 -7.454976
-2.004761 -10.195977
9.298291 -8.356462
7.117733 -7.932043
5.981531 -6.551560
5.441498 -5.308130
4.663584 -7.695593
5.529328 -7.914817
2.795085 -8.335466
1.695093 -8.241040
-1.241331 -10.059787
0.467135 -10.544241
7.178107 -13.440845
8.235268 -13.114509
7.700197 -13.812947
7.914062 -12.993522
8.608593 -13.574883
8.210070 -8.841316
8.843298 -9.944324
9.156490 -10.807984
8.607062 -11.907866
8.076723 -11.344008
9.156892 -13.485290
10.692142 -13.296327
12.499451 -15.402961
7.441810 -8.166423
8.008538 -9.782756
1.383006 -12.436599
2.801866 -11.763957
5.563555 -8.169126
1.322418 -11.203071
1.907461 -8.875201
1.185717 -10.380494
1.025115 -10.220870
2.451558 -10.015685
0.490616 -12.532556
0.996619 -11.936810
8.495034 -9.897105
8.263933 -11.785588
3.062765 -15.472022
4.574959 -16.843935
4.162620 -15.519263
1.070680 -11.657942
-0.376742 -10.613834
8.400542 -9.467287
5.023782 -5.062503
5.411540 -8.105411
1.324334 -9.979593
2.696016 -12.916659
1.036493 -11.589530
5.398429 -15.556064
7.785371 -14.200970
7.093909 -13.596776
4.362120 -15.690685
7.486610 -15.668798
8.377510 -12.146423
9.041515 -11.833021
7.948768 -11.291609
2.449355 -10.721131
0.522246 -12.523727
5.253094 -7.599810
4.679654 -7.767048
5.794551 -7.989064
1.819556 -10.566998
0.303057 -8.682467
4.739374 -6.599392
2.033904 -11.402303
0.540067 -10.359218
0.032191 -14.862809
0.203344 -14.349942
0.008206 -12.343502
5.307648 -7.810138
2.144602 -10.377594
2.243424 -11.182838
1.727323 -11.371619
8.313756 -12.259408
-1.433598 -11.727378
2.692668 -10.901151
2.674380 -12.485709
2.387428 -12.253853
0.102186 -12.397239
4.114165 -8.185048
4.645359 -7.626395
5.189810 -7.818110
9.324473 -8.153151
8.580491 -8.916492
8.225830 -8.821768
8.434669 -8.094083
2.830949 -10.692922
2.141591 -11.086491
1.444735 -10.822323
1.980063 -7.648082
8.260769 -11.441994
2.649680 -11.257220
0.961332 -10.253385
1.141455 -13.605138
7.059115 -14.130447
1.128805 -13.729544
2.629488 -12.543998
2.686572 -10.475854
-0.479132 -10.866895
1.423272 -8.609575
2.975518 -8.018104
1.540941 -9.957100
2.770974 -10.153934
1.322713 -10.431824
0.376180 -11.521147
0.980163 -4.079630
1.133974 -4.838998
5.377541 -7.625424
9.003180 -9.323901
8.699142 -10.859473
2.708172 -8.323366
2.551598 -9.563649
1.869025 -9.057179
2.778871 -10.679420
0.273593 -9.029964
1.185465 -10.443715
0.423396 -11.712882
3.311021 -13.553878
3.080944 -14.018304
1.957078 -12.801162
2.491879 -9.432096
0.200766 -12.853637
8.905791 -15.114459
9.566123 -13.204548
8.025364 -11.059779
8.562342 -9.394122
8.212444 -9.571023
1.992834 -8.878033
2.001667 -10.225814
4.678329 -7.298910
3.028366 -5.844454
5.637024 -4.086985
5.495290 -6.560890
4.274652 -4.977916
4.896900 -6.546157
2.643832 -10.385844
5.578956 -13.456247
8.468287 -10.351761
6.383630 -16.351236
6.974153 -14.945827
2.778770 -12.041276
0.928666 -14.540763
1.308648 -8.912434
3.559289 -7.986606
7.921837 -9.535863
1.651896 -10.717515
2.341863 -12.099253
1.336994 -9.953947
5.986586 -6.663418
8.181794 -8.444997
6.838923 -8.083081
6.950786 -7.839842
8.837173 -8.651432
8.377050 -9.515176
8.569104 -16.820799
10.153883 -13.149848
8.533677 -14.182074
12.486584 -16.834248
16.486889 -11.787970
18.212873 -14.498221
10.983760 -14.007541
18.421486 -13.789471
15.241873 -14.558507
4.988093 -6.191409
5.550495 -4.598437
6.762637 -1.190641
11.589561 -5.524020
14.633852 -8.241668
14.235125 -6.916956
14.176199 -7.632090
11.775289 -7.390552
13.906783 -7.717567
8.480752 -12.214845
9.383371 -18.956993
6.345036 -8.182725
4.495533 -5.665342
5.184207 -5.821759
5.083656 -7.666627
5.126707 -5.817355
8.331887 -8.009694
9.104527 -8.085599
8.623924 -9.053122
8.006320 -12.120105
14.370278 -7.428670
8.773674 -10.405486
1.689347 -12.886622
1.593031 -13.550958
8.284639 -8.981641
11.519777 -6.705792
11.465937 -4.145956
8.193671 -8.435119
11.261595 -5.489407
6.443368 -7.846878
5.662598 -8.145320
8.483449 -11.595956
9.143900 -11.028753
8.212797 -12.647108
1.939932 -10.318549
9.382391 -11.869704
8.102697 -9.649550
8.442883 -10.837455
9.350677 -12.888657
12.237984 -13.490716
10.054060 -13.935637
6.685740 -13.758498
6.247163 -14.126225
6.827500 -13.365655
9.295203 -13.916478
3.956394 -16.513506
5.273396 -13.413465
7.889380 -12.235211
0.826958 -11.893414
2.249838 -11.102498
0.492886 -9.225742
2.771140 -8.155873
2.291440 -7.779490
0.115302 -9.327464
2.913155 -7.291888
2.314544 -8.795198
-1.012481 -12.237809
-0.161568 -13.909039
4.201478 -13.514393
10.292762 -14.492591
8.017778 -9.857301
0.462938 -9.427812
1.543188 -10.234207
0.380344 -11.630637
1.816680 -14.116450
1.565645 -12.596641
7.818182 -8.033337
11.166664 -6.171586
9.026505 -11.592967
9.054836 -11.690472
9.818214 -13.708356
8.125114 -9.189333
8.993996 -14.355415
9.092226 -13.050050
8.862392 -9.368124
12.472888 -13.580738
7.544201 -13.650078
8.022422 -12.579255
3.114234 -13.646705
4.277363 -15.997628
4.505218 -14.954920
2.731540 -10.185755
9.138228 -10.932487
4.176715 -7.086739
4.909565 -7.174582
4.351477 -7.383473
4.003096 -7.855175
4.666972 -7.138052
1.676136 -10.700862
4.862032 -15.886027
6.865046 -17.295336
8.086180 -15.863763
1.180908 -11.687421
3.429879 -13.608300
7.728518 -14.492720
1.806603 -9.519467
1.986688 -8.923148
0.484021 -8.027083
0.695118 -8.615805
3.040680 -2.294577
3.693070 -6.718584
2.507512 -7.302861
5.917515 -7.271069
8.826582 -8.075021
8.034075 -11.556794
7.953432 -9.015674
2.170524 -8.325051
2.646831 -12.673706
2.070481 -11.984624
2.440483 -10.951724
9.017436 -9.961942
5.954042 -7.621826
8.903112 -14.958907
9.220657 -14.435447
3.794016 -14.101089
5.995070 -14.894277
9.021633 -12.253879
9.691142 -13.805631
8.519182 -10.278913
1.083474 -9.721610
1.091938 -11.948232
2.612193 -10.547332
0.423466 -11.153882
1.565914 -9.741638
2.532802 -11.621073
7.990798 -10.827258
9.165382 -10.478801
8.271764 -8.794426
8.414213 -16.909704
0.943567 -9.490851
1.908792 -9.176546
1.730219 -6.092883
2.687781 -11.034940
2.496346 -11.516776
1.057463 -10.929639
9.215605 -12.525237
3.517967 -7.520542
3.961521 -8.036373
2.765581 -7.264549
1.744958 -10.195304
3.006827 -7.414804
1.614041 -7.347397
0.052761 -11.071197
1.316197 -13.272913
1.183067 -10.962971
2.598966 -10.013022
2.689798 -7.984366
4.075768 -13.391360
7.837468 -14.318933
8.974268 -12.035913
5.961409 -17.699949
5.354581 -13.656371
5.308652 -13.768658
5.915901 -14.090052
6.907978 -16.082397
8.835299 -12.052541
1.451575 -10.516994
-0.576257 -10.644809
2.549672 -11.001022
2.663788 -9.329801
1.548862 -8.072744
2.386409 -8.281760
2.527071 -6.432523
1.430585 -7.997619
2.090060 -6.047112
2.759145 -4.544186
1.109374 -7.935664
3.200909 -7.237269
0.285234 -8.804072
2.790073 -8.534927
2.623167 -11.490083
2.576135 -9.290080
0.911162 -10.859102
2.272386 -11.160874
5.144226 -14.616815
8.024398 -13.313109
8.624719 -11.524583
8.837480 -14.250911
13.201112 -16.075874
9.109770 -14.030359
10.359883 -16.838705
7.053374 -14.369074
1.579868 -14.035110
1.143092 -12.318713
0.954052 -14.966548
9.099789 -18.207253
7.571244 -14.609686
5.081660 -14.748137
2.414272 -12.281793
1.615067 -11.678598
1.595991 -9.884215
1.894956 -9.396337
2.347395 -11.829971
2.556198 -9.434702
1.260361 -7.410260
5.292249 -7.972221
5.025599 -7.967978
5.923652 -7.781248
5.115500 -5.253098
1.507098 -9.547147
2.438807 -9.137094
2.480098 -9.149825
2.250148 -12.662419
2.047329 -9.812364
9.236748 -8.633324
2.054094 -6.902388
5.500110 -6.336585
1.299945 -12.852188
-0.052332 -12.589961
-1.556597 -13.166791
1.316755 -10.049948
6.544260 -14.396207
8.640957 -13.233712
8.189249 -10.220963
8.552526 -8.808816
8.524912 -9.757380
8.086530 -11.608514
2.188163 -10.064611
1.613025 -8.175763
3.840966 -7.927897
5.973852 -7.527937
4.843999 -6.541498
5.496068 -5.549503
4.861440 -7.506796
5.556889 -7.845004
1.234584 -12.453404
1.816672 -9.457414
2.376003 -10.708371
0.574763 -9.024593
1.281654 -10.041144
-4.497126 -11.060552
-3.159180 -12.227082
-0.047392 -10.137373
3.901520 -13.384940
11.040903 -14.990664
9.127794 -14.282499
5.805746 -13.738914
7.427518 -13.686374
11.139404 -18.324306
8.582712 -11.866220
9.737367 -14.109070
13.080959 -14.091758
13.179991 -15.529298
13.225323 -15.049229
7.862212 -14.562094
9.023488 -10.530163
7.867296 -10.941865
8.441924 -8.878285
8.269650 -8.799504
9.097892 -12.784450
9.076714 -13.040794
7.917252 -12.401611
7.848163 -12.980359
8.352463 -8.597893
9.384070 -10.198803
8.231069 -9.003030
8.786417 -12.170890
9.162112 -9.184154
8.128576 -10.774138
2.788743 -9.622416
0.389508 -10.282174
1.421429 -9.494653
1.617411 -11.394498
2.560783 -9.690418
3.658452 -8.055260
0.790233 -9.072414
2.589330 -9.616938
6.179934 -13.218117
4.765983 -15.316878
10.565723 -14.818419
8.857814 -12.458256
9.045624 -10.583116
7.990422 -12.337531
8.077784 -15.140002
14.156466 -15.252912
8.166590 -12.278768
7.906157 -10.492380
8.479204 -15.914294
7.404413 -14.338123
5.211272 -13.333749
0.768030 -14.016313
0.927675 -11.626929
1.381347 -11.750084
0.546549 -13.081780
5.994866 -16.277327
5.586830 -15.001676
6.938371 -15.084086
0.502407 -12.438109
6.203478 -17.750933
5.119269 -13.568393
8.499649 -15.577590
8.326715 -13.360312
4.990442 -14.178967
4.626697 -14.084281
0.416112 -13.413157
2.579742 -10.207249
2.082610 -12.132459
1.758744 -9.595731
0.465601 -10.427714
1.079371 -9.983035
2.424994 -12.693438
1.929226 -11.088380
0.324933 -9.117623
0.855945 -10.480545
1.448427 -6.233019
5.439147 -7.293273
4.611200 -7.852385
2.269246 -7.804557
2.373528 -6.031744
2.736889 -8.263603
1.846017 -10.231174
1.305566 -10.985997
1.075771 -10.801623
1.994407 -9.984630
0.712885 -7.458720
5.799313 -6.240556
7.925111 -11.444392
9.693508 -13.812367
8.909368 -14.421361
7.397238 -16.756912
1.448481 -16.215769
1.641344 -15.280383
9.945925 -14.175193
10.461517 -14.500893
9.626641 -12.900868
2.860984 -15.122476
0.923547 -14.688684
1.644676 -12.376984
2.246754 -12.067605
1.799201 -11.825667
8.146542 -10.172398
9.058170 -11.444571
8.521748 -9.067470
8.701511 -11.446286
7.537899 -14.635875
4.796285 -13.540611
7.358308 -13.954356
8.237614 -13.133562
8.004594 -9.759010
8.140555 -12.216606
8.004325 -9.971220
6.252154 -13.749616
5.352644 -15.085838
2.536946 -14.796567
4.616473 -7.997306
4.004314 -7.961946
6.317844 -7.834462
4.617516 -8.116336
9.187300 -9.764504
8.084076 -8.200091
10.564030 -12.872183
7.858187 -14.920749
8.201797 -12.811606
1.501692 -11.326612
9.289848 -9.090888
8.061677 -10.041601
8.534792 -13.602004
8.152770 -9.780330
9.255469 -11.210996
9.548936 -17.046274
11.259067 -15.597339
11.775678 -13.170402
5.367228 -13.278100
3.833597 -14.806332
0.518908 -13.461040
1.736650 -11.199847
0.029262 -8.729489
2.462325 -9.996562
2.114176 -9.249469
8.493311 -10.438401
9.103992 -8.782657
8.389103 -9.552171
9.124866 -12.034429
8.033247 -12.131224
8.182093 -12.151959
9.041735 -13.049541
6.265007 -13.774385
4.112353 -13.454669
3.630717 -13.397523
0.149406 -12.944560
-1.773359 -14.548317
-0.286337 -11.723542
1.451974 -10.106065
2.490315 -12.853406
3.095142 -13.704717
6.006708 -13.774413
8.009060 -13.609598
9.306623 -12.281252
6.626095 -14.031178
3.458567 -16.802996
1.338666 -14.935928
1.352371 -16.668556
0.983291 -13.579688
3.983386 -14.667642
5.129708 -15.771275
0.972387 -13.657588
0.561035 -12.875966
2.000150 -8.138546
6.089493 -6.716383
4.356573 -6.369845
4.007101 -6.634073
4.158233 -7.949324
8.639571 -8.909515
9.098647 -15.820930
5.941586 -14.221193
9.621723 -16.184923
11.193389 -12.953982
8.005128 -11.285048
2.367721 -11.701366
2.874349 -14.342111
14.570988 -10.555054
2.616722 -9.454261
0.283685 -9.341561
2.712059 -9.045888
3.673355 -8.049048
2.891587 -7.997606
4.555096 -7.745093
3.806180 -8.079575
3.956265 -7.900272
8.319507 -10.788367
9.856254 -13.115221
8.037948 -13.034086
2.274786 -9.773522
7.543648 -13.290825
7.000433 -18.318720
8.223869 -14.545522
7.035362 -15.521549
2.582832 -9.787662
8.645683 -10.811090
8.585532 -9.569028
8.220970 -8.817189
9.369094 -8.036607
8.741296 -10.974996
14.318608 -7.798589
13.342029 -13.925746
10.209999 -13.802067
11.445395 -16.335409
8.276643 -11.284588
9.245766 -12.234638
8.392365 -11.520083
5.549433 -16.956907
3.040733 -14.039251
0.896880 -9.416471
2.420667 -12.316700
2.536547 -10.972205
1.593996 -9.486131
0.281377 -8.678216
4.521085 -7.409055
3.730918 -7.981738
0.634303 -9.512000
1.933279 -13.333705
2.352123 -12.860030
0.396098 -12.361342
1.666817 -10.208585
2.275196 -10.544472
0.693443 -9.947703
2.054576 -9.973590
8.226110 -10.589065
8.604845 -12.604312
8.915613 -16.683147
3.573773 -8.145251
4.093163 -7.938663
4.066483 -13.898956
0.186386 -12.371078
0.290641 -13.823165
1.336533 -12.194797
7.098825 -13.826662
7.346375 -8.122882
6.126965 -13.834268
8.208077 -13.266785
6.011999 -7.333268
2.091774 -10.456870
8.022185 -11.309600
8.070480 -12.592223
4.576885 -15.598746
6.245448 -13.657214
-0.241713 -12.993722
0.754715 -11.506628
-0.012477 -10.653691
2.713190 -8.250815
1.108024 -8.642428
5.773121 -5.578599
5.063251 -5.483642
6.082868 -2.535007
4.791202 -4.309953
5.032284 -7.069858
6.417512 -13.936363
4.921814 -14.592357
4.821797 -13.404149
7.145019 -8.005683
8.450844 -10.499644
8.434115 -10.489036
8.999082 -8.728209
8.469400 -9.035501
8.945016 -10.880213
8.873738 -8.575231
5.676705 -7.874915
-1.227841 -8.329835
-0.290262 -10.094392
-0.926929 -9.900681
2.762422 -10.083593
1.509703 -9.750585
-1.731931 -12.674519
2.201693 -11.914799
1.918162 -11.249843
-1.439340 -7.908683
-0.214401 -6.912385
-0.660563 -9.847580
0.332004 -9.293153
0.774457 -8.291878
2.514844 -8.011159
1.877468 -12.180436
6.016095 -14.305011
4.759658 -14.349835
8.952849 -12.973448
8.118465 -11.448710
8.925318 -10.111392
8.901400 -12.906732
7.901409 -11.079381
8.591949 -10.506371
8.162236 -10.029215
9.098923 -9.991947
8.293919 -7.941243
7.879017 -7.856662
2.831370 -10.506997
1.073034 -15.737889
5.562003 -13.384868
8.772250 -10.912915
8.307812 -10.102519
8.105418 -10.196984
8.589323 -9.912418
9.352649 -12.196543
5.662771 -15.592537
6.523181 -13.504384
6.888560 -13.869491
7.502108 -14.077661
4.999270 -14.024585
-1.377845 -12.342955
2.249702 -11.532750
1.858880 -11.487952
2.275400 -12.073169
2.688693 -10.005802
8.268881 -13.074002
8.386507 -14.982100
16.142004 -12.991349
9.652693 -16.764225
12.400656 -7.601226
11.119378 -13.759602
15.116255 -10.867422
3.017385 -14.883276
1.443981 -11.682070
8.328370 -12.107751
8.523650 -9.955955
7.879317 -13.228420
12.054523 -13.328717
14.841825 -13.238023
15.425794 -18.493896
9.956052 -15.446423
9.072811 -12.928752
8.183894 -13.663867
8.823782 -12.775741
10.095282 -15.742407
10.564637 -18.470018
6.292822 -7.941100
6.185617 -14.409936
12.378484 -14.028544
8.932183 -13.628564
6.563592 -14.424995
9.054666 -13.765572
8.889711 -12.271021
8.879974 -13.436074
8.671730 -11.751590
2.803577 -13.362574
6.863449 -13.694208
1.035017 -11.164224
2.403060 -11.089084
8.884791 -11.896739
9.260197 -9.930525
12.588511 -16.657604
18.033955 -12.514083
16.425945 -15.855210
8.608411 -16.461594
4.682600 -13.539472
17.497589 -14.372432
13.783957 -15.029934
9.913789 -13.201884
9.063599 -13.422526
9.316784 -13.560995
8.371833 -11.018284
3.132762 -6.851318
0.638545 -8.986844
3.446511 -7.714444
4.999736 -6.129858
5.607253 -7.548262
3.852843 -5.834936
3.673845 -7.988792
4.617986 -7.818038
7.263420 -8.092610
6.945326 -7.884000
9.778414 -14.574582
8.401890 -11.992076
8.296372 -12.845369
2.508323 -10.264684
1.739773 -8.328041
4.530801 -4.125182
5.714341 -6.430752
1.875920 -10.053586
0.835664 -11.024070
4.788806 -13.267937
9.315413 -10.251199
9.314457 -11.050516
8.005604 -9.566264
9.235676 -10.942428
8.404319 -9.513980
9.001784 -13.143268
9.320780 -13.493526
5.176113 -14.294103
6.894479 -13.815450
10.246099 -13.656310
10.717674 -13.334927
9.920074 -17.614939
8.936107 -9.430993
8.525709 -9.774341
8.184042 -13.462613
6.316440 -15.821972
6.600557 -16.104216
6.742111 -15.678399
9.928178 -13.165854
9.183189 -11.461454
5.177011 -5.667684
4.993545 -8.173014
7.969949 -10.522702
8.044179 -10.590536
8.355253 -16.656145
8.025451 -11.911477
9.059649 -11.125011
9.477690 -13.123525
9.073463 -12.227138
14.387157 -16.277983
10.737943 -16.697847
12.155996 -14.687266
16.050421 -19.585249
11.272611 -17.666162
14.778479 -16.217123
15.423937 -16.707006
11.027812 -14.256667
6.942305 -13.625805
-0.271468 -11.771911
1.660522 -12.736944
-0.493870 -12.078925
-0.233009 -11.176931
0.089327 -11.327153
3.934705 -14.143600
6.221983 -13.561502
8.373797 -11.704243
9.190795 -10.174079
7.901235 -11.377250
9.006472 -10.332383
9.330098 -9.004283
8.256063 -14.346920
16.288437 -13.482118
10.483875 -13.501364
6.789803 -13.470546
5.846148 -6.506084
2.978705 -8.043625
3.771044 -8.154774
1.726479 -5.628911
-1.294935 -10.213534
2.343575 -9.540204
1.208221 -10.459125
0.393867 -11.122149
4.753048 -15.831120
6.607746 -16.797039
8.541047 -11.220485
8.146270 -12.233262
7.555356 -15.878779
5.251637 -15.569550
2.164012 -13.735514
3.678089 -15.079112
7.510357 -14.097256
2.128514 -11.160672
0.210285 -13.051179
9.329147 -17.997005
3.912688 -5.929744
1.479503 -9.129579
1.662069 -8.813907
6.139391 -5.944912
3.312260 -5.228744
4.176808 -7.935904
3.209243 -4.214790
5.905219 -5.390163
5.158759 -2.118328
7.267385 0.012379
7.607103 0.160059
8.615824 0.938774
8.437403 -1.702684
7.569359 -2.710957
5.546495 -2.300453
5.058938 -5.295074
2.351567 -7.662900
-0.127697 -8.371819
-0.760008 -8.562877
1.576606 -9.377719
1.938172 -7.349494
3.025633 -8.095950
2.218306 -11.064569
1.899014 -12.107111
2.163899 -11.917089
1.147920 -11.734385
0.236295 -12.645905
1.622782 -14.207150
3.093530 -13.240018
0.778158 -13.799430
2.169821 -10.040501
2.315958 -10.352589
1.187183 -8.498894
2.096850 -7.401966
3.683288 -5.279522
5.514519 -4.772916
5.574427 -7.721694
3.650737 -7.928910
7.063326 -8.084291
8.489561 -8.265525
6.047603 -5.770169
7.987763 -8.155526
9.137444 -10.703170
3.842254 -16.951071
3.074889 -13.671046
2.034607 -10.629827
1.106204 -10.099263
0.591408 -10.633457
0.875389 -9.479557
0.792839 -10.124166
2.368752 -10.356073
4.684054 -13.889890
2.945889 -15.583717
3.450863 -13.731800
4.288769 -13.985857
5.279574 -16.430637
5.396863 -14.651006
4.030981 -14.264632
-1.021201 -11.313109
1.203253 -9.875562
2.326981 -10.517941
1.261176 -11.152081
2.282483 -9.152074
2.334824 -8.519382
2.627065 -5.941263
2.979963 -7.773116
0.400180 -10.583613
0.846744 -12.244748
8.742246 -11.236564
9.091518 -14.237565
6.215680 -13.246896
6.599308 -15.240340
9.645187 -13.045702
7.420109 -13.692446
7.015651 -13.819230
6.854648 -14.889156
8.976647 -13.342016
2.636634 -14.564887
2.319735 -9.203016
5.754704 -8.005484
5.561716 -6.352030
5.919809 -7.881454
2.901405 -6.289996
2.744452 -10.430564
2.434203 -10.503792
0.935136 -9.090509
1.440281 -11.812925
-1.701972 -9.810563
1.832633 -9.845681
0.448528 -12.791661
3.703024 -13.449952
0.633570 -12.391751
8.210281 -8.311221
8.094818 -9.768788
8.067173 -10.660954
8.381908 -8.695768
8.633615 -7.862416
7.907836 -10.980087
6.561885 -8.093503
8.526472 -8.212778
8.993182 -11.380245
7.707829 -13.476833
12.094943 -15.625165
14.448500 -6.642445
2.662685 -13.431318
1.509039 -8.676819
3.044300 -7.930839
4.808372 -8.156170
4.579438 -7.246366
3.252035 -5.500908
0.235149 -6.664644
4.002872 -7.334752
3.528385 -14.428734
3.005461 -18.789114
9.477631 -12.871053
8.785660 -8.703948
9.245770 -9.311294
2.491092 -10.017972
2.347237 -9.770004
2.646145 -10.776826
16.484032 -14.693688
6.309662 -14.439775
2.418775 -13.672462
1.330620 -10.658706
3.813867 -14.959567
2.346976 -8.634685
1.878563 -8.385846
-0.017453 -11.370934
2.338275 -10.205222
1.583490 -12.463571
1.572560 -9.624734
1.797566 -9.380007
0.919455 -6.712377
4.118999 -7.152168
5.619858 -6.479840
5.951913 -7.305870
3.556037 -5.814670
2.502656 -7.931124
2.439752 -12.150632
1.728273 -11.074967
2.853642 -13.738761
2.108219 -11.091929
6.712198 -8.135728
2.639790 -11.499079
1.005971 -10.127182
1.098215 -8.711115
0.357321 -13.263734
1.922609 -10.737771
2.820384 -11.482615
1.166491 -10.691364
1.615548 -13.471030
1.873586 -12.595999
0.903679 -11.306040
2.792898 -10.399131
3.350103 -8.096492
-0.340942 -9.619252
1.467193 -9.998617
1.248481 -12.966740
2.495454 -8.975240
1.146609 -9.832714
1.740967 -10.856265
9.949427 -14.070974
10.269749 -15.438884
6.849901 -14.490732
8.924755 -15.368978
8.492016 -11.671378
8.411536 -9.935894
9.072712 -10.880245
8.072478 -15.970773
7.919717 -14.772450
7.007000 -13.716149
4.713103 -16.261753
-2.082918 -19.697392
6.766524 -13.944278
2.542016 -15.601202
2.044492 -8.587808
2.580952 -7.223773
5.164159 -7.426106
4.635917 -6.637002
5.340538 -7.435289
6.095613 -7.410399
3.536938 -5.916418
5.210343 -7.436794
5.070638 -3.422692
5.721679 -2.130383
8.003345 -2.522672
5.539284 -5.030610
1.653740 -4.641172
4.307188 -2.830643
6.047419 -4.589008
5.302655 -4.249799
2.038043 -5.716334
2.000839 -9.421063
2.336675 -7.086058
4.369089 -6.049876
4.732450 -8.143563
9.374949 -12.090518
8.328968 -10.477680
11.267838 -6.148823
8.735169 -9.135573
1.440902 -11.547212
0.324470 -14.823462
9.730486 -13.395228
7.983362 -10.993455
8.041972 -8.608691
8.083441 -8.229041
8.895145 -9.201625
9.067090 -8.211669
8.601689 -8.011104
8.699986 -10.571830
8.712019 -16.197433
8.400282 -11.246858
9.176160 -12.484059
6.866695 -16.338524
6.561655 -13.576126
9.309866 -11.000517
4.587785 -14.638410
4.243394 -13.789441
6.942545 -14.460561
11.188911 -14.323113
10.539706 -15.035611
12.688702 -12.961804
6.433974 -8.071190
9.235538 -10.175799
9.124880 -8.624894
11.598833 -13.725091
1.004585 -15.155936
2.278584 -10.703003
8.154750 -12.308467
5.997484 -7.410658
5.615206 -5.311992
5.196205 -3.229566
5.827562 -5.150240
1.392564 -6.959858
2.458426 -10.391088
1.972288 -10.912055
2.372299 -11.399237
-0.501798 -14.029631
1.185655 -9.549906
1.743260 -10.789689
1.598020 -8.121644
2.527286 -8.822031
3.148802 -5.616429
5.756028 -5.190394
5.507607 -5.928168
8.795405 -1.499296
3.616741 -4.003451
8.886292 -8.612367
11.352599 -6.771960
7.851514 -11.529806
6.286688 -14.869609
7.022740 -13.243922
8.259304 -10.842506
8.667604 -8.077593
8.714330 -12.024215
8.540829 -9.241298
9.074241 -9.453668
7.741994 -14.331126
7.037096 -16.105509
7.456206 -15.268493
7.315141 -14.669885
9.221675 -12.341865
8.187852 -10.598599
9.101052 -18.062994
16.333023 -15.792849
16.892517 -16.881613
12.711153 -13.007732
7.634222 -13.546507
6.798317 -14.390244
6.449198 -13.386395
14.767193 -14.378013
13.348044 -13.381658
14.501472 -13.076321
14.497748 -11.766833
18.359264 -8.704783
13.028590 -13.038854
10.968943 -14.275705
9.822644 -15.070886
8.926661 -12.073810
8.012669 -11.146856
9.337906 -15.161205
10.622860 -12.990156
8.740143 -12.986825
4.331625 -16.525612
2.850814 -14.224393
2.161073 -17.716541
1.732633 -10.666869
2.617103 -11.466820
4.588334 -6.496959
4.806458 -7.762232
4.055509 -7.643226
3.187026 -13.376317
-1.140400 -12.969934
1.288831 -10.986785
1.583783 -9.316567
1.972550 -13.439317
2.308274 -11.279790
5.582664 -7.540625
5.161283 -8.193405
2.840279 -7.227192
0.695090 -6.193460
4.961668 -5.813848
3.697994 -6.004919
5.184031 -7.810514
5.409284 -13.522629
5.471519 -14.580873
6.325603 -16.079275
4.832602 -13.842355
6.715683 -14.931832
8.534005 -13.204213
2.128361 -12.103963
1.112215 -12.352576
-0.097481 -12.787366
1.627556 -8.591979
8.600561 -12.091587
8.165421 -12.080715
9.778745 -16.459635
12.844467 -15.753919
5.956948 -6.121460
3.488908 -4.151505
4.923297 -6.172062
4.059194 -5.415169
4.598873 -7.270713
5.409130 -7.801994
6.561160 -7.891904
2.247341 -10.685026
1.124409 -11.926972
1.228798 -12.471076
6.323966 -14.968141
0.807388 -12.179276
2.151860 -7.772654
3.727096 -6.497246
1.898152 -8.284522
1.897313 -8.408326
1.006520 -8.248913
1.199946 -9.071492
2.570888 -9.346874
2.708482 -8.282242
5.021481 -6.690979
1.858060 -7.764514
7.024134 -8.166306
6.509611 -8.169475
8.918773 -8.063414
8.667813 -8.039626
8.409064 -12.387231
8.925008 -11.011280
19.799303 -18.379429
10.291170 -12.934232
9.099705 -12.899337
8.707548 -11.915183
9.022978 -12.865905
9.026199 -9.560168
8.090837 -11.507678
-0.730215 -8.900727
-1.099088 -8.333482
3.614057 -6.171445
-0.154170 -9.675813
2.040182 -8.233236
2.070557 -19.195299
8.694229 -13.247733
8.063342 -11.180947
8.899670 -9.702156
8.186787 -9.418307
7.858165 -9.357689
13.864033 -14.423365
9.741479 -13.941398
12.076205 -16.581617
8.107000 -13.530075
1.259860 -9.462577
1.220942 -9.547048
2.132263 -9.540338
-2.084565 -12.908044
0.303848 -11.146211
1.133529 -9.557689
5.518063 -5.811190
3.391445 -7.682913
4.052090 -7.016916
1.797224 -7.997442
2.711800 -9.760558
2.823972 -9.975265
1.583541 -10.722682
-1.788453 -13.949346
4.199198 -14.883788
-0.380374 -10.745763
1.228833 -9.432123
2.805045 -10.529314
2.196295 -10.996334
0.911812 -15.092303
5.193451 -14.326257
9.894449 -13.202474
9.331178 -12.903540
8.426324 -9.802282
7.948630 -8.464135
8.450300 -11.090879
7.021544 -16.953724
7.235790 -13.427680
10.439222 -12.953990
13.004434 -15.717429
7.610862 -15.672261
8.747150 -8.427388
8.840855 -8.672915
2.710037 -8.521703
2.187354 -11.680535
2.745132 -10.336225
9.359296 -10.692743
2.597011 -4.742180
5.084377 -5.624132
4.025793 -4.516303
1.041162 -10.880720
2.251227 -10.408884
1.245129 -9.067191
3.780800 -6.590966
0.669517 -10.132884
0.057361 -13.755602
4.505741 -13.335353
9.267449 -13.202926
8.406404 -8.228175
1.488616 -12.394287
2.010639 -7.549345
6.060275 -13.242593
6.985665 -14.206569
8.482776 -13.807309
9.156954 -8.037534
5.665825 -8.156447
8.695490 -9.922438
9.449869 -14.392879
6.519781 -13.235784
8.300699 -8.846577
8.449615 -9.761197
8.040901 -12.513807
8.038407 -14.519057
11.955612 -14.212030
10.972771 -17.299131
8.374455 -11.299400
8.791065 -12.970834
9.643692 -13.088948
5.963730 -13.724367
11.605271 -17.673967
14.690432 -16.678211
9.692001 -13.296205
7.953593 -11.026484
8.420687 -8.182258
8.131950 -9.819547
7.860438 -11.094644
-2.177241 -10.839509
1.421769 -8.165526
4.737226 -7.959245
5.268077 -8.188991
2.548483 -10.240937
1.041538 -10.737168
1.737016 -11.605263
2.802915 -10.954978
9.364077 -12.478023
9.169505 -10.733750
9.301643 -8.392722
7.873449 -9.020155
8.304617 -11.951052
8.467156 -13.905825
5.051970 -14.627461
1.881203 -10.949794
5.765386 -6.278798
5.346018 -6.754920
8.112154 -8.870683
8.033470 -8.153979
12.027049 -12.863463
9.092877 -9.710748
8.120212 -9.409927
5.679591 -17.205046
8.108871 -14.692296
6.288066 -15.282525
8.147599 -13.710557
7.778960 -15.031695
8.030799 -14.245111
6.354960 -13.227155
9.349548 -12.223055
9.086780 -13.122902
2.615022 -10.708050
-0.175474 -10.140735
1.224767 -9.924938
4.095300 -6.259193
6.020555 -7.296009
5.316280 -5.972503
7.629886 -8.001782
8.805928 -9.598207
1.721184 -11.731427
7.520074 -13.498614
8.279548 -7.897202
10.933685 -14.261139
16.008179 -14.855933
8.141226 -18.641066
6.313213 -14.537125
7.934919 -11.980399
8.921677 -12.117403
6.298820 -13.761270
8.005011 -14.818986
6.738724 -13.597476
3.154891 -13.645137
7.490479 -16.557121
8.110118 -15.308602
8.441344 -9.182845
8.594313 -9.481225
9.081292 -8.747664
9.142338 -8.179528
5.648516 -6.669207
6.041165 -6.547432
6.132848 -7.455298
0.884220 -11.170051
2.589196 -9.128942
7.858421 -11.928559
8.225258 -14.688157
11.535541 -14.771897
13.594944 -14.396501
10.537446 -13.420635
2.828466 -7.445189
1.907283 -7.172608
1.558429 -9.118201
1.562328 -9.000863
2.805663 -9.601877
2.834090 -8.035178
8.940189 -7.986462
3.040148 -6.227921
3.666849 -6.693121
8.756727 -9.091332
11.372172 -5.906118
11.397512 -5.684034
11.339728 -7.582522
8.093510 -8.366260
8.636364 -9.316028
9.249236 -11.404136
11.581823 -7.761135
8.698447 -8.530182
8.749504 -13.507241
15.099566 -10.770146
14.595305 -11.076120
13.851640 -13.151861
8.878515 -12.941070
2.372291 -11.665868
7.473765 -16.390291
2.333153 -12.458209
2.400148 -12.489871
1.756325 -10.522892
6.057845 -6.020910
3.687378 -2.968569
6.467482 -1.443686
9.198386 -2.022326
8.142090 -1.966838
5.705358 -5.652239
11.897869 -5.419810
17.231091 -5.734264
14.678327 -6.965937
8.080121 -16.784615
6.132532 -14.291766
7.938636 -11.173636
8.427506 -11.058034
8.276609 -7.946622
5.928858 -7.726280
11.801562 -7.702686
12.762862 -7.231755
9.222970 -8.586436
8.216497 -13.624307
8.207056 -11.308148
15.012038 -12.297780
16.525759 -8.172248
18.654663 -15.335091
18.144072 -11.624084
15.595985 -9.018745
15.890633 -10.766522
15.607473 -10.841191
8.471295 -11.223535
4.341715 -13.621763
9.314020 -11.170169
5.545576 -7.608407
3.626395 -6.857995
5.464052 -7.990412
1.974030 -7.931636
1.106588 -8.342782
8.678110 -13.547121
8.071384 -9.725057
8.596099 -13.073874
-1.969726 -10.833323
0.882619 -12.029662
2.585499 -11.269492
0.566047 -12.983396
-0.330669 -10.207615
2.749664 -10.692239
1.665735 -11.160415
-1.225162 -11.401036
0.235248 -11.353130
5.168466 -6.818717
4.689651 -4.778776
2.549420 -8.230924
1.268155 -9.984346
2.280669 -10.398938
2.618283 -11.819371
0.826824 -9.734618
2.226132 -9.458146
0.001729 -8.195821
2.781618 -9.875970
3.981840 -14.716926
3.961176 -15.213396
5.908709 -14.161557
2.443476 -13.047483
3.569061 -13.912545
4.476869 -8.100962
2.498932 -7.275130
2.213911 -9.347602
2.813953 -8.614347
1.214763 -8.288537
4.331230 -7.686716
3.373593 -7.858660
0.893803 -6.981324
2.436734 -9.475629
1.317016 -10.425065
1.913118 -10.592350
2.784155 -11.545957
12.644918 -17.100489
4.388592 -18.809771
4.351452 -15.761790
11.931485 -15.608520
10.458458 -15.422704
8.402077 -11.660864
9.221703 -15.054861
16.783392 -18.554932
11.385624 -13.508879
12.248089 -13.387866
8.036341 -13.446223
10.902756 -13.154875
13.393601 -13.130776
15.229353 -18.317961
8.313568 -12.123322
3.970222 -16.765577
4.532827 -14.814366
5.196425 -16.906281
2.834637 -10.741046
1.726058 -9.351405
7.772574 -15.384199
7.210789 -14.858649
9.457763 -13.936181
8.845625 -9.376885
8.951460 -10.163197
8.933962 -16.001328
9.562016 -13.430052
8.422531 -12.074724
8.275393 -8.519501
7.974109 -8.449578
8.670769 -9.699394
4.034269 -7.996356
8.318839 -8.927718
11.666986 -5.553525
12.150952 -7.021349
8.626685 -9.611217
9.306405 -14.956337
3.428579 -16.237080
4.724203 -13.660611
1.611045 -13.485660
0.007236 -10.107262
0.802459 -10.647672
2.528365 -6.821017
4.486256 -7.752471
2.722464 -7.179128
2.722296 -9.272372
4.281882 -15.154502
3.892293 -15.711287
8.125030 -9.277702
8.229504 -10.546982
7.999219 -12.277925
11.131733 -15.315890
8.255593 -12.135898
7.668266 -13.521905
6.282853 -13.866133
4.714906 -14.769945
2.564341 -13.965260
0.072954 -11.891576
2.382341 -10.151692
-0.536987 -9.591855
4.810552 -6.867490
6.092962 -7.981696
4.748363 -7.023603
9.247162 -8.205861
6.551395 -8.027908
6.305291 -2.725725
7.235639 -7.912099
7.131189 -7.847007
2.143888 -12.401826
2.145447 -11.420732
2.791461 -12.042766
9.362976 -15.244259
8.269423 -10.933768
8.734419 -10.009742
8.446598 -10.953628
8.710043 -13.810993
9.175200 -12.448838
1.819067 -11.122984
-2.655626 -13.758733
5.056727 -14.098454
4.929274 -14.139251
5.351468 -15.356161
-0.311448 -9.628974
0.944315 -9.033412
0.276595 -11.407487
1.337633 -14.903501
2.010610 -12.299122
-0.367638 -9.133700
0.231011 -12.047826
2.365126 -14.506121
2.055114 -13.615386
4.575388 -14.748026
6.969413 -14.014164
9.206468 -15.384759
6.955656 -14.252722
11.661337 -15.118636
13.720388 -14.684634
9.291893 -14.642902
8.319689 -10.316467
9.972153 -14.652905
6.539585 -15.688057
9.991142 -15.721772
1.703530 -15.134395
2.582741 -13.975071
2.296314 -9.397008
1.362328 -8.997102
1.863933 -9.147612
-1.957131 -10.544468
-4.951824 -9.449296
-8.410439 -9.896623
-15.478765 -9.982521
