18.708529 -8.835558
15.119898 -9.644084
17.562225 -12.054437
13.257969 -17.454672
8.055552 -12.582332
8.064481 -10.589854
9.321841 -10.604752
7.571293 -14.229159
8.996897 -15.254040
7.987136 -10.821566
7.996640 -11.780075
8.876509 -11.250313
10.096340 -17.912823
8.869713 -15.133885
7.936033 -12.101792
11.174910 -14.447263
8.099044 -11.829059
8.863229 -8.676848
8.072151 -11.705812
8.908934 -13.796104
8.971584 -11.953800
8.728691 -10.565642
5.321109 -8.064756
2.222771 -10.676511
2.058569 -12.147750
2.806115 -10.895311
4.920502 -7.695107
1.309553 -11.803466
-1.635681 -13.291801
6.452957 -13.651763
3.055590 -15.846097
3.738322 -17.456858
2.098079 -11.701904
7.881620 -11.160420
8.634277 -9.115409
5.421201 -7.720092
1.725255 -9.225974
-0.305862 -9.489249
2.092078 -9.965281
1.322593 -8.272700
4.104559 -6.881476
3.569202 -6.983211
2.604918 -8.065509
2.637984 -11.358199
1.519662 -10.603619
2.826910 -10.133238
1.218567 -11.064601
2.460807 -10.070376
2.449413 -8.761158
2.998169 -7.908371
3.873577 -7.318570
1.755793 -7.913932
1.597799 -11.068038
2.308680 -13.703741
5.934486 -14.067498
4.699473 -14.691382
5.893983 -13.264958
10.492566 -14.004388
9.412777 -15.542841
9.874355 -12.851296
4.558405 -14.743610
-1.745940 -13.574926
-0.478703 -10.308035
0.752327 -10.052012
0.860700 -7.880441
0.202194 -10.385509
-0.609271 -8.763267
0.689716 -10.696696
2.334394 -11.115680
0.532596 -9.500435
2.050639 -8.420075
4.225559 -4.721442
5.378169 -6.379291
6.066892 -5.984640
-0.815335 -8.592966
-0.807514 -10.212584
0.332584 -9.995748
2.652114 -14.393113
5.003718 -14.032085
8.817687 -14.881193
1.199001 -13.136193
2.517686 -11.276212
-0.336348 -14.703399
0.535869 -12.847761
5.010403 -16.698263
1.840081 -13.508636
6.150816 -13.228080
8.237146 -9.597684
8.127502 -9.575952
7.912106 -10.355023
9.247076 -12.679167
6.492161 -14.886168
10.384708 -14.325895
13.332363 -14.137135
8.692131 -13.110040
8.566392 -11.128558
9.193527 -13.888457
9.386712 -10.732846
8.610284 -10.975324
8.289392 -9.665049
12.303091 -7.532345
8.878457 -12.329859
8.230558 -12.695686
6.456511 -8.123513
6.053826 -8.027438
6.093760 -7.778399
3.455477 -4.966125
0.452463 -9.418822
2.269629 -9.818398
1.169398 -12.445136
1.274599 -13.147085
4.098032 -13.397672
5.926738 -14.859572
0.882717 -12.357404
1.210504 -8.905503
2.525409 -9.503512
2.640411 -9.616063
1.431888 -8.838976
4.543127 -6.599185
2.762070 -6.560706
4.710328 -7.882069
7.317674 -8.055359
2.571401 -7.255836
5.489800 -7.165910
5.641522 -3.553680
5.483761 -7.206607
8.943786 -12.875807
8.189075 -9.433035
8.112114 -8.385135
9.132757 -11.486233
2.602803 -7.780885
0.082352 -11.405514
1.330205 -12.502284
2.119523 -10.203456
2.602794 -8.755457
1.944903 -8.805152
-1.805488 -8.793539
1.702677 -10.650778
2.701941 -10.177867
0.895330 -10.223511
-0.472860 -9.660728
1.657330 -8.930260
4.174180 -5.018884
4.219686 -7.379811
5.869966 -7.132504
5.605480 -7.855720
5.010955 -7.792710
8.649217 -12.145555
6.399910 -13.547017
3.376331 -14.997972
5.129519 -7.372271
8.233847 -10.073448
8.990758 -9.415544
5.865899 -14.615494
10.798071 -17.895905
10.309394 -15.981402
8.749428 -11.252837
0.566910 -12.479306
2.757814 -11.933096
2.777334 -14.967669
3.778039 -13.718165
6.509943 -17.219992
5.248770 -15.850892
8.419017 -12.752815
8.069645 -10.705838
8.511676 -11.431594
7.928058 -9.000431
9.804731 -14.193101
7.888367 -11.251542
7.990206 -10.569102
9.377808 -12.273955
5.470009 -14.682292
8.414459 -14.728370
6.012446 -14.458970
7.984935 -14.440391
8.263667 -10.753313
8.410496 -12.284949
8.157220 -14.402407
4.579251 -14.929703
5.004501 -13.336731
3.051823 -14.930731
2.711754 -12.312658
1.843418 -7.501976
2.448772 -5.976380
-0.694509 -8.602581
0.891532 -10.246716
1.114956 -8.844322
2.015912 -11.177348
1.977925 -15.361758
7.837413 -14.352864
13.277405 -13.063765
14.287558 -13.025309
6.919387 -13.477882
0.673572 -13.472531
5.979308 -14.514617
3.559853 -14.023587
1.653008 -12.179416
2.466542 -9.949670
4.011825 -14.729038
2.112901 -18.588636
8.303473 -11.060595
8.509736 -10.276491
9.160167 -10.163113
8.567945 -12.914899
8.517083 -11.668740
8.221238 -14.110484
0.041345 -15.167972
1.178988 -16.535610
2.827317 -13.998189
1.174453 -12.319153
-0.045827 -8.136069
1.719226 -9.190404
8.769771 -9.900872
7.394210 -15.608188
8.503239 -14.135065
8.159873 -10.768320
3.430009 -7.594435
1.750712 -8.795603
3.905713 -8.105756
4.766392 -15.794193
6.022115 -14.657837
8.114926 -12.125924
-1.054289 -15.890666
-1.965942 -10.572968
0.142316 -11.295769
1.430038 -12.129001
2.607033 -9.923360
-0.589221 -11.555022
-1.951250 -10.233296
-0.030064 -9.672011
-2.029501 -12.045752
2.675571 -13.592743
4.953366 -15.710920
7.686516 -13.761294
0.293725 -8.803451
2.375848 -10.984436
1.125588 -9.162723
-4.122554 -12.243340
2.168276 -11.468513
2.241899 -10.328129
1.322586 -11.616983
-1.781742 -13.861745
-1.431099 -11.320280
-0.357954 -14.004869
1.906620 -9.785778
9.021292 -13.045598
9.593283 -13.872478
8.041302 -7.894198
7.807250 -7.977579
9.096977 -8.337759
9.339970 -8.121772
8.262332 -12.130245
8.758392 -11.055561
12.420750 -13.626987
10.761352 -15.006196
12.635228 -17.164694
16.890572 -11.124568
14.555576 -10.272715
7.242811 -7.968311
5.996040 -13.467288
4.154346 -13.673084
8.639666 -9.525673
8.835566 -8.808753
5.396275 -6.420511
1.843582 -10.180287
1.638167 -10.543797
2.773503 -11.292612
-1.027984 -10.191236
0.720048 -10.348207
1.349561 -9.782675
2.866209 -8.061860
-0.361472 -9.622857
2.796410 -12.027602
9.159357 -10.794637
13.650508 -13.863172
7.268776 -14.336450
8.933706 -8.475138
17.661770 -13.039348
10.571767 -15.556372
11.416030 -14.696064
7.601046 -15.595094
6.147503 -13.658643
5.732375 -14.736835
9.751009 -15.353832
10.497808 -14.554049
6.198739 -13.456671
8.555966 -14.811592
8.536545 -9.606383
7.922726 -12.177420
8.668590 -10.266498
4.352751 -13.623197
11.237234 -13.614384
14.813548 -13.649184
5.448042 -14.262780
0.321906 -11.698801
0.505179 -11.154451
-2.236724 -11.139060
-0.518182 -9.795585
-2.445793 -11.860876
2.680059 -10.012731
8.905325 -8.902232
8.695827 -9.530677
11.432361 -13.738394
10.873720 -17.315411
-0.159608 -12.560075
2.194149 -11.401038
6.548277 -13.256263
3.385814 -13.213227
6.970995 -13.535418
8.153275 -17.134295
7.893783 -11.178315
1.301583 -11.465343
1.707894 -9.685845
1.584079 -11.192998
1.418205 -9.493885
4.275127 -7.847458
4.818016 -6.172902
7.971397 -8.855539
7.849301 -9.843885
7.937162 -10.529229
3.351635 -7.847719
3.489066 -6.835042
1.953607 -10.139379
2.783111 -9.143873
2.594574 -9.250867
7.362554 -8.156122
14.873840 -9.594149
5.376970 -14.474502
8.499962 -12.447885
6.091529 -7.697775
1.091223 -11.937251
2.357330 -11.180357
2.083729 -14.117324
10.060188 -14.790432
9.021021 -10.483542
11.825656 -7.598962
8.829302 -10.482608
8.152698 -12.326145
7.978049 -8.791312
8.846952 -12.480594
8.424049 -12.204935
9.275247 -11.766896
1.793207 -11.816339
-2.164670 -9.382199
1.663848 -10.451246
7.385063 -14.259282
11.546827 -14.248946
12.291634 -7.779758
14.443299 -12.151330
18.956392 -13.650159
8.131600 -9.034524
2.867239 -14.044847
3.360523 -14.778356
3.151654 -13.922316
1.962619 -16.299511
2.420157 -10.872132
2.013811 -9.780524
0.490987 -11.149858
4.702295 -5.772179
3.215672 -7.524525
1.848190 -7.991590
2.530086 -9.120095
2.609429 -9.195025
0.934576 -11.602157
2.496499 -10.387986
4.785198 -7.303262
4.166818 -7.792717
5.255757 -6.974526
5.906496 -7.024483
4.582343 -5.441629
3.739701 -6.891544
4.636543 -7.945562
2.771364 -12.799996
-1.947641 -12.577552
2.378512 -12.503269
0.459102 -9.690164
0.781214 -9.310257
1.938568 -11.083616
-0.769831 -9.232976
0.126991 -10.029865
2.045127 -10.932965
1.522745 -12.337197
3.442121 -7.532835
0.388457 -8.658556
2.106656 -11.522836
6.210058 -13.265111
9.227726 -7.864112
0.385422 -4.692901
0.985104 -6.124443
8.369304 -10.255206
3.719259 -6.670447
6.936853 -13.407069
7.633933 -14.775123
5.291718 -13.583949
9.320752 -13.173549
5.104692 -15.496325
-2.110418 -15.297212
5.459362 -13.851298
15.356937 -12.786016
8.155572 -14.115932
9.129367 -12.228666
9.077988 -12.647598
8.285386 -12.785407
9.060463 -9.824948
7.955314 -12.109836
8.314282 -14.321317
5.871574 -14.114539
6.288495 -13.254245
1.333536 -14.092241
2.433311 -11.047347
2.635314 -8.987720
2.465965 -6.493832
1.747707 -9.915603
0.553676 -11.394116
-0.685933 -11.518472
-1.414053 -11.976409
1.487207 -11.074906
2.381215 -12.690040
-0.188085 -10.232108
0.480421 -9.454613
2.583720 -10.610419
1.637563 -8.943955
3.098098 -7.432521
6.970672 -8.188804
8.046884 -10.403214
8.484838 -10.392787
7.943351 -8.433675
8.413483 -10.090443
8.891608 -12.589124
8.601203 -10.212604
4.075259 -14.230214
10.704871 -12.879119
5.142642 -14.067921
3.096235 -14.169680
1.795224 -9.045740
0.403479 -11.844256
-3.654215 -12.778590
4.177110 -13.377204
4.330488 -7.549968
2.112554 -7.717790
4.290537 -4.550386
9.006396 -9.370898
13.406327 -12.863889
9.233661 -13.029599
12.944599 -19.471933
7.865843 -12.042672
8.439941 -8.920527
7.943156 -10.041163
8.316192 -11.285688
8.819077 -9.029405
8.874723 -10.124146
4.198712 -15.391569
5.627418 -13.868865
3.765176 -13.903869
6.131589 -15.637799
0.829080 -11.786122
2.794103 -11.832969
0.472204 -11.886250
1.829978 -12.739508
1.500773 -10.436168
2.522621 -10.482354
-0.316423 -12.116540
2.754702 -9.252362
0.611545 -13.576703
0.491217 -9.754889
1.701169 -11.821382
4.769413 -15.575650
4.576023 -14.765552
4.616994 -14.100186
5.368702 -14.171721
5.657072 -5.296483
-0.214883 -9.225492
0.940917 -10.820847
4.097262 -7.340929
5.707489 -8.152825
4.079047 -8.046895
3.849985 -5.900193
2.857716 -7.887262
0.994903 -10.228814
2.410947 -10.933072
-0.220442 -12.743789
1.895812 -14.616191
0.693243 -9.280356
5.390105 -7.654370
3.559643 -6.719413
5.180130 -8.086755
5.756921 -5.788335
5.139977 -7.821051
8.067866 -12.272999
6.085878 -13.217654
8.791277 -10.962860
4.598522 -6.136670
3.899409 -7.950161
4.698596 -7.847330
8.792583 -10.873167
8.772072 -11.690230
3.538115 -13.486562
1.024288 -13.222966
7.098912 -14.885728
9.326129 -11.178948
9.074596 -11.038007
8.341319 -9.864213
7.182159 -15.225156
9.019958 -12.019043
8.190382 -14.481718
8.503675 -12.376205
10.026788 -13.157878
8.731335 -9.058624
8.900745 -10.572628
8.551647 -8.678222
5.842629 -14.056996
9.562147 -15.561037
-0.767719 -17.317924
-1.279411 -11.059342
2.508305 -11.210564
-1.078550 -9.227442
2.113026 -8.438670
5.076209 -5.555493
2.004816 -8.509780
2.782577 -11.475589
5.001971 -8.173713
8.692887 -9.605021
8.868650 -10.281285
7.543542 -14.542644
9.150406 -13.508807
8.487512 -11.124088
8.095162 -10.085808
8.199507 -13.329444
11.630986 -15.436263
12.212162 -16.740557
12.563389 -14.441814
12.840233 -13.673596
16.802574 -15.782325
10.150640 -17.164986
7.612421 -18.243372
12.042905 -15.847718
8.341739 -16.173065
8.157366 -9.938030
6.917630 -14.037684
7.474774 -14.081872
6.021868 -17.918182
1.288727 -11.287782
1.457037 -12.754865
-0.158568 -9.815375
1.614283 -7.518433
2.846038 -6.903427
4.210765 -7.683451
5.986509 -8.181180
3.761305 -5.333817
7.752032 -1.071253
7.108477 0.658933
7.905165 0.389611
7.898224 0.602967
8.210744 2.215531
8.206928 2.502324
9.468279 3.775320
11.282801 4.094981
7.885983 6.494103
8.147528 8.444081
5.058861 11.481756
