15.047394 -12.951269
9.098795 -9.389178
11.091338 -8.168767
8.833668 -7.405465
7.934167 -7.004820
5.772781 -7.932135
2.720228 -7.272459
1.837047 -11.838616
0.910215 -10.211126
2.747800 -8.705775
1.995448 -9.081429
1.135645 -3.575382
5.418019 -3.520427
5.460793 -1.887462
4.771743 -2.093086
5.659117 0.274949
11.198612 -1.062595
10.036237 -1.379468
9.762381 -1.269010
5.721346 -0.772742
8.803675 -1.330424
9.050008 1.070603
7.227298 -0.652179
8.459737 -0.685036
7.312577 -1.132385
4.932302 -2.020887
6.371705 -1.838756
5.249071 -1.289427
6.931415 -1.403559
3.774337 -1.217819
5.076665 -0.609361
8.670987 -1.468915
8.838652 -1.056892
5.854268 -1.627325
5.323399 -3.185499
5.671123 -3.684398
6.062845 -4.311994
4.852886 1.047906
8.504189 3.158888
6.437737 6.378325
7.503338 12.537186
