-4.770869 13.204947
-8.093437 8.903188
-4.739074 6.577813
-7.335409 6.656933
-6.987377 7.031045
-7.551693 7.443006
-4.692430 8.068521
-8.291999 8.564866
-7.590128 9.500086
-11.827185 8.920827
-11.506328 9.817819
-11.190119 9.169416
-13.403879 8.910940
-12.640501 10.147273
-14.229883 4.990316
-13.991179 6.842246
-12.605312 11.636226
-8.548195 8.788571
-9.723004 8.510823
-6.048707 9.553742
-6.109888 7.863878
-5.629414 8.153934
-7.698963 7.026731
-7.029315 7.903382
-7.726049 5.952041
-7.828551 6.178827
-6.422667 7.125593
-7.590007 6.285450
-7.861406 7.840164
-5.911793 8.810285
-5.351738 8.891656
-5.555059 7.954439
-10.758817 9.572016
-13.095078 10.139911
-19.016197 12.671124
-15.168589 11.835067
-6.529735 10.617774
-5.616574 7.285420
-5.739699 6.694754
-6.210555 6.315410
-7.330997 7.695294
-6.259344 6.380612
-10.286081 9.833464
-11.099379 10.672050
-8.296475 8.898581
-6.879522 7.541951
-7.579794 6.267514
-7.069675 7.786622
-6.385205 9.059849
-6.102835 7.166852
-7.744964 7.317252
-8.177920 2.924410
-9.090617 1.138612
-8.803303 2.470086
-10.354935 1.710544
-9.728227 3.490246
-8.357855 1.165060
-8.652905 2.176665
-9.804129 1.770254
-9.117422 3.291893
-10.872709 -1.556059
-12.954326 -0.779002
-13.387300 -7.555466
-14.600529 -3.392915
-13.377215 1.341402
-10.625387 -2.384234
-7.818276 -4.852171
-5.710545 -5.609514
-6.409589 -4.192976
-10.216659 0.598038
-4.564354 0.019655
-4.591854 0.679420
-4.581934 -0.570764
-7.712966 2.708673
-10.200508 -1.673078
-10.032698 -1.012475
-7.476494 -6.174773
-6.837251 -5.241208
-6.358150 -4.663866
-6.715705 -4.662253
-7.367239 -5.894640
-14.860196 -3.018573
-14.413382 -1.570440
-9.652636 -2.977404
-14.603871 -2.997627
-14.323612 -3.410414
-13.081168 -7.823847
-13.843949 -2.871120
-11.686653 -8.267426
-14.612061 -8.560075
-17.857086 -2.245971
-12.669184 1.757670
-9.866648 -2.160662
-13.433443 -3.537601
-7.569045 -8.109619
-7.234138 -6.500447
-10.876004 -9.602452
-8.807574 -8.958416
-10.683684 -8.023381
-12.202563 -9.743333
-13.450550 -9.691631
-16.671326 -8.156132
-14.066672 -9.046656
-14.701689 -7.967531
-11.038622 -8.200070
-6.600329 -10.150627
-8.595640 -8.594995
-5.687390 -7.718482
-6.182422 -6.331965
-5.960033 -7.470953
-7.559482 -6.710166
-7.595828 -7.300766
-7.874469 -6.375966
-7.764421 -6.642092
-6.353805 -4.495504
-5.885267 -4.028254
-7.514485 -6.696137
-5.010396 -3.934230
-4.200695 -1.328475
-3.994275 -1.462358
-13.014870 -5.981158
-9.700914 -8.241576
-14.232811 -8.704839
-14.478058 -5.653905
-10.994944 -8.758796
-8.490656 -9.097908
-8.975733 -10.739957
-11.164982 -11.507534
-12.698133 -10.437842
-5.522589 -13.150319
-12.437054 -11.581684
-8.649724 -8.441756
-12.363050 -9.261929
-13.638415 -7.814137
-13.116652 -7.325083
-14.064573 -6.718643
-12.193336 -9.772761
-14.531107 -7.067224
-14.579296 -7.753179
-19.070215 -15.851944
