6.140246 -8.147709
0.895383 -7.376379
-0.338111 -3.475307
-0.353425 -0.807020
-2.004811 2.654269
-0.480116 4.574899
-0.488519 5.682257
-5.484132 7.442089
-4.843063 9.025647
-6.758505 7.091303
-4.862220 7.873319
-4.053556 7.359720
-6.411004 7.037424
-5.536568 9.126004
-6.001051 9.948345
-7.834417 5.595470
-7.642534 9.020284
-5.964175 6.663797
-6.832952 7.247965
-6.631819 7.833536
-5.881024 8.906201
-1.099378 9.029006
-6.389025 7.857180
-7.000514 6.524385
-6.700381 6.570112
-6.976568 6.342330
-6.678699 6.763687
-6.699188 7.859243
-5.807024 7.309288
-5.397217 8.103587
-5.376672 7.483299
-2.354732 8.804351
-1.891299 5.692446
-2.263798 5.433922
-2.204703 7.010949
-0.344825 5.228609
0.731821 4.179700
0.252920 3.397668
-1.666974 4.180039
-2.206539 6.560864
-5.377826 6.877800
-7.623711 7.200523
-7.553737 4.808678
-7.780981 9.565913
-7.130904 9.734299
-7.092780 8.067790
-6.757545 6.705607
-7.559311 9.715403
-11.304037 10.987441
-10.972768 11.215793
-13.953435 8.064737
-10.476970 10.237926
