3.894606 -15.851274
0.757784 -10.432482
-1.312140 -7.144555
-2.329571 -3.063776
-6.785914 4.554295
-7.889320 7.014955
-7.768099 7.695096
-7.667099 7.873612
-7.561618 8.140435
-7.840110 8.196856
-7.818727 8.217083
-7.716952 8.205632
-7.774974 8.218641
-7.695456 8.208310
-7.767235 8.219186
-7.691636 8.208886
-7.765841 8.219301
-7.690951 8.208999
-7.765592 8.219323
-7.690828 8.209018
-7.765548 8.219329
-7.690807 8.209023
-7.765539 8.219329
-7.690803 8.209023
-8.572864 8.519643
-10.470911 9.540721
-16.846359 19.083189
