-15.073122 5.791812
-7.866772 7.599042
-7.604327 7.698360
-7.513992 7.735087
-7.714499 7.644420
-7.868369 7.597356
-7.605743 7.696968
-7.517100 7.731820
-7.717959 7.640532
-7.876291 7.587843
-7.612798 7.689098
-7.530881 7.713650
-7.732844 7.619212
-7.901075 7.537131
-7.635490 7.646668
-7.547107 7.615410
-7.744380 7.502173
-7.719264 7.303498
-7.914962 7.153097
-7.722089 6.683604
-7.868202 6.482226
-7.883258 6.597837
-7.726953 6.791181
-7.737098 6.802284
-7.896197 6.610167
-7.839141 6.666573
-7.680070 6.860040
-7.704244 6.845519
-7.864336 6.653626
-7.815084 6.699031
-7.654910 6.893089
-7.687366 6.867396
-7.848608 6.674754
-7.803712 6.714416
-7.643201 6.908450
-7.679796 6.877196
-7.841489 6.684281
-7.798891 6.720938
-7.638309 6.914872
-11.099444 3.431143
-11.393536 2.241080
-1.022763 -19.421957
