-8.492958 18.152901
-13.149214 10.523528
-12.463530 7.337216
-11.936762 3.826662
-14.248816 1.885943
-14.213417 -1.434787
-11.394753 -2.431582
-14.661289 1.306584
-13.687482 -4.850091
-13.224778 -6.622176
-12.920643 -5.474461
-13.390112 -6.485619
-10.484253 -8.798561
-6.235825 -9.761949
-5.496383 -14.239550
-10.410316 -8.380652
-7.562714 -8.884196
-11.022738 -9.110268
-8.922958 -10.811023
-6.987585 -10.092289
-7.311217 -10.473952
-5.601345 -8.627115
-6.920915 -5.946603
-7.840382 -9.840692
-9.949759 -8.320519
-7.733790 -8.973363
-6.220534 -6.964649
-7.697270 -8.580453
-7.072562 -6.094121
-4.710690 -6.180755
-7.159733 -8.018502
-10.807516 -8.814128
-13.176679 -8.085196
-13.581161 -5.195359
-13.483418 -3.936443
-10.710058 -2.810334
-10.052201 -2.293172
-10.747320 -2.663529
-9.795468 -1.212831
-9.750744 -9.414039
-10.566452 -9.262527
-8.171322 -8.072471
-12.363615 -8.228582
-7.506558 -5.609553
-6.893604 -5.635952
-5.875270 -5.082982
-3.459412 -2.477891
-6.981793 -8.634547
-7.163084 -6.552452
-7.345397 -6.580756
-7.613020 -4.564678
-7.890035 -8.058111
-9.885303 -9.025393
-7.406689 -7.941930
-11.625658 -9.387278
-11.226005 -9.766463
-12.422555 -11.098029
-10.445708 -8.167334
-7.571910 -7.886704
-5.312741 -7.996737
-5.529490 -4.063137
-6.758807 -5.778855
-7.802735 -5.515172
-7.640041 -9.795763
-8.981813 -11.500908
-8.711413 -9.588498
-7.055744 -7.971158
-12.436937 -9.356635
-10.715006 -8.638803
-11.297124 -10.864876
-11.856004 -12.084210
-12.831727 -9.260027
-15.191599 -8.079259
-14.944113 -7.201980
-14.276453 -5.383883
-6.165477 -8.514409
-6.893341 -4.576595
-11.477876 -8.700202
-9.375970 -10.202694
-10.981893 -13.168530
-8.865454 -9.370529
-6.287970 -6.900167
-7.421288 -7.934608
-7.738370 -5.385924
-13.417354 -7.336244
-14.516494 -5.791930
-14.485863 -7.208667
-11.859015 -9.908368
-13.215104 -3.332966
-12.178572 -2.829715
-17.879004 -4.978179
-14.787000 -5.310909
-13.896070 -5.422239
-7.771325 -4.292163
-7.782131 -7.286032
-4.409819 -5.061348
-5.533667 -5.808418
-7.238892 -6.110429
-4.740012 -5.285899
-2.741956 -2.807807
-4.553676 -0.718303
-3.632724 0.058971
-4.235796 0.088815
-4.217363 -0.163443
-4.331244 -0.012305
-3.367711 -1.004923
-3.137034 0.985055
-2.784161 0.905561
-2.828959 0.754219
-2.892427 -3.745563
-4.410944 -2.498846
-7.514739 -5.945374
-6.622542 -4.255709
-6.259766 -4.390667
-6.387305 -6.014083
-6.414601 -6.537411
-7.623782 -5.927619
-8.416551 -9.372912
-11.395103 -10.532660
-13.049119 -6.627844
-10.297144 -0.964990
-12.637945 -0.082000
-12.250322 -0.999164
-12.856006 -2.315697
-8.076283 -8.616632
-9.402502 -8.180636
-9.718410 -8.579169
-7.933926 -8.824722
-7.255415 -10.649464
-7.514919 -5.610549
-6.874019 -6.167457
-6.224983 -4.508816
-6.294802 -8.299819
-8.339987 -8.753345
-10.462566 -9.353418
-11.347843 -8.389600
-8.433891 -8.444491
-6.276300 -8.199790
-12.671062 -9.284060
-10.721560 -8.674201
-8.947122 -8.222378
-6.199990 -8.283895
-5.412300 -4.324014
-5.151597 -8.109045
-7.547501 -7.869142
-8.493575 -9.124079
-5.592475 -9.589410
-7.786032 -7.783560
-4.986587 -6.041201
-6.655128 -7.709504
-4.529154 -9.138547
-7.009946 -8.310698
-11.446977 -9.494152
-11.842575 -10.447391
-9.254799 -8.046125
-8.800354 -8.670533
-6.197538 -7.929468
-7.138776 -6.522476
-6.718759 -7.318363
-7.378917 -9.269921
-8.030868 -8.228914
-10.001467 -8.076458
-10.733154 -11.459888
