3.589659 12.614439
6.299966 12.112794
9.390968 10.758401
10.850113 11.132791
14.099718 7.568408
9.231474 2.585901
7.597926 2.089178
6.949848 3.352053
8.951136 4.209783
7.567639 4.864573
7.663021 3.608758
7.794611 3.340887
7.681274 3.271248
12.074800 3.465450
12.316298 6.116572
10.329114 4.663857
9.253824 4.550272
6.864037 4.546051
6.362168 5.188198
5.446966 4.653045
5.432363 7.021891
5.091882 7.155057
6.148036 6.987229
6.281832 5.348547
6.917803 5.503587
4.898530 6.263408
5.438387 8.465659
6.495123 6.884831
6.307323 3.413973
6.185537 6.900939
5.980238 4.907216
8.200113 2.978397
9.977721 3.325784
8.277482 3.867503
10.627897 3.117716
11.719727 5.942226
12.120466 5.178154
8.859028 4.951565
8.710240 5.013514
7.393385 3.339438
6.077208 5.450972
6.115080 7.314856
4.134072 6.738095
3.042374 6.428079
5.831275 6.762524
6.106547 4.650932
5.672449 4.889381
3.572385 7.019991
3.879384 6.370286
4.096075 6.493277
9.487203 2.423985
12.136765 6.608794
10.734918 2.302371
11.313857 5.374191
10.375075 2.165688
8.101202 3.791736
7.775409 3.673069
8.681404 1.699419
7.455956 3.563258
9.975558 4.430699
12.736522 5.642636
12.269491 9.158904
12.583402 8.326283
10.651407 13.833062
13.644313 6.482814
10.075224 4.563488
10.501499 5.632794
7.278377 5.345735
10.955268 5.442367
7.557002 2.219284
4.898950 4.315444
5.857078 5.590630
6.195745 8.219546
5.878641 7.433427
5.987036 5.506483
9.142978 4.850115
7.380675 5.037846
6.330563 4.645015
9.382529 3.378749
10.244720 5.094249
8.185776 5.435149
6.821999 3.381961
7.589280 3.435309
7.952603 4.032136
11.667267 4.664417
11.961355 8.816812
11.970984 7.277390
12.371922 7.699715
10.767221 3.362284
8.205495 2.762593
5.965218 3.054172
9.082106 4.552228
8.868055 5.442084
5.829034 5.378568
6.275769 7.335405
5.725835 7.715729
5.535199 6.352568
5.876067 5.106096
8.407493 5.516246
9.904798 5.598885
8.125325 3.489200
9.243774 3.054849
14.303388 5.591788
15.568633 7.926314
