19.572739 10.700296
11.389178 3.930796
10.454407 1.444445
4.789124 -4.165569
3.664828 -6.334945
6.691004 -8.404611
10.743763 -6.972873
8.641975 -6.742966
12.042051 -8.097568
8.519718 -9.663449
10.653245 -9.091315
7.819150 -7.440737
10.661242 -7.406625
11.555994 -9.262218
8.362340 -9.421371
12.458143 -6.828634
13.638278 -11.133044
8.417268 -12.659621
5.852848 -5.812206
3.571449 -7.984163
7.186768 -10.208521
9.993224 -10.658414
7.331939 -9.981500
9.299662 -7.846035
12.481525 -7.607005
11.909697 -5.214013
11.725873 -7.112950
10.220180 -7.405637
6.700391 -8.965894
9.336589 -6.986484
9.029285 -7.357814
2.578468 -7.295588
5.425040 -5.718079
4.940752 -6.447614
3.816141 -2.133504
7.471231 0.535436
6.828605 1.954515
8.190553 3.129026
8.618123 2.075771
8.320259 2.591018
5.204072 0.134856
6.265968 -2.396466
6.240552 -2.274037
6.147622 -0.428480
3.382259 0.511810
5.141745 -1.553242
6.951105 -1.002987
7.406653 -1.439359
7.187206 -1.403360
5.156740 -0.581084
5.736549 -1.914066
-0.614412 -4.297988
-4.656042 -10.608212
-9.197643 -9.480805
-11.364197 -12.549783
-11.070189 -11.236663
-15.131536 -6.229394
-11.781742 -9.961770
-9.547458 -13.791510
-10.297374 -17.218319
-14.831697 -17.628035
