12.530107 19.262554
6.654533 13.029008
4.371141 10.209085
1.526403 4.694206
1.804046 4.961993
2.140144 5.481863
1.700228 5.162488
1.987048 5.401123
1.863263 5.844324
1.631456 5.165205
1.003507 4.633253
1.202751 4.916670
1.440380 5.359851
0.715826 4.909527
0.896131 5.176675
1.079694 5.606276
0.191545 5.223854
0.329213 5.452553
0.352477 5.814081
-0.849004 5.413496
-0.717942 5.702673
-1.223451 6.129512
-0.930240 6.341989
-0.740534 6.768267
-1.267156 6.582252
-1.231604 6.892481
-1.042816 7.079498
-1.044825 7.220643
-2.500772 6.823645
-3.577661 7.116731
-5.395759 6.665606
-7.061560 6.208363
-7.714789 6.224491
-8.586368 5.733077
-10.533849 4.658459
-17.239407 2.521198
