14.465910 -1.232370
12.505556 1.140074
12.259990 2.051368
12.259877 2.051051
12.259554 2.050327
12.258636 2.048667
12.256060 2.044891
12.248903 2.036255
12.229191 2.016331
12.175189 1.970089
12.027656 1.862980
11.624941 1.612369
10.812536 1.395883
10.911013 1.530005
10.137174 1.283279
10.294602 1.364708
10.345084 1.406445
10.141227 1.305471
10.307390 1.388559
10.101699 1.291795
10.297628 1.384112
10.091415 1.288437
10.295068 1.382951
10.088709 1.287581
10.294392 1.382642
10.087994 1.287355
10.294218 1.382563
10.087810 1.287297
10.294170 1.382542
10.087759 1.287281
10.294159 1.382536
10.087747 1.287278
7.484328 -0.422679
4.259372 -0.746684
-5.724675 -5.407763
-7.745647 -6.680071
-8.469891 -8.164023
-8.446379 -8.128924
-8.371702 -8.017560
-8.372961 -8.031625
-8.424938 -8.071239
-8.469934 -8.164021
-8.446440 -8.128920
-8.371807 -8.017548
-8.373169 -8.031607
-8.425304 -8.071200
-8.470658 -8.163979
-8.447453 -8.128831
-8.373538 -8.017321
-8.376608 -8.031264
-8.431425 -8.070504
-8.482711 -8.163136
-8.464730 -8.126904
-8.402321 -8.013331
-8.432979 -8.025167
-8.532265 -8.057957
-8.681205 -8.148466
-8.744956 -8.101307
-9.320476 -8.031002
-9.244722 -8.083865
-9.437984 -8.017941
-9.346779 -8.067644
-9.287048 -8.099976
-9.374428 -8.051755
-9.295776 -8.094678
-9.383936 -8.046006
-9.298880 -8.092788
-9.387311 -8.043954
-9.299976 -8.092121
-9.388505 -8.043232
-9.300369 -8.091884
-9.388929 -8.042974
-9.300510 -8.091799
-9.389085 -8.042882
-9.300562 -8.091765
-9.389139 -8.042847
-9.300579 -8.091756
-9.389159 -8.042834
-13.263424 -6.870332
-18.997150 -8.213773
