3.956045 -9.866685
4.661487 -7.545156
5.034726 -5.110647
5.472149 -2.754445
6.251421 -0.842745
6.937436 0.184567
7.270246 0.594555
7.487562 0.783882
9.203168 1.288992
9.255776 1.285590
9.203215 1.289013
9.255848 1.285620
9.203322 1.289061
9.256015 1.285687
9.203577 1.289171
9.256413 1.285843
9.204181 1.289417
9.257351 1.286187
9.205610 1.289957
9.259575 1.286930
9.208998 1.291096
9.264855 1.288459
9.217046 1.293373
9.277439 1.291365
9.236260 1.297427
9.307845 1.296141
9.282915 1.302962
9.382396 1.301485
9.397720 1.302182
9.602044 1.351891
8.853172 1.987027
10.111660 3.941104
10.973059 4.576104
11.445520 5.404317
11.912231 6.573789
16.492697 12.140009
