15.937645 -4.605302
13.144932 -0.193743
12.438449 1.520683
12.082927 1.876766
11.975908 1.607914
10.589023 1.360052
10.751813 1.504153
10.016396 1.304282
10.200836 1.380914
9.868451 1.266052
10.054488 1.340623
10.220477 1.410550
10.014410 1.330099
10.209541 1.407372
10.003509 1.327222
10.206594 1.406506
10.000573 1.326439
10.205803 1.406273
9.999784 1.326226
10.205591 1.406211
9.999574 1.326170
10.205533 1.406193
9.999516 1.326154
10.205516 1.406189
9.999499 1.326150
6.769078 -0.791290
5.178081 -0.967516
-4.703574 -1.027138
-7.678585 -0.808465
-10.655536 -0.981527
