-17.738358 2.975127
-10.799238 2.979548
-8.800079 2.281836
-8.255980 1.168441
-8.446268 1.240106
-8.299541 1.163944
-8.621090 1.288300
-8.690493 1.333287
-8.438702 1.221163
-8.705217 1.319545
-8.746181 1.360664
-8.469353 1.236829
-8.723173 1.329090
-8.758080 1.368137
-8.475935 1.240836
-8.727006 1.331502
-8.760623 1.369999
-8.477348 1.241796
-8.727828 1.332070
-8.761169 1.370435
-8.477652 1.242016
-8.728004 1.332200
-8.761286 1.370534
-8.477716 1.242065
-8.728042 1.332229
-8.761312 1.370556
-8.477731 1.242077
-8.728051 1.332235
-8.761316 1.370561
-8.477734 1.242079
-8.728051 1.332236
-8.761316 1.370562
-7.079482 0.773669
-6.365353 0.619072
-5.447958 0.456747
-4.274336 0.471177
-1.292159 0.475877
0.337590 1.088354
3.149300 1.855689
6.815250 2.334723
