-18.189856 -14.942868
-15.306013 -11.572385
-15.303561 -11.568515
-15.298475 -11.560996
-15.287811 -11.546510
-15.265172 -11.518933
-15.216406 -11.467364
-15.109765 -11.372980
-14.872259 -11.206543
-14.339319 -10.921866
-13.138833 -10.383856
-10.157144 -9.301085
-7.229353 -7.700377
-5.130926 -6.629978
7.069439 0.303562
9.663647 1.340653
9.608063 1.313883
9.664169 1.340828
9.608660 1.314094
9.665251 1.341189
9.609894 1.314530
9.667482 1.341930
9.612437 1.315428
9.672093 1.343457
9.617702 1.317285
9.681611 1.346543
9.628557 1.321051
9.701160 1.352406
9.650848 1.328218
9.463282 1.266497
9.741092 1.362398
9.696291 1.339820
9.518655 1.278732
9.822239 1.374750
9.789560 1.352514
9.632181 1.285365
9.988815 1.365752
11.015987 1.680681
12.415603 1.473295
19.190552 2.948970
