15.028803 -1.756428
12.508088 -1.895904
11.086440 -2.363064
11.695307 -6.246844
9.689938 -7.446661
5.883185 -8.776897
8.804020 -5.461901
15.164472 -4.556539
16.413576 0.463322
15.182364 -1.138126
15.350819 -1.389705
13.342479 -1.838462
14.214479 4.882537
15.484401 1.646482
13.953690 -4.911856
7.012799 0.403380
8.715223 2.139323
10.366332 5.206491
10.307390 3.977144
8.809505 0.058051
7.937026 -0.143646
7.024567 0.578382
5.718671 1.871994
7.282633 1.147696
4.344567 -1.331470
4.723470 -1.527551
1.977579 -4.311600
8.929270 -7.032058
10.765888 -2.465036
10.804427 -2.464012
11.319038 -1.883608
10.272852 4.543119
10.918377 5.254007
10.238193 4.588748
13.420072 5.143419
11.871372 3.909930
11.519627 3.975753
11.259933 -1.783691
14.311065 1.286777
13.381270 7.915638
13.292518 4.136850
10.950130 3.885888
10.614610 5.187854
8.098232 4.217204
9.288391 5.057370
8.873054 2.218620
8.406434 0.168600
7.904478 1.237318
6.452411 0.558874
8.351643 1.735679
8.473051 3.306852
11.860536 6.593135
11.234961 5.370467
11.214621 5.926799
9.756218 3.632266
9.137230 5.831756
10.387471 5.713836
12.783940 4.571617
14.809784 2.791251
14.906877 -0.050965
17.493019 -0.524091
13.975991 5.599635
10.334217 6.115781
8.799748 3.415119
7.798089 0.326136
7.421577 0.178708
7.509881 0.202353
6.923492 2.293889
7.844325 -0.119176
7.336206 0.050793
5.730735 0.105709
4.833106 -0.624534
4.873880 -0.830181
5.063840 -2.915498
5.007111 -3.424198
3.934612 -3.683741
4.632860 -0.052214
5.248725 -3.013643
4.996714 -3.037199
5.219463 -4.951924
4.630937 -5.442479
5.935771 -5.818051
6.412697 -6.584335
4.873110 -4.441977
6.192279 -8.449046
9.444521 -7.460876
6.712914 -6.521657
6.995216 -6.874643
4.563931 -4.625329
4.369330 -1.381606
4.328608 -0.292811
6.781713 -0.047864
7.197134 0.229948
7.808787 0.575654
8.593815 0.371240
8.568468 0.705363
8.931004 4.029716
8.839432 3.967550
7.825056 2.559769
8.293081 2.697995
7.010861 4.895029
11.271070 4.226367
12.807177 3.519406
11.873223 4.446304
16.568336 4.927379
17.364117 8.044847
12.019819 5.555631
10.776348 4.391956
7.644404 2.854664
6.879892 -0.176504
7.545352 2.328565
7.533613 1.467465
7.145619 2.885979
-5.772519 6.725003
-6.193200 9.051064
-18.984118 11.014222
