-4.713471 -0.690089
-4.696799 -4.658473
-7.049629 -3.162067
-6.854388 -5.904049
-7.474871 -6.018014
-6.871587 -3.833185
-7.169176 -5.957312
-7.584543 -5.450285
-5.238879 -7.858472
-8.711577 -10.902221
-11.106806 -8.088727
-7.118887 -9.033111
-6.296705 -7.873404
-7.187446 -7.167951
-7.164897 -8.133639
-7.045188 -5.974814
-7.477490 -3.065508
-11.360513 -0.522265
-10.963457 -1.528311
-13.847269 -2.716807
-17.380165 -6.381017
-14.616022 -6.793442
-14.952449 -11.063286
-12.357040 -8.619470
-12.251438 -9.580793
-10.533337 -10.617988
-10.136616 -10.776716
-7.786964 -10.488639
-7.126018 -8.569683
-8.209786 -0.229900
-9.469168 -2.114930
-9.446058 -1.871294
-10.746300 -2.693729
-8.558575 -2.966180
-10.099909 -2.475156
-9.544251 -0.382857
-4.327950 -3.977572
-9.118549 -9.900726
-4.598995 -4.756550
-6.305766 -4.347950
-6.227912 -7.035205
-6.976991 -7.124911
-7.465250 -6.206954
-7.654098 -6.779622
-5.014634 -4.180383
-6.904457 -7.235036
-4.305334 -7.309436
-6.702744 -8.557723
-6.442630 -6.406024
-4.149674 -7.768319
-9.368311 -8.259465
-6.109179 -10.338921
-7.402194 -10.954410
-8.348500 -9.083641
-7.464831 -7.318072
-6.425095 -7.723457
-6.536951 -5.661699
-7.256986 -6.106846
-6.878879 -8.373429
-9.093868 -10.778289
-6.971180 -9.422385
-5.790205 -7.832164
-11.186378 -9.091863
-10.966366 -11.230914
-16.328892 -9.297616
-13.644594 -4.678470
-15.728971 -0.642364
-11.974152 -3.007114
-13.145810 -2.106754
-15.800434 -6.378695
-13.295556 -3.119380
-13.527931 -4.865606
-19.493069 -8.591140
