14.337676 17.077669
10.510873 10.849931
9.563290 5.265810
8.739403 3.734051
8.102064 1.613285
8.156983 1.276407
8.388784 1.404093
8.621926 1.319109
8.707698 1.382865
8.819592 1.344835
8.861347 1.410601
8.884697 1.362921
8.912932 1.425817
8.906017 1.370978
8.929888 1.432028
8.913005 1.373907
8.935468 1.434240
8.915309 1.374907
8.937310 1.434991
8.916070 1.375242
8.937920 1.435243
8.916322 1.375354
8.938121 1.435327
8.916406 1.375390
8.938187 1.435354
8.916432 1.375403
8.938210 1.435362
7.498005 0.152239
7.278323 -0.959116
6.383299 -1.595619
5.873322 -3.989127
6.254178 -5.700472
6.227376 -7.092494
7.927636 -9.086484
7.943935 -9.110525
8.176620 -9.269449
8.053115 -9.196321
7.927669 -9.086508
7.943975 -9.110561
8.176688 -9.269528
8.053190 -9.196424
7.927790 -9.086916
7.944068 -9.111183
8.176770 -9.270947
8.053153 -9.198312
7.926177 -9.095203
7.940423 -9.123993
8.168344 -9.300756
8.040252 -9.238873
7.862454 -9.276147
8.100182 -9.408714
7.917606 -9.965671
8.113666 -9.897932
8.041348 -10.665447
8.213452 -10.491618
8.028825 -10.754983
8.202981 -10.565791
8.023689 -10.766247
8.198567 -10.575213
8.022509 -10.767725
8.197550 -10.576454
8.022282 -10.767923
8.197355 -10.576620
8.022242 -10.767949
8.197321 -10.576642
8.022235 -10.767955
8.197315 -10.576647
8.022234 -10.767957
8.197315 -10.576648
8.022234 -10.767956
8.197314 -10.576648
5.693439 -13.511045
