-19.033003 17.857243
-10.759069 9.830548
-7.458558 7.413144
-5.777215 6.508176
-3.371611 6.449779
-3.349784 6.552971
-2.796565 6.398595
-2.809726 6.480399
-2.857357 6.523068
-2.621757 6.325887
-2.682949 6.395813
-2.737208 6.434731
-2.632373 6.345863
-2.685816 6.386281
-2.606175 6.318862
-2.659184 6.360527
-2.739546 6.460090
-2.645494 6.347037
-2.731103 6.451646
-2.638405 6.340057
-2.726735 6.447272
-2.634736 6.336440
-2.349225 5.888330
-2.269964 5.607255
-2.232964 5.174215
-1.907073 3.533132
-2.261396 3.648197
-1.856836 1.923894
-1.002185 1.155747
0.544253 0.141125
