-5.912294 15.300114
-6.219486 8.767634
-6.209606 6.457743
-7.028820 6.356036
-7.003744 6.586777
-7.304327 6.561537
-7.739293 5.994816
-7.670324 6.192995
-7.826032 6.104960
-7.719979 6.314096
-7.793784 6.167927
-7.893396 5.945669
-7.940474 5.946531
-7.839549 6.153464
-7.720631 6.318870
-7.835288 6.086517
-7.731752 6.296886
-7.845008 6.064879
-7.737333 6.288780
-7.850020 6.057131
-7.739547 6.285804
-7.851998 6.054333
-8.227580 4.686448
-8.214103 3.633905
-8.328748 3.689450
-8.556364 1.731784
-8.314800 1.649469
-8.232710 1.311164
-8.434044 1.412725
-8.219309 1.313455
-8.281187 1.353438
-8.522354 1.459593
-8.223452 1.323022
-8.500965 1.446880
-8.198486 1.309568
-8.491043 1.440989
-8.186864 1.303405
-8.486436 1.438267
-8.632263 1.527220
-8.308672 1.363696
-8.353372 1.399244
-6.867154 0.803012
-6.184029 0.620571
-6.059982 0.256017
-6.134616 -0.848846
-6.724134 -3.885752
-7.681182 -6.802664
-8.678117 -10.161539
