-10.185198 11.848030
-7.283907 7.908275
-5.895626 6.338128
-4.124278 6.421938
-3.366170 6.463133
-3.135035 6.382004
-2.734638 6.318296
-2.769207 6.429241
-2.821990 6.485917
-2.647213 6.328661
-2.721636 6.420227
-2.782509 6.472131
-2.632097 6.318284
-2.709008 6.409590
-2.770017 6.461445
-2.421101 5.922541
-2.054507 5.243664
-2.117098 5.015600
-2.232028 4.709231
-1.539404 4.153855
-1.763806 4.173320
-2.056267 4.117826
-1.455771 3.561001
-1.695910 3.676949
-2.073411 3.724158
-1.555995 3.076707
-1.815858 3.232569
-2.295061 3.314767
-1.905559 2.531682
-2.231303 2.708854
-2.020178 0.810622
-2.096044 0.740610
-2.179477 0.653658
-1.612635 -0.572289
-0.698009 -3.136233
0.597533 -7.191258
