-19.427124 18.993605
-14.101345 7.024181
-11.957950 2.943678
-11.718095 -2.689238
-9.344854 -8.046732
-9.286573 -8.086254
-9.344921 -8.046694
-9.286634 -8.086223
-9.345088 -8.046602
-9.286782 -8.086142
-9.345499 -8.046376
-9.287149 -8.085944
-9.346516 -8.045819
-9.288057 -8.085456
-9.349004 -8.044448
-9.290277 -8.084262
-9.355058 -8.041128
-9.295668 -8.081368
-9.369740 -8.033084
-9.308675 -8.074413
-9.403900 -8.014848
-9.338661 -8.058825
-9.513700 -8.019046
-9.434208 -8.057294
-10.781265 -8.808082
-11.534307 -12.282284
