-7.059699 16.067089
-2.780051 11.817196
-1.151462 9.814083
-1.753609 7.407258
-0.520502 5.069153
-0.114925 5.006370
0.849774 5.287016
2.700493 5.337271
3.319751 5.750974
3.530749 5.351789
3.633795 5.314763
3.678738 5.121593
3.692290 5.220209
3.706845 5.070080
3.702436 5.199176
3.711496 5.058634
3.703819 5.194440
3.711998 5.056063
3.703842 5.193344
3.711933 5.055466
3.703752 5.193075
3.711859 5.055319
3.703700 5.193005
3.711823 5.055280
3.703677 5.192985
3.711808 5.055270
3.703669 5.192980
3.711802 5.055267
3.703665 5.192978
4.406192 6.750230
6.211698 7.513000
8.634230 5.543064
8.854009 5.312669
8.812952 5.383896
9.124637 5.095191
9.176346 5.122913
9.063066 5.212405
8.652058 5.531024
8.553967 5.637803
8.727960 5.451571
8.653119 5.544505
8.885430 5.311180
8.857611 5.382251
9.192378 5.087684
9.282146 5.118141
9.203800 5.197772
8.851457 5.510543
8.837639 5.614432
9.188476 5.374669
9.314734 5.456802
10.076705 5.094850
10.833917 5.263264
10.822557 5.533721
11.410729 5.538283
11.439969 5.538221
11.455619 5.421597
11.459848 5.496472
11.466875 5.400857
11.464393 5.489295
11.469276 5.397314
11.465322 5.488085
11.469749 5.396720
11.465502 5.487885
11.469839 5.396624
11.465536 5.487852
11.469855 5.396607
11.465541 5.487847
11.469858 5.396605
11.465542 5.487846
11.469858 5.396604
11.465542 5.487846
11.668698 6.326584
12.600877 7.618059
17.736414 9.681049
