-12.755405 17.315306
-4.962146 13.840357
-2.073321 12.305705
-1.765115 11.379949
-1.969997 10.959750
-1.585636 9.774140
-0.834513 10.099231
-1.894446 8.708815
-1.203110 8.853531
-1.899716 8.838471
-1.192576 9.011396
-1.888691 8.881791
-1.183307 9.064521
-1.876833 8.895465
-1.171310 9.080998
-0.947837 9.252341
-1.267110 9.142814
-1.003590 9.277723
-1.317910 9.160748
-1.031811 9.285185
-1.343033 9.165713
-1.045311 9.287313
-1.354946 9.166973
-1.051641 9.287902
-1.360513 9.167253
2.514801 10.955247
2.247053 5.250924
2.584438 5.340631
3.096758 5.860917
3.718160 5.667365
3.473003 5.138120
3.667719 5.594955
3.503295 5.255129
3.381475 5.259864
4.568655 8.606730
4.554915 8.808422
4.470016 9.279262
4.696744 9.728578
4.911228 10.262776
5.118323 11.423584
5.405764 12.965920
6.709228 16.259813
