9.569648 12.747779
5.910005 10.853187
4.399282 8.506964
2.295995 4.607108
2.343956 4.568576
2.295343 4.610518
2.342827 4.573189
2.293262 4.617764
2.339610 4.582985
2.287790 4.632924
2.331819 4.603291
2.274715 4.664282
2.313072 4.645542
2.244344 4.728090
2.269790 4.730705
2.173826 4.853876
2.171081 4.892512
2.019382 5.091577
1.947608 5.201983
1.679844 5.537070
0.500705 5.275863
0.631607 5.693454
-0.421182 5.536702
-0.972107 5.762047
-0.734471 6.713986
-1.246435 6.548681
-1.627580 7.950900
-2.940409 8.533647
-4.546684 8.899014
-7.258697 9.634011
-13.128225 11.805619
