-16.578382 13.424190
-8.414477 12.018561
-2.731521 12.692707
-1.455140 13.099394
-1.019202 13.365617
-1.357758 12.561713
-1.893998 12.080888
-1.163411 12.841350
-1.834327 12.109456
-2.314907 11.714565
-1.433908 12.618664
-0.994600 13.170608
-1.381026 12.507989
-1.915545 12.039842
-1.181146 12.817760
-1.846362 12.094293
-2.325140 11.702704
-1.440481 12.611709
-0.997661 13.167471
-1.382763 12.506789
-1.917163 12.038797
-1.182088 12.817079
-1.846982 12.093816
-2.325665 11.702307
-1.440781 12.611464
-0.997803 13.167357
1.371704 16.214008
