13.027321 0.228294
10.106548 1.675415
7.988001 2.202641
-1.176496 4.933476
-2.157728 5.496701
-3.429038 6.552578
-3.316744 6.475490
-3.158487 6.313084
-3.212712 6.385882
-3.260235 6.392291
-3.324835 6.476901
-3.380985 6.488340
-3.454763 6.586415
-3.517003 6.618114
-3.396971 6.538543
-3.188099 6.366489
-3.233587 6.372400
-3.295491 6.454423
-3.347849 6.465072
-3.417838 6.559685
-3.475462 6.588500
-3.358377 6.510231
-3.153113 6.341997
-3.192673 6.349688
-3.246103 6.430136
-3.280202 6.450455
-3.175936 6.381748
-3.427766 6.647895
-5.433623 7.884448
