1.870149 16.039162
-1.997084 11.613069
-1.549245 11.937755
-1.018311 12.528144
-2.478997 11.152751
-2.115185 11.351013
-1.996651 11.611017
-1.548895 11.934720
-1.017401 12.522820
-2.479740 11.138246
-2.117057 11.329907
-2.000411 11.573793
-1.556083 11.881413
-1.021945 12.432500
-2.545215 10.892377
-2.196421 10.996665
-2.160579 10.993894
-1.772468 11.053493
-1.375390 11.045761
-3.876835 8.264375
-5.423260 7.195955
-6.233901 6.900856
-6.897174 6.625823
-7.200111 6.580936
-7.362989 6.455392
-7.408538 6.460155
-7.465694 6.390440
-7.458250 6.418121
-7.490970 6.369190
-7.567233 5.778577
-7.848698 5.099414
-8.136076 3.544953
-10.065847 1.369803
