1.689041 -7.682516
-0.203544 -5.261625
-1.266395 -2.317893
-1.939027 -0.565693
-2.434394 0.206813
-2.818067 0.582809
-3.139304 0.699328
-3.120897 0.410611
-3.337633 0.448874
-3.886314 0.722119
-8.805302 1.638990
-8.606538 1.541515
-8.830693 1.455488
-8.557055 1.280935
-8.212761 1.359931
-8.701477 1.658502
-8.875389 1.736293
-8.678976 1.636833
-8.851427 1.709664
-8.653152 1.611588
-8.826222 1.673062
-8.627055 1.576018
-8.823317 1.570352
-8.574513 1.425727
-8.259115 1.760898
-8.690284 2.028930
-8.305760 3.232788
-8.542290 3.660754
-8.429507 4.600864
-8.298407 4.373202
-9.940892 5.629054
-14.124434 8.110647
