16.877136 1.268273
14.202369 3.608156
13.528787 3.649576
11.625083 3.731182
11.666340 3.578506
11.546524 3.543224
11.526410 3.687269
11.540844 3.546152
11.521681 3.689380
11.540659 3.546093
11.521527 3.689311
11.540655 3.546079
11.521523 3.689297
11.540655 3.546075
11.521523 3.689296
11.540655 3.546075
11.521523 3.689294
11.540655 3.546075
11.521523 3.689294
11.540655 3.546075
11.521523 3.689294
11.540655 3.546075
11.521523 3.689294
12.407664 -3.130467
9.628126 -7.024258
7.997810 -9.381253
7.950048 -11.071099
8.162243 -10.937895
7.986115 -11.076998
8.191672 -10.944226
7.882052 -11.272981
8.107503 -11.110618
7.850128 -11.305119
8.080001 -11.136634
7.841268 -11.311322
8.072370 -11.141512
8.264159 -11.001540
8.070382 -11.142539
8.263762 -11.001715
8.069881 -11.142774
8.263663 -11.001756
8.069757 -11.142829
8.263638 -11.001764
8.069726 -11.142842
8.263633 -11.001767
8.069719 -11.142845
5.491525 -13.399878
4.039925 -15.491112
