-11.146062 -16.798513
-3.600031 -13.219606
-0.130458 -11.958178
1.921517 -11.694269
2.784273 -11.717994
8.054404 -10.305122
8.247656 -10.290780
8.054410 -10.305123
8.247661 -10.290780
8.054430 -10.305124
8.247679 -10.290782
8.054509 -10.305137
8.247748 -10.290793
8.054787 -10.305215
8.247993 -10.290860
8.055736 -10.305646
7.841511 -10.326547
8.058814 -10.307935
7.845130 -10.329221
8.067934 -10.319709
7.855735 -10.342952
8.091068 -10.379255
7.881898 -10.412308
8.142645 -10.674377
7.940167 -10.758339
8.415423 -12.024360
14.910253 -12.846326
