-1.789465 -16.422031
-4.428662 -10.290488
-6.005711 -7.684428
-6.898335 -6.176742
-7.614173 -4.889737
-8.962812 -8.254189
-8.941927 -8.205059
-8.962830 -8.254182
-8.941951 -8.205049
-8.962905 -8.254149
-8.942060 -8.205000
-8.963264 -8.253991
-8.942581 -8.204768
-8.964972 -8.253257
-8.945070 -8.203694
-8.973168 -8.249943
-8.957062 -8.198802
-9.012413 -8.235505
-9.013116 -8.178452
-9.196259 -8.182362
-9.276030 -8.107692
-10.056124 -8.157300
-10.163828 -8.056621
-9.964083 -8.044896
-9.889893 -8.149442
-9.869605 -8.108742
-9.804977 -8.205400
-9.838409 -8.129907
-9.776866 -8.224046
-9.828556 -8.136574
-9.767918 -8.230022
-9.825542 -8.138586
-9.765167 -8.231847
-9.824627 -8.139201
-9.764331 -8.232403
-9.824348 -8.139386
-9.764078 -8.232572
-9.824265 -8.139445
-9.764000 -8.232625
-9.943269 -2.965567
-10.114752 -1.834379
-10.140108 -1.226189
-9.919549 -0.970947
-9.854229 0.632998
-9.629327 1.626687
-8.998173 1.689591
-9.557675 3.035924
-11.075627 4.835925
