-10.254740 -8.627419
-10.203447 -8.126913
-10.330490 -8.030950
-10.231597 -8.064157
-10.115007 -8.159305
-10.095947 -8.160159
-10.210728 -8.062526
-10.166307 -8.110382
-10.057754 -8.198001
-10.061857 -8.183125
-10.171841 -8.089955
-10.140174 -8.128874
-10.259679 -8.026836
-10.201553 -8.085231
-10.088602 -8.177115
-10.079569 -8.171201
-10.192001 -8.075734
-10.153262 -8.119654
-10.273926 -8.016452
-10.211424 -8.078218
-10.097240 -8.171263
-11.525244 -2.244706
-12.144749 -0.392639
-13.373095 5.433116
-17.533730 12.831608
