-12.478065 4.656653
-12.587541 0.228670
-10.052750 2.058393
-8.878275 1.702396
-10.206297 1.056094
-10.694232 0.058932
-9.783413 0.812277
-11.263334 -1.485286
-11.802741 -4.724571
-8.008305 -4.680106
-8.294716 -4.385798
-6.408566 -6.608515
-7.569637 -5.878640
-8.466086 -4.698655
-8.697405 -6.626404
-8.433952 -5.204217
-7.515133 -4.875325
-7.518180 -5.018046
-7.520682 -6.126057
-8.103066 -7.075448
-8.643622 -6.568274
-10.862080 -2.496026
-10.241077 -2.235165
-9.568127 -6.515481
-9.919300 -0.321740
-9.863159 -4.278126
-7.685022 -4.870093
-7.913328 -5.111140
-7.130065 -6.241190
-5.256356 -5.337888
-3.675002 -2.528820
-3.666099 -1.623623
-3.859033 -0.471978
-4.295604 -4.228167
-6.903774 -6.792216
-6.568147 -9.037208
-2.768500 -14.960214
