13.537470 -17.383617
11.572908 -10.996417
8.199190 -12.546392
9.272219 -11.196491
11.499323 -7.687958
15.547493 -7.342421
8.246572 -8.865760
8.528971 -10.351633
9.370504 -7.957444
8.526079 -8.515343
10.768825 -9.954931
12.048638 -5.125908
10.350683 -11.447356
10.170502 -9.762597
8.880211 -10.076251
7.870485 -8.592884
8.465626 -8.747062
8.401094 -10.925506
10.483516 -12.658786
12.301818 -9.839476
9.374907 -8.897998
10.192123 -9.452374
11.411676 -10.093877
9.600229 -11.704457
10.244854 -12.164823
8.934448 -10.920808
8.050400 -9.645162
9.484711 -12.605226
9.714724 -8.236661
9.504975 -9.203113
10.625864 -10.109593
6.141273 -5.075847
5.389427 -7.117293
0.413101 -10.964149
1.569965 -11.210635
6.925128 -7.898507
7.644366 -8.091742
9.634197 -8.274059
11.170974 -6.995192
4.245061 -6.608308
5.511701 -4.703394
5.611112 -6.872157
3.275675 -8.145378
4.278639 -6.389628
3.107819 -7.483596
2.744579 -7.392133
5.992950 -7.833034
5.292432 -4.963218
5.507442 -7.824190
5.377696 -2.085460
4.743325 -3.668630
5.073768 -6.351077
3.386836 -6.381451
6.819817 -0.624433
8.139067 -0.848524
4.914672 -0.337816
6.272590 -1.738038
5.236258 -5.997212
4.933145 -3.762417
5.601654 -4.353098
4.205222 -7.554017
5.874774 -7.312725
5.104135 -1.913473
8.141878 -1.162179
5.761737 -1.135472
9.221191 0.582497
12.512935 0.838260
14.431855 1.083015
17.260601 4.734477
