10.374784 -17.109875
8.057666 -11.790273
9.162543 -11.411918
11.071188 -12.792541
9.582798 -12.330766
7.885853 -14.998377
8.216780 -12.243592
10.067415 -9.263556
8.036930 -10.627296
0.499682 -13.641401
2.722640 -9.946003
2.084696 -8.155690
5.510538 -6.274348
5.125048 -5.752870
4.777750 -5.767989
3.623177 -7.481997
-2.376114 -9.838368
1.310787 -8.747238
1.639576 -9.057041
2.132468 -12.540072
0.669980 -11.014823
-0.719971 -9.371255
2.495736 -10.294765
0.820153 -9.571687
1.225081 -9.983720
1.402219 -12.242305
2.493319 -9.121029
2.297069 -8.241853
5.084192 -7.732573
7.029494 -8.047693
3.119719 -7.520436
2.045573 -8.905793
3.232888 -8.121259
1.844308 -9.125991
1.515431 -14.617697
-1.604050 -13.795221
1.805534 -9.373949
0.554873 -13.404610
1.722519 -12.942377
-0.762495 -10.422559
-0.809458 -9.384607
8.807663 -11.728584
10.520897 -12.770110
9.058553 -9.617962
9.332989 -9.607188
7.923122 -12.587798
11.502139 -10.555145
9.950262 -9.785332
10.811076 -8.854695
9.544100 -9.503430
11.470078 -11.081780
9.806007 -8.318795
5.991371 -6.783870
4.722557 -4.805256
3.554081 -7.973707
4.418185 -4.545896
5.394091 -6.350301
0.082745 -9.762568
2.132890 -8.020988
2.701819 -9.418113
2.368746 -8.824310
0.671217 -8.969958
3.726844 -7.457304
4.120909 -7.869771
0.154560 -9.045123
2.052670 -9.156272
0.109258 -10.061654
2.658761 -10.254836
1.668018 -10.076777
2.699921 -7.742792
2.708431 -9.876826
2.696465 -11.646472
2.740237 -9.679568
2.671183 -7.084745
4.397823 -8.099206
10.358061 -9.253118
8.917773 -10.731380
8.550122 -9.458901
7.892251 -9.132019
8.362038 -10.489328
8.968336 -11.148170
8.838885 -12.102928
6.006583 -13.383970
2.205984 -9.486066
2.694502 -11.658175
2.790652 -10.925291
-0.221126 -12.334644
2.416543 -10.041163
1.929265 -10.282863
-0.239410 -9.408519
2.767848 -8.403290
3.161740 -7.350788
4.056226 -7.289716
5.857851 -7.512227
5.405451 -6.839312
5.862474 -5.519180
5.103859 -7.835035
5.441064 -6.285942
3.948016 -6.979464
5.316146 -6.694996
5.936203 -7.434116
8.222360 -8.320483
8.533139 -10.620650
9.786988 -9.745181
7.904116 -11.378240
3.742878 -6.949899
2.620912 -5.411144
2.689795 -8.840237
-0.411173 -8.318595
0.507999 -11.320149
-1.690352 -15.396233
2.239921 -11.245605
2.728906 -9.368270
2.147219 -7.596259
4.491908 -6.927450
3.270640 -7.797942
8.667932 -7.993563
9.078238 -12.792705
8.031142 -10.974504
8.447698 -13.908854
2.258432 -12.957151
-1.737094 -12.702038
2.354311 -9.091367
2.664713 -8.992769
2.790459 -6.794364
3.941199 -7.628686
4.487008 -7.607233
3.453864 -7.473475
2.664890 -7.521710
-0.003270 -12.222679
0.700535 -12.136046
-2.108997 -12.524545
-2.126921 -9.516383
1.397577 -7.704834
4.112118 -7.887397
3.979544 -7.987124
4.435872 -8.195106
2.174517 -7.699287
2.249572 -9.607147
1.560602 -10.497930
1.887925 -10.666469
2.261676 -9.392225
1.955292 -9.682034
2.081921 -9.026060
1.034063 -12.383195
-0.363687 -14.964591
6.133821 -13.246984
8.026083 -10.138849
8.252046 -9.358379
8.391275 -11.061185
5.703382 -7.764009
3.216360 -7.711654
2.407514 -8.719580
5.365861 -7.006416
5.057163 -4.204471
6.016354 -5.630254
5.275705 -3.711223
4.807632 -4.739549
4.230547 -6.281848
5.446899 -7.556273
3.649065 -5.667200
4.736189 -5.797744
6.100485 -6.406198
7.933729 -8.096123
4.470778 -7.877909
3.634389 -7.279538
5.048857 -7.747005
8.502275 -10.980797
8.648669 -8.782322
9.193516 -10.312177
9.702367 -11.176682
8.313894 -9.035933
9.841351 -9.749009
9.868510 -10.679997
1.240621 -10.129171
1.627292 -8.898337
5.497546 -7.296873
3.505288 -7.201990
2.578673 -7.157792
0.704524 -9.533293
1.048280 -7.285517
-0.236875 -10.968296
1.310959 -10.467095
9.159536 -11.382064
9.553408 -13.336032
8.170330 -11.784884
8.176125 -15.564649
9.465109 -11.671910
8.791330 -12.849145
10.095075 -8.131035
10.754513 -10.027251
9.085567 -9.565432
9.789368 -9.322423
10.808653 -10.182082
11.164577 -9.736693
8.604564 -8.158930
10.052831 -7.948965
10.911781 -9.035244
9.288659 -9.404548
9.193938 -9.123878
16.012566 -7.388792
15.686896 0.613975
11.242241 0.252268
5.391165 -1.972581
5.551258 -3.366471
5.708766 -7.255360
6.188315 -1.147731
5.987099 -4.959106
4.524718 -5.299427
5.473336 -7.403522
6.011664 -7.160027
4.551059 -7.148738
4.823193 -5.868076
5.796197 -7.796529
5.299826 -5.449863
4.379435 -5.907428
4.939478 -8.189215
2.594342 -7.894336
2.595231 -10.499835
0.421712 -9.790341
1.792120 -9.857287
2.170022 -9.827527
1.538106 -12.947778
4.248295 -15.647910
5.391475 -14.406290
2.520866 -11.978801
2.781685 -10.806863
1.438061 -12.080068
2.758512 -3.464365
3.052073 -6.681325
8.311035 -12.673072
7.848784 -10.614413
7.964729 -9.734825
9.501807 -9.925240
7.886374 -9.476437
9.456151 -9.246598
8.446968 -9.770729
9.257456 -9.805037
9.243538 -8.758996
8.061171 -9.795026
8.056067 -11.881608
8.710575 -10.369100
8.124952 -7.845516
5.106511 -8.048629
4.589346 -5.378349
3.507697 -4.144838
3.468109 -7.076707
6.015863 -6.062734
2.773664 -6.565209
2.021775 -9.050205
1.007270 -6.263329
5.435588 -6.720804
5.256102 -6.228667
5.282197 -7.454250
4.089486 -7.658513
5.309631 -8.024918
5.418490 -6.450615
3.429638 -7.926317
3.941916 -6.548973
-2.876323 3.251716
-2.022704 2.297589
-2.686244 3.020424
-3.068481 1.293905
-2.920149 0.603914
-1.966174 4.209207
-2.571541 5.434281
-1.537748 6.335488
-3.662290 5.942115
-5.604460 7.327088
