14.248714 8.336975
12.650803 3.113959
9.228746 2.005657
9.457233 2.347385
9.362295 0.931089
7.199999 -1.197160
7.620174 -1.053695
3.815068 -0.358191
4.453572 -4.315740
4.081199 -5.715192
5.789679 -7.068704
5.905971 -7.460883
3.333415 -4.518939
6.254555 -2.463098
4.601253 -1.881720
6.915796 -0.611848
6.654051 -1.125574
8.644661 -1.515446
6.390411 -0.024431
8.433649 -1.192781
9.087326 1.040477
3.215379 -4.578644
3.507993 -7.151635
4.853748 -7.490408
5.223996 -8.085446
3.400534 -6.294802
4.095066 -6.014513
2.479627 -6.842837
3.755298 -6.009840
5.110265 -8.176976
3.056531 -8.158519
3.482407 -7.705507
0.000082 -9.797665
-0.626714 -12.695170
1.909673 -8.198405
3.828660 -8.087607
5.433417 -7.027538
2.510460 -5.227921
2.598650 -7.121405
1.095202 -7.021864
-0.083452 -9.881164
8.198267 -8.672301
7.375386 -8.053329
5.613829 -7.654582
5.512515 -6.465488
11.217821 -9.505630
9.119452 -12.575505
11.409197 -9.896184
8.025132 -8.853026
10.184632 -9.208280
8.478338 -10.288492
9.065630 -9.101695
8.847473 -9.877271
9.985263 -10.939572
7.367261 -14.014400
6.478060 -13.490106
7.775393 -13.713942
9.828020 -9.631557
8.041747 -10.515791
5.311273 -8.200529
2.700925 -9.264848
1.253610 -9.281039
8.737494 -10.002617
5.252450 -13.816428
6.062099 -13.394425
1.470501 -11.428849
2.581675 -9.819547
2.788506 -11.969661
1.733108 -12.478698
2.350229 -11.206297
2.460577 -10.094253
2.588919 -8.985336
2.560026 -7.135862
1.858446 -8.634820
0.703758 -9.494277
1.568268 -7.763825
2.798750 -9.138049
1.811156 -5.891171
5.804558 -7.712647
5.028170 -7.546127
4.544720 -7.493491
2.996086 -6.974366
5.721640 -5.759961
2.507586 -7.262792
4.536057 -8.018446
9.629791 -10.630636
2.689587 -8.931080
2.725193 -8.750266
1.695091 -7.089260
10.827359 -15.678332
10.383235 -12.821137
8.837641 -10.177815
8.634029 -9.644469
8.083466 -11.407357
8.572609 -11.610095
8.212255 -10.851991
9.876093 -13.751363
9.124185 -10.194001
9.930540 -15.043286
10.331212 -15.388465
10.413988 -18.638899
9.599573 -15.672645
9.599545 -9.317439
13.608084 -9.140215
10.047386 -12.013762
8.153074 -13.298869
9.893249 -10.637974
9.047018 -11.601202
8.836218 -10.190410
8.937278 -10.989324
10.880272 -10.456095
8.792928 -11.391361
