6.702040 -14.015377
7.494438 -9.699097
7.891249 -7.924425
8.162702 -6.428375
8.434932 -5.156911
8.639236 -4.314679
8.731975 -3.935218
8.792718 -3.755905
10.638493 3.464122
10.623676 3.425742
10.638493 3.464122
10.623676 3.425742
10.638493 3.464122
10.623676 3.425742
10.638493 3.464122
10.623676 3.425742
10.638493 3.464122
10.623676 3.425742
10.638493 3.464122
10.623676 3.425743
10.638490 3.464118
10.623673 3.425738
10.638447 3.464083
10.623627 3.425700
10.638019 3.463758
10.623159 3.425341
10.633692 3.461300
10.618423 3.422696
10.589753 3.457785
10.569965 3.420686
12.212289 4.330287
