11.795014 -19.716341
8.067851 -11.264241
6.682556 -8.609609
5.051600 -6.510870
1.147504 6.779661
1.203036 10.776349
-0.444828 11.229364
-0.471504 12.648374
0.074697 13.862615
0.156512 14.418361
-0.019442 14.553055
-0.492118 13.740244
0.037533 14.690190
-0.445966 13.779145
0.073618 14.720065
-0.425878 13.789102
0.089535 14.727586
-0.417970 13.792037
0.095897 14.729772
-0.414950 13.792989
0.098355 14.730480
-0.413817 13.793317
0.099289 14.730727
-0.413389 13.793437
0.099641 14.730817
-0.413228 13.793483
0.099774 14.730851
1.099305 17.227272
