-2.714322 -2.339032
-3.871495 -0.404852
-4.404312 0.757823
-6.862654 6.451492
-6.836633 6.168773
-6.888857 6.421666
-6.862292 6.137256
-6.910940 6.399690
-6.885245 6.113498
-6.934192 6.383612
-6.909401 6.096835
-6.963481 6.375140
-6.940404 6.088920
-7.011334 6.377366
-6.991818 6.092765
-7.112511 6.397925
-7.109245 6.117566
-7.391635 6.474012
-7.422052 6.190197
-7.443707 6.099221
-7.428022 6.413629
-7.913201 6.371699
-7.802599 6.620697
-7.942664 6.668847
-7.800597 6.885098
-7.944546 7.970573
-7.767404 7.995254
-7.946880 8.085025
-7.763206 8.066739
-7.946115 8.091969
-7.762303 8.071136
-7.945890 8.092422
-7.762118 8.071428
-7.945845 8.092457
-7.762083 8.071452
-7.945834 8.092461
-7.762075 8.071456
-7.945833 8.092462
-7.762074 8.071456
-7.945833 8.092462
-7.762074 8.071456
-7.945833 8.092462
-7.762074 8.071456
-9.867285 8.621464
-18.844082 13.171398
