-0.149728 -0.615466
-1.641112 -0.198306
-2.734714 -0.080437
-3.531995 -0.153397
-3.794296 -0.318008
-4.109828 -0.321890
-4.352143 -0.759736
-4.076158 -0.782570
-4.289232 -0.756282
-4.559786 -0.713108
-8.898083 1.263302
-8.706364 1.153795
-9.101703 1.348518
-8.889520 1.206189
-8.698810 1.132499
-8.964464 1.285524
-8.946985 1.254718
-8.731021 1.124953
-8.820210 1.176390
-9.053219 1.324949
-9.076696 1.296883
-8.854615 1.147818
-8.919356 1.171661
-9.136839 1.324102
-8.819660 1.357399
-8.637886 1.274501
-8.409803 1.782951
-9.541906 2.404226
