13.450659 8.494259
9.195849 7.541417
6.308506 6.705999
3.414411 5.326552
0.888908 3.940631
-0.490292 3.354198
-1.445335 3.683692
-2.345591 2.570212
-2.573745 1.104303
-3.004043 0.338183
-4.240089 0.926178
-4.591841 -0.553913
-4.341662 -0.625809
-4.600519 -0.719452
-4.332699 -0.762571
-4.595029 -0.715415
-4.327630 -0.759010
-4.524776 -0.725993
-4.255150 -0.765388
-4.255894 -0.759565
-4.527523 -0.718443
-9.058455 1.344712
-8.853167 1.211685
-8.919369 1.241510
-8.702857 1.113352
-8.839251 1.226955
-8.646535 1.117553
-9.102695 1.336602
-8.886072 1.190545
-8.608388 1.187778
-8.867944 1.320292
-8.505667 2.788361
-10.522350 2.997810
-15.289182 2.977903
