-0.010531 6.353756
-2.873274 6.652603
-6.463960 6.343762
-2.603885 6.617690
-1.126431 5.774579
-2.292125 3.596554
-1.581415 4.718203
-1.606375 7.595876
-4.019944 6.792091
-4.381742 6.341283
-4.831393 8.041150
-4.347028 6.792152
-3.819423 7.131456
-5.993532 7.320512
-2.624011 8.401010
-1.337210 4.709902
-1.334619 5.250264
-2.458993 3.831266
-1.838409 2.786977
-0.803279 1.192500
-0.412814 2.123942
-3.034838 0.729915
-3.470192 0.648731
-6.262070 0.322662
-5.729874 0.178710
-7.990296 0.502795
-8.414743 1.066279
-8.343124 -3.649442
-10.992336 -6.975812
-17.385162 -10.433329
