10.397811 19.804077
8.251527 12.141244
10.701541 11.318989
11.123975 6.985976
12.790719 5.790164
5.619488 4.058583
8.973458 0.535689
7.762902 0.018786
8.497758 -1.048198
5.735187 0.244388
5.399736 -1.976724
5.057113 -8.597157
4.551703 -7.819341
5.853184 -10.759798
5.599210 -8.382373
4.864843 -6.319637
6.369123 -11.200376
8.842936 -7.856421
4.534390 -8.975949
5.429406 -6.793741
5.572260 -12.347312
6.171246 -12.004998
8.757399 -8.930430
8.791108 -10.901944
6.356742 -10.531211
6.070772 -7.683085
5.770326 -6.247952
4.796428 -8.742570
5.945145 -6.603706
5.898325 -5.422110
4.871585 -7.381193
5.682288 -4.007248
4.826375 -6.989815
4.028372 -10.040884
7.323546 -7.904359
6.557282 -9.059547
7.969451 -8.142705
7.978455 -11.245694
2.293866 -5.709214
4.586826 -3.609701
6.049193 -8.746339
7.944111 -7.835989
8.230482 -8.557705
6.078254 -8.011352
5.082317 -5.086721
5.755056 -3.308477
6.057484 -5.345525
3.402817 -7.794147
5.513873 -7.046605
5.359281 -8.214646
8.840210 -9.151978
11.494390 -5.375480
7.857851 -8.056363
2.269535 -9.506310
5.362261 -9.654732
5.255779 -7.795415
5.731805 -7.459349
2.526496 -5.286528
3.888123 -8.421000
4.859008 -9.169976
9.014630 -9.098985
8.257622 -9.495560
6.376684 -9.488002
5.080858 -6.088057
4.859299 -7.956440
7.248712 -9.392917
4.391974 -8.301349
5.763857 -7.461533
5.774889 -9.157954
8.398808 -8.056197
8.381001 -12.090058
10.461886 -14.025783
8.692426 -11.526896
15.631298 -15.718586
14.472899 -15.852160
17.726299 -9.874108
18.669737 -11.372087
14.944637 -9.309645
14.307689 -15.572990
7.282828 -11.793049
8.769520 -14.207873
8.794707 -9.613302
5.856931 -10.528684
7.369649 -8.343349
3.257911 -9.004870
5.234548 -6.291973
3.975707 -5.849275
4.635059 -5.101464
4.147710 -5.353025
4.945681 -5.846013
4.926633 -6.345562
3.252503 -4.271378
4.428654 -4.475072
9.034016 -1.398259
11.638762 -6.114968
12.990816 -6.463896
13.103249 -3.199700
19.444113 -9.518025
