19.361412 -9.955615
13.898209 -6.211520
12.612673 -6.391234
13.030497 -5.141948
11.926170 3.464870
10.936998 5.690981
8.541076 3.425823
4.764740 -3.191838
4.478197 -6.833313
2.637639 -6.234707
4.998111 -4.898137
5.137745 -4.970189
5.637894 -2.144381
7.130675 -0.116281
8.331229 -1.068768
8.488307 -0.848576
7.957576 0.668808
8.167715 -1.416503
8.452505 -1.184502
8.192951 -1.214966
8.136295 -1.269221
5.212049 -3.965887
3.087800 -4.525584
5.920938 -5.217254
5.799105 -8.056294
8.660134 -8.343917
8.740920 -9.454063
8.018506 -7.899018
4.619296 -7.941292
5.821515 -7.161298
3.557816 -8.666293
7.112193 -10.023767
8.996708 -11.216651
8.533382 -11.429351
4.546151 -10.117112
8.283781 -10.323190
7.433101 -11.554534
7.684955 -10.909015
8.144186 -10.682649
8.575198 -12.709270
10.830049 -13.592273
8.629936 -12.503093
8.512792 -9.516776
7.112216 -10.292665
8.828465 -8.037116
4.090520 -8.981853
9.492950 -12.897420
7.619560 -13.590384
7.562466 -9.038896
7.197905 -10.086156
9.244877 -8.540154
5.880837 -8.638732
6.587915 -8.259857
6.868928 -8.638925
7.111855 -9.245757
9.115091 -9.826362
4.916242 -10.420145
9.285291 -12.333611
9.310827 -8.482459
7.424979 -9.073471
8.478255 -9.416966
7.313624 -9.012126
3.532831 -5.682631
4.814332 -5.630589
5.961129 -6.242835
5.982028 -8.004113
6.742619 -8.986972
9.273102 -10.168853
6.843300 -7.987800
4.060497 -9.274796
13.901734 -6.965773
16.276039 -8.423388
9.011711 -7.832595
6.921416 -8.276673
7.523273 -8.322019
3.768651 -6.388393
5.496907 -5.519722
6.277863 -1.388546
6.104962 0.257109
5.851439 0.974423
5.824032 -2.295811
7.545797 0.175829
7.844336 -0.436968
7.003558 -0.159468
5.620191 -1.689858
9.030487 0.443617
9.075089 1.887888
7.248009 3.857163
9.772524 4.554553
11.679852 3.739974
18.670471 5.436592
15.388025 1.316549
13.496287 -5.818272
12.356503 -7.349526
12.853224 -7.817561
16.380985 -10.451505
10.402235 -15.181519
12.384583 -14.703339
8.521191 -10.906997
8.847748 -9.060260
8.611031 -7.964187
9.118866 -11.738272
11.878663 -14.066909
13.432267 -13.372211
13.422481 -18.132151
14.992616 -6.981514
13.930866 -15.750243
11.423139 -13.505182
16.170761 -14.572693
14.357851 -12.984922
4.946442 -14.136516
7.901857 -12.927505
6.266358 -8.442631
6.409246 -9.101430
6.528390 -10.083472
7.301847 -11.960127
16.675455 -9.808514
16.680962 -9.146326
12.128855 -7.318202
12.620888 -7.572255
14.800587 -6.558745
15.975943 -10.798532
15.469434 -13.032576
11.622141 -13.954186
11.234816 -12.869366
8.268723 -9.926759
10.645462 -16.102322
7.350327 -9.951829
4.478858 -10.166441
6.191959 -9.612428
5.736278 -8.249919
7.627891 -8.117959
4.475920 -10.355637
4.812973 -7.482468
5.760650 -10.854916
4.771674 -6.256529
3.907815 -2.830263
5.715925 -3.008569
5.715730 -4.858195
6.099963 -2.190982
6.217207 -2.517100
5.180956 -2.463617
4.797121 -1.801272
7.633507 -0.821779
8.301254 -1.550025
8.352682 0.504742
8.821975 -0.970226
8.866779 -0.415518
7.498403 0.931508
8.217731 -0.402170
8.937773 -0.807973
8.620866 2.027137
8.831952 2.606347
8.278479 3.171628
10.909386 3.775346
12.143308 4.128255
12.463490 3.509391
8.316670 3.597249
7.679199 -0.453833
6.118701 -0.507073
3.376935 -9.070718
8.660486 -9.037214
7.460158 -13.169993
8.663664 -11.305979
12.637763 -13.731843
11.673868 -13.125059
9.743496 -13.809710
7.253964 -13.830863
4.810144 -8.971105
8.218987 -8.729672
16.812250 -11.158933
16.065464 -10.939727
15.516369 -11.458459
13.193251 -18.648096
9.348778 -13.698290
8.548216 -10.716481
8.795665 -10.295356
8.697987 -8.941569
8.814010 -8.133439
9.097240 -8.011173
5.651381 -9.090283
4.901766 -5.943584
5.389331 -3.553494
3.341221 -1.855547
5.258809 -1.748413
4.729125 -0.442771
6.127882 0.386694
6.529948 1.929416
7.192005 -0.277263
5.827317 2.017131
9.586446 6.328260
9.789133 3.434479
10.249462 6.026659
8.970904 3.874732
6.120324 3.025171
8.311238 -0.558004
8.024768 1.783610
7.483987 2.127539
8.560239 3.743935
8.585768 3.980528
8.451602 2.875654
9.109126 2.739916
8.284044 0.840332
10.407176 3.902246
10.879910 -1.616575
12.481563 7.481154
11.674651 5.613783
10.087095 4.622733
10.295061 3.616136
8.818151 1.141572
7.399633 -0.632300
5.481490 0.768575
8.091678 -0.885558
6.403232 1.359087
7.410320 2.299737
4.678478 -1.485070
7.253714 -1.450231
8.733345 -1.445249
11.466428 -4.453249
16.228497 -9.478587
14.435217 -8.826029
14.565829 -10.359555
10.461283 -14.484761
9.825404 -14.597896
8.430770 -10.372366
6.826139 -8.505297
4.082592 -10.874820
11.337261 -15.166767
11.923122 -12.988885
10.718694 -12.959378
9.757717 -13.382961
5.758990 -12.328267
9.117845 -9.951642
7.865681 -9.233452
7.419224 -8.047807
8.719067 -8.130634
6.169878 -9.467713
7.784847 -10.638239
12.445470 -17.991278
10.914619 -14.266132
13.286763 -15.195117
12.694963 -15.949568
8.679556 -12.337784
6.499642 -9.451541
8.827751 -10.844012
6.580318 -8.450943
5.833975 -5.588344
5.998860 -1.921607
6.518837 0.847954
9.059517 4.049819
12.652523 -4.968902
12.917854 -6.940156
12.057911 -5.811278
12.543364 -6.557662
11.491805 -5.389285
12.215715 -6.429986
11.510498 -3.872209
11.983302 -4.881023
7.582638 -1.082960
4.953901 -1.300815
6.008293 -1.674830
3.877242 -1.082371
4.051982 -0.710070
12.479195 -3.745823
8.722648 -8.628199
7.855537 -9.314114
8.394900 -10.599044
5.943252 -9.600962
8.662510 -9.103244
5.564387 -7.960674
6.273386 -7.897689
7.415000 -8.299531
8.841413 -9.156213
5.639601 -8.075957
4.640446 -8.748414
5.459108 -6.468942
3.558494 -4.701756
5.389991 -5.079017
5.033326 -6.278018
3.504822 -8.704556
3.091678 -8.130188
8.460561 -7.895189
4.703502 -9.104756
5.508971 -8.001239
3.205074 -7.635099
3.584977 -9.421292
6.058965 -3.809810
5.212399 -2.220192
5.306492 -2.268299
4.790335 -1.276550
6.594940 0.524234
9.051396 -0.454375
8.089170 -0.060893
12.715541 4.449060
7.409911 3.461854
7.647236 2.766266
10.123028 -1.640941
11.583822 -4.061687
12.896229 -3.349717
14.347566 -6.484109
13.795889 -5.131196
14.750770 2.903518
14.669222 -1.665763
13.815679 -7.006260
15.480648 -8.123566
17.291592 -9.705966
19.697660 -16.149719
18.001228 -9.386789
15.998485 -2.059619
12.367263 -2.891562
7.300180 -0.349965
6.635847 -0.412232
8.472530 -1.381123
6.409348 -2.190843
5.122087 -0.792768
7.722132 -1.326013
6.870491 -1.397467
6.931476 -0.993423
2.861678 0.241387
5.907015 -4.395446
5.457827 -2.805302
6.224135 -1.710693
5.518532 -2.120276
3.389974 -2.280985
5.595527 -2.976271
5.028515 -1.318716
6.969986 -0.841899
8.064251 1.936115
8.792797 -1.525955
8.978807 -0.604475
7.562070 -0.297742
6.585501 0.060523
5.859683 -1.116197
6.809456 -0.791080
9.775317 -1.624948
6.079924 -3.870759
5.636117 -5.052099
4.589379 -7.121538
6.451285 -9.114161
2.880731 -11.925056
8.635300 -10.301857
8.114923 -8.893625
7.758574 -10.142676
10.847183 -14.141466
13.001862 -14.207302
8.829342 -11.412020
8.042856 -11.542843
15.299807 -8.328853
16.253605 -9.854920
17.450211 -9.623311
17.380249 -10.787873
13.480677 -7.385889
11.923029 -6.840558
12.784817 -7.717566
12.768251 -4.129554
13.751205 -3.597578
15.745241 -3.235589
13.429636 -4.330193
10.318747 5.153804
11.783822 3.645736
12.106018 4.353811
11.796475 3.511792
11.615090 3.578365
7.929998 3.051023
6.828942 0.763643
6.506881 -0.665766
8.535681 -0.520588
18.203917 -4.925455
11.772152 -5.197937
13.616821 -3.167113
11.193932 -1.636404
7.883819 3.927188
8.817347 2.810844
8.056770 1.084588
12.782137 -6.463879
12.358892 -2.400505
12.051750 -4.701434
5.233323 -3.908102
5.169497 -6.124148
5.382073 -2.251027
8.109272 -0.239514
8.759568 -1.164449
8.994658 0.916782
7.128879 1.821193
8.119143 0.153399
8.075911 -0.651172
7.657118 0.202586
11.524108 4.679229
13.868024 6.527796
9.037243 5.922054
14.526252 3.173495
13.217565 3.832119
11.950163 5.555709
9.747966 3.552518
9.759159 3.720407
13.250410 4.702857
15.562600 3.364331
14.398712 0.857412
7.769234 2.145033
10.485994 4.719075
10.369041 5.233634
8.209164 0.224439
7.034245 -0.302291
5.475629 -2.718368
6.837521 -0.587237
4.479635 -0.075732
6.662687 0.523652
4.991515 -1.480021
8.606964 -8.291913
6.066795 -9.037685
5.515610 -7.132778
4.684543 -9.479413
6.393633 -8.949699
5.468465 -8.935261
8.053820 -9.999759
1.161878 -11.301707
9.143566 -12.483946
7.658700 -7.912133
5.688533 -8.446061
5.985887 -6.742000
5.881840 -3.236912
6.011230 -2.308002
4.853649 -1.458498
8.650803 -1.186248
6.737610 -0.495810
7.491544 1.446016
7.963748 1.368166
8.146979 1.250828
8.935625 1.986942
8.655192 -0.790926
9.011886 0.579796
7.400543 5.346369
13.618326 3.649680
8.384103 0.926643
8.792153 2.567142
8.276100 0.219164
8.307741 3.011249
9.702843 3.855546
8.567123 3.141546
8.027309 2.249275
11.487427 4.581891
12.606186 5.658552
12.567823 4.057504
10.374671 4.293485
10.785560 3.823982
10.531541 3.898884
8.398913 3.266553
8.667864 -0.030809
11.746075 -2.073583
10.751318 3.816912
12.786525 5.260061
8.633229 0.522170
8.815240 1.513248
17.418501 0.332700
12.979324 4.557845
13.584222 5.113777
15.938819 3.156150
15.973661 -0.438826
11.680534 -3.520686
7.774818 0.541207
14.683514 3.298031
12.084359 6.230531
15.676384 3.515931
12.882236 4.232207
12.714940 6.169968
8.914057 3.571085
8.933939 1.982655
7.843265 5.555302
11.250985 4.429754
16.965490 3.923063
14.956160 1.240867
17.202923 0.984362
16.818108 2.609027
16.030436 -9.918456
11.695961 -4.012189
11.348877 -7.122131
7.925748 -10.209338
4.932491 -6.531232
6.119616 -2.067273
5.932774 -3.916620
5.099300 -3.112796
5.274053 -3.708572
8.075025 -1.352723
5.236996 -1.844496
8.007494 -0.721969
5.848812 -4.179156
5.502689 -7.302506
4.809691 -8.279119
5.296229 -7.467384
7.225458 -9.530554
8.661894 -10.173041
8.141893 -8.183656
5.819285 -6.887499
5.050226 -3.723323
8.393256 -1.449002
7.527289 -1.348175
8.246930 -1.374271
4.368671 -1.907791
5.034783 -2.984927
5.466955 -6.733544
5.673590 -4.279056
4.526066 -6.452276
9.173988 -12.895223
7.142374 -8.433820
4.337849 -9.604836
14.286869 -4.915023
14.191092 -3.910275
12.561218 -6.084435
5.814988 -7.242381
7.347771 -10.332580
5.172114 -5.792193
4.794744 -7.062256
5.253767 -9.074671
11.558604 -7.193394
8.177083 -8.105895
19.341585 -6.326644
16.276297 -2.519453
11.713091 -4.236089
13.520239 -1.643105
11.669662 -6.656248
5.572824 -7.402045
5.650295 -5.406058
8.629743 -12.836943
6.337000 -10.219119
13.493948 -3.731181
14.537001 -7.045082
14.645369 -6.556077
8.226723 -7.907824
4.331381 -13.045165
9.251165 -11.592849
9.273095 -9.041538
7.932816 -12.131202
10.136308 -14.029278
14.510671 -14.758180
11.384254 -12.980150
10.043582 -14.773444
10.036810 -13.278457
9.720400 -14.580587
4.268626 -16.687761
12.850573 -14.086933
8.322447 -12.440578
14.257202 -16.360661
16.253555 -10.476027
15.192902 -8.903916
17.789925 -10.535480
13.407278 -14.178260
6.843018 -12.275028
5.489263 -13.164053
3.290982 -9.696475
4.145719 -13.146310
10.327242 -16.087521
15.021321 -13.259624
12.795236 -14.254384
17.451336 -18.223387
9.309756 -13.176270
8.318145 -9.441750
9.074177 -8.305185
8.748923 -8.700029
7.215359 -8.707159
1.545690 -7.324252
