-19.612537 -18.901415
-12.595333 -19.574488
-4.123276 -13.819364
-0.471427 -10.406897
4.115354 -7.128810
5.964289 -8.997147
5.828958 -8.389642
5.814052 -6.017105
5.855943 -3.842353
2.827808 -9.810602
6.665288 -8.383637
8.405618 -10.437078
8.207986 -9.222144
5.478159 -8.923773
3.344536 -4.583033
3.422988 -2.589798
7.711548 -0.552341
7.960612 1.130283
7.634912 -0.250211
8.136897 -1.443537
8.666578 -0.650091
6.284914 -0.382180
5.478169 0.700076
4.818724 -3.869261
4.924633 -5.033197
4.529428 -6.131378
5.932976 -11.548833
8.036615 -9.224281
8.882870 -8.106022
6.053503 -7.923856
6.186546 -8.475555
6.492930 -7.904421
2.598132 -7.221238
5.254588 -2.925648
4.688738 -6.467710
5.552943 -9.338773
7.968472 -8.264243
8.614482 -7.882626
7.163647 -8.247592
5.449117 -11.584846
5.658469 -10.278344
6.807972 -8.755124
3.355109 -7.248678
4.277253 -7.177711
3.730310 -9.590998
4.161352 -8.542523
4.075506 -2.614649
4.472900 -4.278790
12.266780 -3.211739
13.492882 -2.310620
11.988831 -6.299917
16.542444 -4.746245
14.441088 -4.271092
12.935362 -7.342126
11.465289 -4.345512
11.504992 -4.730876
17.787031 -0.597904
16.289165 -8.722409
14.483632 -19.571489
13.309706 -13.816819
15.449064 -12.305189
12.326834 -13.976971
11.178127 -13.330445
8.551382 -14.340301
5.895715 -10.300836
8.373926 -10.666546
7.289664 -9.188021
7.155475 -9.466227
7.238817 -9.866711
5.861468 -11.494876
6.108287 -10.486485
8.881391 -8.280781
9.071895 -9.019761
5.757081 -8.842825
4.476052 -5.692101
6.321880 -1.881426
5.091948 -4.864693
2.754682 -7.911355
6.962184 -8.730477
7.063392 -8.389642
6.095694 -9.792052
7.963855 -9.364210
8.692276 -10.100549
8.908820 -8.607036
9.310940 -7.969720
14.866108 -9.044202
14.883833 -12.651377
14.694336 -16.392725
12.256242 -7.594198
14.461365 -7.250832
13.475447 -7.434859
15.427717 -6.408893
16.192247 -10.014948
15.021878 -9.266270
15.000994 -10.012908
14.651873 -13.461915
12.244236 -13.013229
8.885576 -15.633340
7.729452 -11.911304
9.779821 -13.750726
7.043102 -11.228586
8.915198 -11.637931
4.684759 -11.469986
12.327350 -16.123041
12.179814 -18.276253
8.505208 -11.268256
8.776855 -8.257852
7.042945 -10.744013
4.159496 -8.203795
6.916924 -8.555539
5.612973 -9.877198
7.769412 -13.253346
6.713052 -12.373317
6.972762 -10.463058
7.369373 -10.489635
7.156744 -10.516652
4.693838 -4.106197
5.768444 -5.908259
4.531439 -9.085700
7.400753 -8.185608
5.717916 -6.491399
5.607222 -9.194506
8.074299 -8.874164
11.979015 -7.216138
6.023263 -6.149910
3.228513 -9.440258
8.436215 -7.828905
6.703594 -8.486025
7.417643 -8.631939
5.573061 -8.094326
7.725017 -9.376956
5.999085 -8.411828
4.830513 -1.305334
8.337400 -0.114525
8.800042 -1.151413
8.710132 -0.412011
7.840540 -1.509778
8.649601 -0.321812
7.113917 0.490851
9.564322 4.440404
9.515822 4.090346
8.270376 2.804585
8.837867 2.380757
7.563153 3.811688
11.169036 4.565351
11.988481 4.335661
9.460263 4.096274
8.948079 3.919441
13.015503 3.790792
12.399233 4.230600
15.034278 2.505933
11.087461 4.915740
13.828376 5.073495
14.891239 -2.169904
17.541004 -1.389886
14.329103 -0.716775
14.391241 1.889591
12.000198 5.852891
7.878586 2.823063
8.060191 0.857217
8.972816 2.573325
9.727938 6.467960
13.203069 5.393809
12.883546 -4.007462
14.032651 -1.811791
11.399036 3.733157
8.101898 3.021557
6.822366 2.143171
5.829041 1.982274
6.913240 0.626089
5.890928 1.297575
7.482419 2.604942
11.390157 6.126824
12.950901 4.719735
12.615327 -3.316450
8.101100 -0.310433
7.697978 -0.807191
8.574126 0.245009
6.476245 -1.292691
5.308148 -4.722302
6.866557 0.656385
5.547431 -3.017553
5.231642 -4.503829
5.312366 -5.308832
5.575971 -1.931596
4.009425 -4.637536
5.439180 -4.827528
5.181145 -8.261846
6.957978 -8.461007
9.373779 -10.392972
7.897715 -9.544353
7.622703 -9.490187
7.826511 -9.580438
8.998652 -15.491319
17.099619 -19.465464
15.855883 -10.689344
17.362404 -11.617604
12.875246 -5.424693
14.537652 -6.873928
