-5.047709 7.932064
-7.178928 7.519453
-5.768915 6.507921
-4.866482 6.637982
-7.807438 7.048606
-6.224021 8.277915
-7.656637 6.142583
-7.123190 7.459589
-6.057566 6.619609
-4.935336 6.314118
-0.784044 6.546224
0.753687 5.428000
-2.229207 6.374140
-0.453398 5.565588
-0.589873 6.030420
-0.790615 6.252262
-5.382103 6.683325
-7.823833 6.282054
-7.210088 8.522708
-5.652355 6.596683
-6.914023 6.498644
-7.820362 6.195867
-7.821775 6.537876
-5.173848 6.551542
-6.584717 6.923876
-5.248437 6.466410
-4.832687 7.657137
-3.843977 6.819327
-5.718472 6.517942
-7.910192 6.619523
-7.573771 6.162659
-7.688914 6.089653
-6.125971 9.657523
-5.532251 7.799150
-5.322191 8.015547
-6.600263 8.069379
-4.098348 9.893506
-8.565890 8.640313
-8.146985 8.608468
-7.404920 6.792818
-6.858253 6.474002
-9.912749 3.120148
-12.579262 0.379776
-9.420502 3.040392
-9.833940 3.106464
-10.332174 2.908182
-3.412583 7.422144
-5.014020 8.458463
-6.437924 8.174432
-7.646028 6.872281
-5.846036 6.450468
-6.133684 7.537343
-5.031482 6.373130
-4.663646 6.723424
-4.657431 7.633458
-4.501292 7.544147
-4.231095 6.938146
-5.016740 6.818862
-1.599133 6.265247
-1.911950 5.273285
-1.703685 0.815382
-0.968637 1.965380
-1.203395 1.160573
-1.692495 1.325831
-1.391796 0.358776
-0.870082 1.277146
-5.355714 -0.805367
-5.097386 -2.309349
-8.488215 -6.981466
-10.806336 -4.920227
