14.251340 -5.954110
11.658504 -5.825215
14.883525 -8.134862
14.481579 -13.268749
8.084180 -12.760655
4.649306 -10.618560
8.786301 -11.540177
8.764546 -11.455810
9.305061 -10.580422
8.307519 -10.879224
8.654410 -10.531743
9.337255 -12.163167
7.813566 -15.035583
15.344007 -13.984674
14.889774 -13.680833
17.500221 -13.413770
19.355034 -17.688267
14.007183 -6.579967
13.519218 -3.642782
13.541153 -6.744025
8.046554 -10.196856
6.973890 -8.985867
6.764139 -9.289606
5.903334 -8.244193
5.605674 -3.593573
5.324796 -6.373946
6.574471 -9.747428
5.101302 -10.600439
4.858793 -6.566844
6.377354 -8.490116
4.723064 -6.623788
5.106528 -2.304105
5.750766 -4.468923
6.083223 -6.959412
3.701028 -6.511259
6.966962 -8.351270
9.226719 -11.431239
8.955074 -12.576756
7.686896 -12.146869
5.954714 -8.847507
7.118762 -10.502821
5.213823 -12.847449
9.065243 -12.335132
9.102287 -8.992608
9.157909 -12.675168
13.821057 -16.183405
15.063424 -11.906352
8.632032 -10.773593
8.935122 -10.739160
5.002905 -8.853693
3.394971 -10.395925
9.721747 -14.797462
8.873158 -11.136326
8.703360 -11.182292
8.005239 -12.696729
8.054390 -12.486348
7.355335 -10.579349
9.426956 -16.115143
7.357955 -15.073547
13.164747 -13.118722
11.805306 -15.729671
10.114294 -12.829160
11.672553 -13.263654
10.726326 -12.910172
8.132169 -13.097829
7.744905 -11.936305
9.079975 -8.569983
5.306771 -10.653338
7.121485 -11.651711
5.221115 -8.445897
4.841580 -9.539176
3.172298 -11.062779
5.859069 -8.900445
6.733443 -8.452790
4.161572 -6.730711
4.141178 -7.678387
3.289708 -8.974025
4.736219 -11.408839
9.351294 -9.067291
13.055568 -5.628696
11.824575 -6.145576
12.468224 -7.675170
11.880886 -7.132020
13.394747 -2.042204
12.524356 -3.868134
13.467489 -2.708939
11.558916 -7.723628
3.985117 -3.985491
5.613054 -6.709033
7.928530 -8.641065
5.571612 -4.191824
4.896700 0.134542
9.066279 -0.090506
8.362796 -0.414241
8.817863 -0.189613
8.541162 -1.415866
9.026484 -0.691456
8.142010 -1.167462
5.702427 -2.857884
5.766185 -4.358878
5.846340 -5.477320
3.619357 -4.996603
6.100563 -2.665077
7.972162 -1.343121
6.650896 -0.060084
8.044538 0.024196
7.941829 3.478948
9.104101 -8.061385
8.077112 -7.990013
12.795774 -5.586612
8.135488 -9.066270
5.097733 -11.416875
7.508036 -10.972063
7.720644 -9.693797
9.265182 -8.835484
15.158662 -10.273351
16.015635 -10.873628
7.336483 -8.472877
7.985002 -11.464217
8.327510 -10.079047
12.989067 -13.875755
12.579185 -14.252478
7.320782 -15.616645
7.763638 -10.378924
9.227662 -9.739022
8.824409 -10.083737
7.936250 -11.634471
8.378098 -15.784149
3.959423 -13.255090
5.363712 -5.557143
2.962140 -8.195325
7.417768 -9.093373
6.832961 -8.660514
4.200195 -5.860280
3.689507 -3.571922
5.637036 -1.585488
8.590943 -1.469505
6.933089 3.325581
10.775479 4.033577
9.302940 4.130124
12.582162 4.375117
14.595289 5.473582
10.718172 5.509480
7.836744 1.801591
7.290275 0.601770
6.466136 3.452228
8.610830 2.639268
9.086240 0.981230
7.495281 2.446590
10.684999 4.523180
9.511629 3.533912
11.359652 5.475899
9.657333 6.606464
9.017205 3.106393
9.506645 5.021546
11.856655 4.826910
16.691721 7.216111
14.643299 2.461721
15.258230 -0.619125
17.809250 -2.123595
14.790845 1.146392
15.902714 -2.938436
15.577209 0.985061
17.085861 1.700870
13.624502 6.544750
11.586769 6.429419
13.092524 6.232707
9.573600 5.234514
12.750948 6.165551
7.339478 4.487894
8.924921 1.373109
8.969578 0.876999
8.171307 -1.338395
8.045715 -0.465656
7.555931 -0.573394
8.130310 2.430747
8.579199 4.293704
6.566395 3.273983
9.169104 7.401933
11.606822 4.247633
13.860078 3.959500
15.804070 -0.003385
14.706089 -0.023467
19.434738 -1.222756
12.583628 5.354384
13.070042 6.714780
10.579270 5.679262
8.094953 3.083040
8.447083 -1.561441
8.604718 0.424668
8.342108 3.577702
7.283890 0.160221
7.973960 -0.070111
8.426967 -0.815124
15.284478 2.694327
12.318786 4.863293
12.678189 5.514133
16.324726 1.930325
17.040840 -0.196784
16.349745 -2.392574
13.440053 -1.853817
15.459444 -1.177131
14.123455 -0.677221
14.580778 -2.139140
13.398243 -3.483687
11.844953 -3.891664
11.889984 -2.021013
11.553365 -4.108038
5.536932 -6.539633
5.856996 -5.972804
5.022614 -5.895451
5.529175 -5.368023
6.102867 -5.683068
3.470224 -9.402863
8.098614 -8.630233
8.454971 -8.790871
6.091658 -8.497862
8.034629 -8.591088
6.084343 -8.289351
3.077375 -8.969897
4.202639 -12.075133
6.827864 -7.975200
7.772840 -8.604739
9.287812 -9.439298
6.913926 -8.529292
7.839413 -10.728682
7.941973 -10.914266
8.860332 -11.047261
8.861956 -10.373502
5.552410 -8.823210
6.620031 -9.053517
3.872634 -7.949542
4.920695 -7.309312
4.660254 -1.964270
5.777419 -2.192287
5.907243 -5.669225
5.029292 -7.949065
7.805005 -9.577300
4.002573 -5.565041
5.927462 -5.172678
4.423373 -7.331937
6.105871 -8.070222
4.701871 -8.709473
7.441705 -8.882250
8.300726 -10.071074
5.642679 -7.378317
13.171010 -4.650221
12.200389 -7.066839
12.516196 -4.354269
15.252043 -2.892121
19.202629 -1.692630
13.366189 -1.714814
11.755823 -2.550940
11.538410 -1.680820
7.325336 1.312701
13.231455 6.194604
7.977363 4.213573
8.252573 -0.603126
8.418372 1.676803
8.536905 2.937751
7.436254 2.253641
8.205757 0.961591
8.315803 2.388784
6.790262 4.764228
12.346333 3.750702
9.579965 3.413769
13.279654 5.570732
14.745372 3.069785
14.334270 4.116907
18.351112 4.264392
13.328194 5.271850
7.806774 3.972641
9.105044 2.575969
7.621332 2.793211
8.949329 6.222185
8.293886 2.358921
9.327098 4.199558
5.653086 2.971407
8.434300 0.433221
8.777701 -1.453059
6.991197 -0.176198
6.283239 0.306247
4.431329 -3.588038
6.004267 -6.429201
4.815572 -9.459262
6.364724 -8.942082
5.319273 -7.663692
7.190304 -9.428896
-0.723591 -10.417534
5.995788 -6.540458
4.594036 -8.542808
6.707550 -8.873096
7.513867 -9.317140
7.450111 -10.053117
6.711426 -10.287866
7.627713 -8.170526
6.487819 -11.495431
4.774755 -6.723334
4.344066 -6.269833
4.954689 -3.427180
4.680783 -0.063780
7.342080 -0.830549
8.282260 -1.043171
7.094982 0.763846
8.601715 2.043751
5.786558 -0.081592
5.073594 -7.961870
4.562064 -4.381694
6.092502 -5.551231
4.772811 -8.262065
8.243731 -8.237597
8.784214 -10.841832
8.645932 -9.416181
7.615615 -9.907414
7.183125 -9.481054
8.011873 -10.816480
9.296997 -8.518918
6.969915 -11.595664
6.333497 -11.090951
5.530505 -8.965034
6.671240 -8.513117
11.587396 -7.720746
11.947737 -4.513528
12.202842 -5.138661
8.052680 -11.178148
8.920671 -9.822770
9.072653 -9.821683
6.978579 -12.359727
3.510616 -12.643456
8.506486 -12.212905
8.290303 -9.377353
8.037362 -9.645562
8.202437 -9.813027
7.484766 -9.546627
13.057055 -13.037730
10.465378 -14.777524
10.455846 -12.842113
11.670728 -18.349630
16.071190 -12.100284
14.158960 -3.379040
15.610028 -4.127573
11.794649 -7.436563
12.285570 -6.892594
13.456407 -7.336418
4.923587 -8.870204
8.476946 -11.184883
6.072773 -6.896846
3.206570 -6.413143
3.812666 -6.927928
7.729663 -8.518533
5.206654 -12.464450
8.070407 -11.810607
9.048767 -11.017758
8.915232 -12.392308
8.324830 -10.113029
9.334230 -12.836970
16.580292 -14.954221
14.757585 -17.242590
14.215460 -14.706012
11.294250 -13.938920
7.820961 -12.088537
7.484440 -13.449137
8.924023 -7.976681
8.161653 -8.965120
8.673522 -10.575002
9.211759 -11.612321
6.472635 -10.556299
9.753248 -13.527671
12.692422 -14.610212
11.343133 -13.775449
13.084009 -14.559690
12.416794 -15.468137
8.783150 -13.474631
7.149088 -9.774081
7.716627 -9.319032
7.665244 -8.006775
8.755359 -9.914241
2.123251 -6.022966
3.158297 -6.247539
4.006006 -4.553602
5.461976 -4.616652
5.946783 -7.434588
4.907455 -3.309459
6.910572 -8.537829
5.117192 -7.577664
2.545469 -10.760737
8.459393 -10.954546
11.495144 -5.324010
6.431627 -9.178585
2.357220 -8.998887
5.312007 -4.485063
5.134036 -4.143779
4.998250 -3.887212
6.089108 -10.088647
8.470754 -11.535815
11.485019 -6.899158
11.882879 -2.933151
13.263030 -4.829638
16.431515 -10.748158
18.672272 -13.252843
11.824045 -13.026679
7.043155 -10.890134
7.520026 -9.437388
4.723517 -7.457020
9.359612 -9.842417
12.314760 -6.710113
5.270467 -9.025640
3.845178 -6.204023
9.038666 -8.003345
7.302614 -12.253240
3.761655 -11.789666
9.337402 -12.188771
8.770686 -8.705510
6.471836 -13.470764
10.577652 -13.458226
15.806480 -15.023993
8.398067 -12.810499
7.198426 -9.629248
7.086614 -8.142887
4.924458 -7.456445
5.570030 -3.867414
5.636420 -0.190029
7.452053 -0.579814
7.137465 -1.117494
3.342776 -1.712980
5.060971 -3.406618
4.341321 -8.870616
4.708264 -9.019892
4.471445 -7.943303
5.496571 -2.221394
4.426866 -3.496673
5.807010 -3.687632
5.726200 -9.268865
7.209259 -8.256988
5.426672 -7.639080
6.262295 -7.962768
-19.114601 -18.833895
