15.206685 12.625933
13.089144 4.672411
13.549944 5.283895
11.574986 6.588431
9.869666 5.472344
8.871681 5.318479
11.878748 3.418313
9.329654 3.764338
5.979411 0.754908
6.744220 0.892523
7.724182 2.469354
7.825500 -1.060640
6.051357 0.594078
5.519388 1.893547
7.810135 2.484588
8.251894 5.180657
11.090172 3.826996
10.558577 5.150120
13.351760 8.572783
12.540884 8.857934
9.586337 5.596661
8.850582 3.214146
9.019116 3.739847
12.776467 5.220426
9.792639 3.860229
13.703212 6.498915
14.855415 4.254750
14.118624 2.169260
14.714080 5.198336
12.651883 4.552193
13.830837 4.154959
11.342012 5.407372
13.328723 5.574901
10.017436 5.328747
12.318291 5.457631
12.368926 4.149978
9.326389 4.474123
11.992028 3.571519
10.135860 3.594418
8.203216 3.353703
7.802656 2.235483
5.961447 1.200393
8.952408 0.634678
8.238847 0.557179
8.495945 -1.085930
7.910083 0.124632
1.279409 -6.219317
2.732195 -9.281427
-1.420251 -13.784485
