-14.332402 -2.379373
-11.763000 -2.716573
-7.185380 -5.489081
-3.570003 -7.028966
4.951097 -9.564792
5.300867 -5.710234
5.446689 -3.605756
6.910490 1.134806
7.827958 -0.183017
7.743869 1.253124
10.457005 6.593188
12.258858 4.785436
10.811745 4.612077
10.300867 6.069451
12.116409 4.181165
14.697207 5.719069
7.817871 3.972032
14.516883 6.491822
14.459896 4.865646
10.815259 4.192788
10.925453 3.977167
8.640775 3.443436
5.894339 1.983483
8.348846 0.790152
8.280092 -0.236278
9.196476 5.978663
8.606166 2.520728
8.575380 1.864633
9.008087 0.062415
8.999498 1.008264
8.095475 4.681323
11.890479 6.591432
11.380195 5.978932
11.704249 5.598019
13.721542 5.844677
15.730607 0.997751
14.433010 3.860228
14.202756 2.663547
12.630053 4.665111
11.352822 5.054358
11.713333 4.220272
10.853535 3.628893
15.197368 -2.548801
11.955567 -1.973761
12.135897 -5.312589
7.150805 -11.256145
3.590871 -9.098886
7.515309 -9.965297
7.257014 -8.069865
4.416548 -8.133657
4.512681 -2.344506
7.735865 2.163080
4.084522 0.794402
8.640271 2.728380
7.485417 6.009041
9.705287 3.718380
11.554995 3.563721
6.871740 4.658009
8.993486 7.150697
11.232619 6.368165
11.687316 3.723533
14.858534 6.369685
14.878870 0.424795
13.963157 5.069910
11.779500 3.686864
11.145217 3.936741
12.030416 4.316658
12.860765 4.013425
12.000857 4.377635
6.195869 3.483958
8.564094 4.561575
8.941815 0.270433
8.607059 -0.819722
10.824367 4.645001
11.088523 3.992558
9.194019 3.481942
10.310157 4.191554
13.769576 -3.038556
15.909773 -3.015749
15.043703 -0.182520
15.550622 0.328936
17.553547 2.171530
12.906334 7.037859
12.755825 4.081211
11.013174 5.254173
14.097330 3.928878
14.271034 2.395215
14.170104 3.798737
15.951044 3.914314
13.651573 -5.634732
13.815840 -6.224846
12.215186 -1.758153
12.652437 -4.125769
16.957100 -8.558827
14.643480 -11.793140
7.348468 -10.895538
7.410795 -9.695416
12.402914 -13.095664
11.918499 -15.278333
8.444062 -12.509727
8.787673 -15.117015
8.631542 -8.238463
8.365760 -9.008759
7.962553 -8.396689
7.126402 -12.400187
8.147485 -9.975726
8.851887 -8.359078
6.303273 -10.867631
8.556128 -9.458778
6.079937 -11.000914
9.973677 -14.398501
12.436090 -13.287747
10.456160 -16.101021
11.245253 -14.628766
8.630979 -14.336974
8.652182 -10.007277
8.363893 -9.759269
5.430929 -11.877095
8.004637 -13.577288
5.444619 -10.412505
5.777244 -9.893337
6.916155 -9.908883
8.865021 -8.504905
9.062788 -8.094577
9.149146 -8.425056
8.503592 -11.452924
6.436577 -14.891844
14.187767 -16.431942
14.432560 -15.969512
17.590027 -12.857206
12.418292 -14.255597
11.156097 -13.265418
7.724571 -13.340205
12.771036 -14.273365
15.701365 -12.195719
14.632387 -9.612929
19.540817 -13.245340
15.673775 -6.015419
15.476946 -5.901163
15.153448 -11.931589
12.662881 -15.842388
9.992804 -14.101855
7.643790 -14.806241
9.228828 -11.688323
6.961377 -10.826282
11.741985 -17.705296
8.686035 -14.199657
6.129601 -11.781031
2.688076 -9.728821
3.247896 -4.316496
4.799225 -8.286773
4.649454 -9.037803
4.968657 -7.212064
4.038706 -9.166389
13.742451 -16.624477
16.534706 -10.194575
15.400352 -12.386009
8.701336 -9.553357
11.076834 -13.768300
12.132494 -13.438148
7.728197 -10.802264
8.900486 -11.962369
6.646049 -9.333770
7.692400 -8.815479
6.255634 -8.673736
7.896989 -9.558017
7.245130 -10.338781
8.013733 -8.946543
7.461470 -8.558417
5.998198 -7.825617
7.542132 -8.870808
7.147552 -9.718412
6.497113 -8.742963
11.547170 -6.817159
12.795115 -5.605690
13.697572 -3.546333
