-6.632651 7.769120
-5.946462 9.667596
-6.115783 10.449107
-3.673241 8.899869
-3.516576 10.367351
-2.022232 10.166589
-2.271956 7.028762
-1.354296 8.008801
-0.991125 8.489601
-2.202106 11.411740
-0.135617 11.118358
-0.886827 11.813441
-3.231511 7.251991
-3.797102 7.983285
-1.963872 10.200942
-1.579781 8.352827
-1.645744 5.881033
-2.323676 6.589858
-1.949272 7.323510
-1.472244 5.635457
2.154506 5.313245
1.859397 3.988561
3.142836 2.981614
4.883811 6.942284
4.320753 6.708020
4.325878 6.112356
6.268190 10.548747
12.035203 19.332092
