-7.574425 -9.147304
-7.051213 -4.173748
-6.204402 -3.202991
-4.219083 -2.416358
-4.759102 -0.006469
-5.564773 -0.582751
-5.540577 0.371401
-5.188600 -0.782581
-2.024031 -0.880147
-2.855475 1.892366
-2.548878 3.276921
-3.183928 6.016111
-5.172519 6.459930
-1.928568 6.092312
-1.681324 3.638426
-1.414191 3.294280
-1.951378 2.498945
-2.574400 3.380178
-2.909755 4.093697
-6.205533 7.063382
-5.160524 6.623024
-7.079277 7.454560
-7.020277 6.326870
-8.125100 6.398973
-8.624363 7.906895
-10.332539 4.809858
-7.556212 7.282049
-4.631555 7.333145
-1.060119 5.490927
-1.971214 4.125523
-0.549556 2.227248
-1.514717 0.751499
-6.246596 0.183758
-1.536509 1.111470
-2.567780 6.000021
-3.873650 6.434725
-0.219813 5.686505
-2.504140 4.729541
-1.596421 3.129678
-2.555182 5.325027
-3.762018 6.857687
-3.711566 6.729581
-4.645112 7.147267
-5.750445 7.929735
-5.105968 7.276816
-6.325219 7.962425
-8.351501 6.287316
-8.789405 6.696612
-10.644304 6.479200
-5.364798 8.843386
-7.578869 8.797091
-9.057082 8.642458
-7.993294 7.054884
-8.391150 5.418169
-8.307812 5.723036
-8.188960 6.141711
-7.769929 6.367943
-5.230039 6.061978
-4.976795 6.759160
-4.686457 6.442373
-4.766883 7.207603
-2.848629 7.317965
-2.943085 4.121750
-0.932371 6.404735
-3.182481 3.531443
-3.139571 5.260351
-0.487475 5.756754
-3.923861 7.643516
-5.499004 7.887802
-7.923185 9.683306
-9.077517 17.228693
