16.556992 -2.525257
16.180649 0.905367
14.380442 -8.062359
10.802064 -5.436092
8.095120 -7.840256
8.164403 -9.868114
9.081762 -10.805680
8.729992 -13.479572
8.238243 -12.654552
4.020998 -7.586786
-1.299177 -8.927649
1.725653 -9.070383
3.016576 -15.950395
2.316197 -10.696252
2.281735 -11.909606
1.362866 -8.573290
5.279595 -7.154789
3.849687 -8.130946
5.869415 -7.918780
3.729233 -7.328463
1.300657 -8.361716
2.444320 -5.301774
2.432531 -8.839341
2.266954 -11.111821
2.595908 -7.910143
0.869080 -8.718744
0.333677 -12.060905
1.318269 -10.052695
2.398524 -8.308558
2.108865 -7.405453
2.256881 -8.130160
5.243103 -7.634162
4.077764 -7.631289
3.442015 -7.649528
1.385371 -9.218751
-4.845113 -9.262518
-9.656221 -8.763034
