-14.578443 15.063354
-9.447781 10.651332
-7.214994 8.250447
-6.828206 6.660408
-6.326874 7.147559
-6.937572 6.944484
-1.090419 7.158612
-2.155055 8.096732
0.228514 3.629617
-2.286009 5.476722
-1.396865 6.081289
0.090780 2.521756
-2.159925 3.974227
-2.432625 4.314233
-2.390526 6.947078
-2.365194 6.550402
-4.108346 6.838895
-3.631143 7.293562
-1.989450 7.607889
-1.826071 4.578907
-2.267196 5.027360
-1.022739 7.066336
-6.056210 7.972311
-6.357546 6.482561
-6.587770 6.530520
-5.268541 6.419794
-6.940248 7.533753
-6.787725 6.831718
-6.087896 7.109176
-7.363695 7.182776
-7.777933 5.722202
-7.704869 4.604200
-7.539594 4.426882
-7.825308 3.843982
-7.875449 5.588784
-10.138146 3.115378
-7.488969 3.062363
-5.543972 6.697027
-6.820765 6.658585
-8.803349 2.916683
-7.029110 0.268913
-2.382683 0.279656
-1.160627 0.838421
-1.037490 1.740980
-0.434878 0.544977
-1.095417 3.175566
-1.914447 4.892028
-7.534230 3.958929
-7.906840 3.623316
-4.727823 0.270898
-4.030235 -0.150468
-5.897090 1.268782
-7.004771 1.190356
-5.629355 -0.518001
-2.945587 -0.311076
-5.296481 -0.487036
-4.372788 0.295315
-1.739269 1.070727
-2.287399 3.471527
-2.291849 5.586621
-3.752220 6.767754
-4.347335 6.990404
-7.042522 7.414711
-7.713967 6.733573
-6.690228 6.782761
-4.237869 8.213749
-5.561831 7.101696
-4.469480 6.871773
-3.725420 6.995637
-5.700530 7.916671
-5.879399 6.663721
-7.029757 7.244643
-6.792107 7.826089
-6.408258 7.358758
-6.077125 7.848568
-5.947162 7.403011
-6.623252 7.102311
-7.876121 1.441859
-7.815537 5.049501
-7.738614 5.767019
-7.654198 5.077091
-9.773884 10.413513
-7.804975 5.416647
-7.935240 4.628775
-7.756887 6.320450
-7.208123 7.571937
-6.898900 9.012509
-9.455688 10.316719
-15.534238 9.554143
-10.914951 9.292830
-13.416316 9.833520
-15.769222 4.230623
-5.591650 -0.159423
-4.127882 0.969195
-5.983552 -2.179992
-8.036015 2.205781
-8.259578 2.732758
-8.351283 0.548434
-8.455429 2.489503
-10.138561 2.537579
-7.779068 2.555804
-8.491692 3.325373
-12.080003 2.926966
-13.465719 6.184195
-11.882768 9.467523
-6.494196 6.408933
-2.761000 7.690662
-3.669890 7.976931
-5.191820 6.729199
-3.915339 6.768327
-6.075099 6.774924
-7.443231 6.713969
-5.857471 6.487860
-3.633672 7.691271
-1.133445 4.957348
-2.398304 4.816988
-2.280447 5.403695
-2.322434 3.952447
-2.406869 3.602864
-4.863091 6.907144
-6.133135 7.963273
-5.630324 6.389642
-3.104630 7.547648
-3.147538 6.982895
-4.657153 7.040129
-5.110500 6.429660
-7.526756 7.135477
-7.498623 7.042610
-8.549796 10.643893
-8.174618 8.539576
-9.677116 9.156553
-7.462243 8.827783
-16.374802 13.297584
-15.361316 7.815186
-13.280645 8.932322
-11.679360 2.130013
-11.241123 2.433853
-6.443033 -0.700405
-7.760244 0.324373
-8.422118 3.491477
-7.763941 1.841765
-7.626961 3.116054
-2.142919 3.247388
-2.111572 2.342544
-2.135401 2.546710
-1.228115 1.539066
-1.416989 0.878088
-2.005879 2.027891
-1.568709 0.634868
-3.471518 0.572098
-4.319934 1.253797
-5.103536 1.280748
-5.089477 -1.019726
-7.617851 0.131075
-7.862463 3.001788
-5.084935 0.600823
-2.843822 0.601540
-7.372003 7.846495
-6.811477 7.002181
-6.114267 7.742188
-4.136973 6.898256
-6.155404 7.349242
-5.495571 6.748169
-7.915234 7.600885
-6.569116 9.084004
-9.039862 9.013012
-6.858495 8.391223
-7.264608 6.490052
-5.245213 8.377564
-6.674063 7.812890
-6.257049 7.270449
-8.445675 9.161739
-9.491304 2.821243
-7.939571 5.368243
-1.816168 1.650346
-2.203911 2.565042
-6.893896 7.248100
-7.195843 6.810097
-9.927819 1.976022
-12.555870 -2.102922
-13.325670 5.767375
-14.412032 4.485771
-15.420653 8.083483
-15.755534 11.466308
-5.626088 9.666677
-5.625713 6.314320
-3.907813 6.412005
-3.882236 7.359206
-3.982466 8.273541
-5.896064 7.355327
-5.388777 7.874722
-5.460431 6.698953
-5.421384 6.475331
-5.021653 6.924653
-6.480803 8.198058
-7.865786 5.171634
-7.693606 4.521818
-7.861130 3.572423
-7.790628 0.971774
-6.388634 1.164699
-8.181649 1.915779
-8.502305 2.803579
-8.350935 3.330443
-7.423717 6.628030
-7.574325 7.486730
-1.792240 2.690481
-1.886425 5.121490
-1.121824 5.112067
-0.840062 4.709810
-7.687375 5.121994
-7.631123 4.634790
-7.627183 0.022074
-8.188870 2.802725
-10.821510 3.327012
-12.684650 1.352571
-12.401773 3.133011
-13.887523 -0.107509
-9.411829 -1.489621
-7.493965 -0.047166
-7.901062 4.889550
-7.557904 4.745205
-7.572474 5.796751
-7.778846 7.653798
-6.909029 6.834044
-3.991191 8.163486
0.069731 4.191387
-0.584937 5.618812
-3.271311 6.833148
-4.650253 6.728950
-6.992013 8.714281
-5.412685 6.363007
-6.970478 6.777787
-4.362904 6.913220
-2.442005 4.524528
-1.994171 2.784349
-1.676413 1.777030
-1.339604 2.378146
-3.320082 -0.143037
-4.369870 0.274098
-7.668639 5.638838
-10.250882 2.941027
-9.488478 3.452104
-13.770665 1.603984
-13.149925 0.974355
-14.402675 6.938387
-17.152851 6.749679
-13.177235 10.131545
-12.844973 10.922456
-7.563218 10.646102
-1.511772 1.970339
-1.593413 2.955492
-4.579434 6.399443
-10.880900 1.729462
-12.178548 2.583321
-8.415047 1.637884
-5.483607 -0.612080
-10.081112 3.167032
-8.215397 1.266051
-7.607153 6.878913
-5.732584 8.175240
-5.733480 6.665706
-6.803544 6.849223
-4.572271 7.404120
-5.060613 7.188629
-7.532188 6.163589
-7.755815 8.035760
-7.487855 4.428421
-6.337162 6.432217
-5.167426 7.096851
-6.792313 7.232246
-7.827444 6.369036
-7.669038 4.034004
-7.860553 4.162588
-7.860375 5.297112
-7.569838 3.259735
-7.522392 5.871345
-2.711579 6.812423
-4.036361 7.146440
-7.501338 6.056946
-6.449738 6.326417
-5.964546 6.483827
-5.166724 6.386705
-6.602050 7.407890
-8.096957 9.642392
-6.414559 9.428053
-7.745232 6.760419
-7.622917 2.312841
-7.632447 1.723497
-7.745473 -0.903649
-5.657179 0.013994
-4.915126 0.762732
-1.671827 2.916619
-1.469317 7.234854
-3.321887 7.976065
-4.668228 6.691946
-2.374829 7.070369
-2.515034 7.181271
-3.155882 8.886653
-6.923824 6.807435
-7.403129 6.859828
-7.867087 3.972229
-7.704507 5.898818
-7.586918 5.374366
-7.629985 6.203927
-7.816128 6.428314
-7.507706 7.201030
-9.160631 13.466117
-8.848995 9.854268
-8.581814 3.127155
-11.293092 3.368285
-12.557947 9.058542
-11.326257 2.882675
-12.337227 2.593580
-14.254929 4.053636
-8.541391 0.556006
-11.224509 2.143718
-10.114733 3.446413
-7.510695 6.021570
-7.864359 6.921759
-3.770961 6.550950
-3.807938 7.499407
-6.336799 7.377473
-7.721330 7.502454
-4.217824 6.367814
-4.706087 7.052816
-6.516645 6.773256
-9.398708 3.082696
-8.380184 1.418529
-7.616042 4.073827
-2.775167 7.013023
-4.410673 8.130968
-2.784114 6.375899
-4.055481 6.580195
-4.348506 7.290569
-2.436742 3.527597
-1.220534 1.480917
-0.491938 1.821877
-7.814998 1.794523
-4.600252 0.601480
-6.847801 0.746633
-5.139574 -2.285928
-3.287962 0.288847
-6.423661 6.620979
-6.420981 7.712640
-6.506281 7.260527
-7.639297 8.149334
-7.058372 7.744603
-10.806421 11.081912
-14.425722 9.791718
-9.225309 9.184587
-11.468788 8.594319
-16.830734 11.453046
-12.413445 9.281969
-10.013808 10.336357
-9.295410 9.338321
-5.944199 8.181081
-5.600492 9.888490
0.028114 5.345575
-0.765339 3.878968
-2.982292 7.335741
-4.221859 6.440420
-4.735167 8.617683
-4.615418 7.356934
-6.876437 6.424151
-10.420767 8.641521
-6.853189 6.682324
-5.958546 7.115488
-12.974850 5.431615
-14.928871 7.513802
-12.989298 10.469800
-9.619431 10.714257
-7.591699 5.775309
-5.469967 7.185804
-5.413723 10.244406
-15.762595 11.213074
-10.236537 10.492547
-14.245558 5.524463
-14.750044 4.655255
-11.446469 3.465667
-7.877341 3.914354
-9.788012 12.154397
-10.766488 9.481110
-6.348710 8.080615
-6.497574 8.381154
-7.170483 7.985000
-6.407815 7.337971
-6.226942 7.071333
-7.358480 7.339917
-7.764466 4.934864
-7.797867 3.246426
-9.357333 3.469512
-4.871711 6.982275
-5.576772 7.194810
-6.457694 7.651117
-10.959525 10.703631
-13.119263 9.519509
-10.014421 10.330402
-5.382358 8.106883
-10.463664 9.067586
-9.186611 8.947883
-6.980936 8.364034
-7.552215 7.731063
-6.030622 9.037851
-9.171659 9.702386
-7.699428 8.405179
-6.663851 7.313304
-6.701299 7.824341
-7.138824 8.820010
-4.694292 8.168154
-4.659579 7.587858
-6.585915 7.149431
-5.764777 7.622392
-7.274967 8.483615
-8.047396 8.827914
-5.064645 6.740905
-4.148293 6.888418
-4.016177 6.725636
-4.276965 7.242181
-4.135476 7.160419
-2.417214 6.539348
-1.548823 4.021817
-2.148897 4.121079
-2.386220 4.078599
-1.565182 2.486387
-0.806787 2.608237
-0.501330 1.741966
-0.437993 3.107591
-2.176132 5.062019
-0.886939 3.345289
-2.223448 2.480274
-1.198909 3.036804
-2.475358 3.726816
-3.714772 6.725174
-3.555743 6.921264
-7.579489 7.167260
-5.640770 6.524984
-6.437743 6.543094
-5.268301 6.607983
-3.589486 6.633340
-5.340961 6.744636
-1.469764 5.709785
-1.455854 5.861955
-4.376371 7.267655
-6.556576 7.014374
-2.823174 7.819643
-5.559339 7.035218
-7.490191 7.731406
-7.812445 5.533287
-7.644250 3.636714
-9.033342 1.718172
-7.616708 3.838442
-7.571543 5.438503
-4.980247 6.781234
-2.656628 7.685074
-2.329679 5.297075
-4.868744 6.475770
-3.305331 8.839117
-4.353560 7.577429
-6.264534 7.121993
-5.631256 6.712948
-2.370258 5.591256
-2.203828 4.055043
-1.667659 1.911545
-2.553964 0.980110
-0.711542 2.812480
-0.982026 1.340523
-6.024314 0.733830
-5.448134 1.036420
-6.150269 0.027231
-5.928268 -1.443839
-4.254867 -0.634450
-4.068449 -0.586953
-5.986396 -0.363518
-9.626656 2.158276
-9.097736 3.443196
-8.222116 0.911374
-7.885801 3.926892
-8.136673 0.888842
-8.847602 1.259265
-5.247211 -4.121389
-4.787712 -6.431428
-5.964034 -9.262494
-3.901153 -17.158062
