19.943939 -7.887926
18.375940 -3.882136
19.718004 -9.935824
13.739415 -9.415818
15.122862 -8.260587
12.345238 -9.120525
16.062189 -9.153390
9.568833 -9.661239
10.785587 -9.957795
16.640572 -10.800583
18.012142 -2.869608
10.740801 -6.961452
11.473440 -7.219379
12.760640 -9.990856
12.230841 -8.128205
10.892330 -9.365205
11.693065 -5.071325
10.638055 -6.094236
9.838487 -4.039672
8.752155 -4.997429
7.503065 -7.383694
8.379436 -6.535814
6.605271 -5.430128
9.223960 -5.768936
10.292911 -3.957197
10.574634 -6.214793
15.310583 -8.179162
15.395464 -8.265111
12.658916 -8.216967
7.780413 -7.746742
9.705230 -4.957896
7.652631 -8.136226
13.204871 -7.334624
12.729426 -6.684793
7.661653 -4.074940
9.363424 -3.765686
10.682958 -5.472074
11.610076 -5.938184
9.485191 -4.123972
9.713002 -5.586027
9.555477 -5.148268
10.125260 -4.472326
9.984730 -6.801378
4.841963 -4.004150
3.473720 -4.721857
3.457001 -8.155400
2.750607 -7.783593
2.746473 -10.251810
2.162085 -9.224063
4.880231 -5.637711
9.076913 -8.155212
7.056214 -7.220469
7.070732 -6.640292
7.367536 -6.570523
9.901539 -10.751145
8.107984 -6.352736
6.776617 -7.234686
9.003434 -9.847844
8.469022 -10.769250
8.875488 -7.046920
6.707010 -6.699761
5.359365 -5.444866
10.941734 -7.409718
16.127893 -7.285013
14.249807 -7.150456
11.059937 -8.662116
16.041058 -7.967586
12.657637 -7.330781
8.572402 -8.346725
9.791733 -4.444676
10.224802 -4.112138
10.204647 -6.019221
11.366645 -6.264271
9.640804 -3.841406
8.874916 -6.291432
6.905744 -7.411118
8.369766 -4.989957
13.612785 -1.151308
15.425919 1.088066
15.021499 -1.200756
14.632956 -0.057275
14.921479 -0.344910
12.386214 1.847694
11.441450 2.935027
8.832439 1.415160
6.187021 4.870262
2.105071 2.376824
-1.260722 4.331189
-2.235241 4.333043
-0.365196 5.399074
-2.855231 7.813220
-5.728525 6.772451
-3.034522 6.336927
-4.890597 7.276683
-6.522504 7.752954
-5.066285 6.691092
-7.725656 6.802551
-6.774491 11.458300
-8.540421 10.391533
-12.318113 15.412584
