-14.890689 15.289299
-10.170313 9.417943
-7.588471 8.024339
-7.615770 8.026928
-7.588599 8.024302
-7.615948 8.026886
-7.588917 8.024212
-7.616391 8.026783
-7.589709 8.023993
-7.617492 8.026528
-7.591677 8.023458
-7.620229 8.025914
-7.596573 8.022174
-7.627051 8.024471
-7.608802 8.019211
-7.644144 8.021265
-7.639392 8.012942
-7.686920 8.015175
-7.716424 8.002885
-7.795443 8.008868
-7.916208 8.000610
-7.682964 7.955535
-7.931259 6.976416
-7.781140 7.101326
-7.824117 6.685770
-7.931551 6.523856
-7.734125 6.851633
-7.844385 6.702317
-7.828509 6.710309
-7.939383 6.550711
-7.938921 6.566896
-7.827023 6.725025
-7.813463 6.729688
-7.923656 6.571334
-7.920597 6.590976
-7.809558 6.747590
-7.799045 6.748116
-7.908454 6.591065
-7.904209 6.612252
-7.794199 6.767055
-7.786694 6.763752
-7.895302 6.608128
-7.890812 6.629770
-7.781585 6.782981
-8.323664 2.005382
