6.001771 17.912134
1.293903 10.897607
1.417028 11.001358
0.823997 10.912753
1.045344 11.011546
1.255575 11.315572
0.537222 10.892480
0.810692 10.998734
1.076136 11.301684
0.345968 10.873496
0.640971 10.987462
0.947000 11.290384
0.207749 10.857514
0.514498 10.976452
0.846973 11.280456
0.104788 10.847659
0.422597 10.970821
0.770950 11.278324
0.027505 10.849118
0.356159 10.978511
0.714579 11.295143
-0.032894 10.880376
0.307354 11.025069
-0.083739 11.005013
0.278918 11.194749
-0.105329 11.432446
-1.202988 10.879117
-2.686419 10.375091
-6.286607 8.782029
-7.630855 7.709601
-7.818992 7.668951
-7.609815 7.578299
-7.780256 7.510917
-7.620424 7.559147
-7.791646 7.488196
-7.624627 7.554683
-7.796304 7.482980
-7.625976 7.553379
-7.797807 7.481458
-7.626394 7.552984
-7.798273 7.480997
-7.626521 7.552864
-7.798414 7.480856
-7.626560 7.552826
-7.798458 7.480814
-7.626574 7.552814
-7.798472 7.480800
-7.626577 7.552811
-7.798477 7.480795
-16.222307 7.250203
