17.144493 10.304070
10.293166 2.814589
8.839171 0.940404
7.607383 -0.248907
1.422656 0.140085
0.965404 0.085053
1.407163 0.137105
0.950629 0.081760
1.388595 0.133240
1.810835 0.186348
1.367792 0.128607
1.789778 0.182657
1.344899 0.123463
1.766350 0.178327
1.319093 0.117558
1.739571 0.173373
1.289337 0.110014
1.709558 0.167149
1.255587 0.101536
1.675290 0.160144
1.217664 0.094807
1.636052 0.155640
1.172863 0.103843
1.587823 0.172073
1.113139 0.203569
1.561978 0.275064
1.313833 -2.729071
0.936345 -2.640861
1.450217 -3.625210
1.136297 -3.480383
1.648267 -3.678911
1.681149 -3.819299
1.344097 -3.627563
1.808934 -3.922341
1.389078 -3.668414
1.086574 -3.516578
1.030492 -3.450549
0.882965 -3.388338
0.942455 -3.382451
0.835898 -3.348313
0.921454 -3.360968
0.824974 -3.335746
0.916436 -3.354578
0.822320 -3.332029
0.915177 -3.352743
0.821650 -3.330966
1.845273 -3.949901
3.001348 -4.486160
4.880132 -5.630486
4.256644 -8.253069
3.339071 -11.054910
