-15.939445 13.487364
-10.604771 8.811614
-7.718698 7.935516
-7.754862 7.928858
-7.718634 7.935531
-7.754771 7.928875
-7.718469 7.935567
-7.754531 7.928916
-7.718033 7.935644
-7.753896 7.928991
-7.716881 7.935774
-7.752205 7.929074
-7.713801 7.935794
-7.747633 7.928762
-7.705450 7.934443
-7.734975 7.925601
-7.682228 7.924715
-7.698545 7.906855
-7.615122 7.872349
-7.785634 7.863170
-7.862171 6.968255
-7.720582 7.097362
-7.424927 2.924674
-6.337791 1.256060
-4.492221 -0.354853
-4.509521 -0.342090
-4.429600 -0.364988
-4.445251 -0.354589
-4.555692 -0.279565
-4.351933 -0.381157
-4.366519 -0.377765
-4.477457 -0.316583
-4.262460 -0.443788
-4.386597 -0.415233
-4.583198 -0.339287
-4.356159 -0.418988
-4.548276 -0.345512
-4.567628 -0.331034
-4.502155 -0.353193
-4.519798 -0.340119
-4.442180 -0.362772
-4.458295 -0.351676
-4.568743 -0.275805
-4.367554 -0.376121
-4.382469 -0.370106
-4.493022 -0.303178
-4.278913 -0.418393
-4.402676 -0.381736
-4.572488 -0.118141
-3.919422 -0.583840
-3.575855 -0.897127
-3.229748 -1.626872
-2.444646 -3.938534
-1.344805 -7.311053
0.703385 -10.488091
3.696978 -15.519786
