-19.640038 17.167208
-13.361872 8.277604
-7.737114 7.789451
-7.881216 7.758174
-7.737136 7.789438
-7.881244 7.758159
-7.737207 7.789398
-7.881331 7.758110
-7.737418 7.789267
-7.881590 7.757954
-7.738050 7.788853
-7.882361 7.757457
-7.739899 7.787488
-7.884596 7.755800
-7.745111 7.782877
-7.890804 7.750119
-7.758663 7.767043
-7.906530 7.730187
-7.787211 7.716543
-7.937542 7.667125
-7.815669 7.576105
-7.951338 7.503968
-7.695219 7.209650
-7.841452 7.095954
-7.869558 6.755317
-7.751814 6.898871
-7.921450 6.683109
-7.805221 6.829060
-7.724605 6.926075
-7.843716 6.781151
-7.754473 6.889459
-7.871438 6.745320
-7.776806 6.862051
-7.893277 6.717050
-7.795039 6.839661
-7.911148 6.693991
-7.809683 6.821532
-7.925956 6.674892
-7.821441 6.806967
-7.938328 6.659029
-7.831638 6.794219
-7.949150 6.645043
-7.840739 6.782740
-7.721595 6.927961
-11.146510 2.360068
