6.426043 3.677241
3.739808 3.832546
3.570933 2.698572
-1.667490 4.729611
-2.319241 3.888667
-2.051105 2.704861
-2.534088 0.733496
-3.570896 0.049031
-5.365488 0.060427
-8.431210 -1.890201
-9.060025 -2.785572
-7.363435 -0.408664
-7.687515 3.985059
-8.589342 2.753989
-7.808538 4.385902
-8.404935 2.022739
-5.468996 -0.986908
-1.648536 1.756423
-3.133641 0.859086
-5.035834 0.171399
-7.182354 0.037443
-8.163983 2.544325
-7.421083 -0.693938
-4.116267 0.983734
-2.356218 0.981407
-6.014720 -0.906078
-5.902633 0.181423
-5.978541 1.099781
-7.820432 0.009560
-7.821973 0.818531
-8.850788 2.803978
-8.257116 7.154209
-8.342448 7.779880
-6.296136 11.494088
-5.873033 9.561047
-6.942881 7.275506
-5.315722 6.790140
-6.441509 7.755867
-7.081829 8.094041
-4.118222 8.840773
-4.161881 7.672455
-5.601751 7.832119
-4.067955 8.301508
-0.766101 5.346032
-2.280084 6.211160
-4.376597 7.445101
-5.585891 7.630997
-5.978339 6.949622
-4.756261 6.377891
-6.954344 6.353553
-8.986723 3.604625
-9.289401 7.093074
-7.659043 6.084039
-7.234786 7.833548
-6.247069 6.384963
-5.412361 7.743651
-6.902776 6.426819
-7.001173 6.388041
-5.723166 7.671171
-6.183156 6.866320
-6.819018 7.614155
-0.697056 7.409511
-1.380449 6.432817
-3.463953 6.517157
-2.421627 6.516327
-2.386405 5.892678
0.845025 5.523858
0.284885 4.519651
-2.440193 0.312091
-2.495653 -0.033376
-5.601120 -1.457549
-3.793176 0.146250
-9.061123 -0.607386
-7.508922 2.343512
-7.833533 1.834029
-9.166988 1.401526
-8.623283 1.900594
-7.885154 2.594285
-7.522302 3.808064
-7.859605 3.935183
-7.815462 3.451813
-7.805151 4.863814
-7.940928 4.833208
-7.911131 5.275345
-7.561178 6.711034
-5.679436 7.314748
-7.432729 8.635705
-9.856999 4.887590
-7.545837 5.881928
-7.982954 1.351296
-8.697798 5.286833
-3.712295 6.355471
-2.848191 6.372716
-1.616258 5.177391
-0.499478 4.890806
-2.317039 3.007672
-1.651368 3.551651
-1.667696 3.998872
-0.142562 4.767619
-1.499867 4.639227
-2.243264 3.094740
-1.081435 3.710540
-1.545133 3.561230
-1.529833 3.111519
-1.917766 2.347708
-2.270760 3.918876
-2.347512 2.682933
-1.875698 4.126329
-1.563555 4.117108
-1.115130 5.478026
-3.459896 7.172371
-4.621771 7.295310
-5.394089 6.914277
-8.412955 7.960907
-5.360393 6.346468
-6.355824 6.660053
-8.000929 6.972254
-8.220016 4.860690
-9.472771 4.406941
-8.587582 4.976545
-8.365108 5.143486
-9.994802 4.708774
-7.362338 6.592187
-5.039404 7.046950
-6.213159 6.719959
-6.958299 6.351750
-6.850299 7.591815
-6.209156 7.352089
-4.844805 7.594633
-5.350120 7.270079
-6.808306 6.665223
-4.531853 6.342762
-4.964712 6.857004
-6.185575 6.612276
-3.427319 0.294688
-2.664589 -0.232165
-4.396191 0.216346
-4.504086 0.773735
-2.327653 2.212483
-1.649483 3.616953
-2.297044 2.724668
-2.459782 5.693326
-4.824097 8.503823
-4.369586 6.562327
-4.228755 7.124426
-6.602490 6.965118
-7.164681 7.520306
-7.960804 5.122383
-8.115244 4.650808
-7.727274 3.225731
-9.606163 2.951810
-9.007180 0.816713
-6.075412 0.960204
-6.574194 0.634648
-4.453269 -0.347969
-7.613065 0.993448
-7.787704 3.021168
-9.341671 1.137829
-5.844540 0.463811
-6.247678 0.832478
-10.550395 -1.568614
-7.601429 3.051372
-8.781672 5.318367
-8.057014 6.251482
-7.429353 7.474324
-10.805988 7.807712
-7.627413 4.876652
-7.585521 5.513562
-8.123326 6.038847
-7.512361 7.098244
-4.317908 7.140918
-2.967179 7.484080
-1.085244 5.586738
-2.020253 5.462947
-1.689287 3.801062
-2.058395 4.824842
-2.170414 5.144228
-2.097667 5.028496
-1.173783 5.109375
-1.718470 4.044772
-2.213967 4.126461
-0.222893 5.596089
-2.962706 6.774055
-3.871662 6.692378
-3.758193 6.335746
-5.625741 6.352761
-8.680129 6.889207
-6.280609 7.622668
-6.963109 7.353958
-9.146652 3.388166
-7.439572 7.218015
-5.817461 8.071742
-5.754112 6.840014
-6.407067 7.074430
-7.268427 8.895644
-4.763329 8.753750
-4.522526 7.128179
-6.141251 8.860140
-5.668561 7.412977
-5.116055 6.551621
-11.817742 12.873905
