18.143574 -6.869629
17.265352 -4.370608
18.947369 -12.460193
13.193757 -12.332456
18.525400 -10.954139
15.064766 -6.817088
17.363708 -8.715551
16.992176 3.568759
12.754673 1.209464
8.858216 4.941412
11.744765 2.084958
10.485483 0.479803
13.539217 -0.652298
13.946550 -1.116755
11.872284 2.087346
14.780416 -0.585704
9.116052 1.377486
9.373880 -1.776801
9.358041 -0.571173
10.994720 -2.565140
10.484897 0.413833
12.377520 -1.320945
11.435798 -0.350605
11.760828 -0.799075
9.164580 2.750262
8.615642 4.678826
3.543964 3.335275
2.595887 5.410066
0.757891 5.333078
0.658825 4.335561
1.050738 4.447235
-0.607517 4.165846
-1.110784 7.061512
-3.367194 11.264692
-3.939181 12.931901
-7.140416 18.466125
