9.839867 -10.434254
5.239000 -6.808031
3.088139 -5.836635
0.177783 -2.427581
-0.445786 0.703785
-5.074246 0.628004
-6.566749 0.965463
-7.979061 0.562818
-8.475092 3.110352
-8.501855 2.151745
-8.726115 4.509442
-8.982468 4.501804
-10.428827 6.867675
-6.068491 7.103908
-8.387885 9.004306
-7.640430 4.270730
-9.907203 4.559752
-9.662934 3.724966
-8.877500 3.625511
-8.613623 5.221812
-10.748173 2.590739
-6.734956 0.686855
-5.601118 0.853607
-6.252015 -0.188286
-5.002734 0.630706
-4.360888 0.960269
-6.162717 1.166208
-7.886575 0.621105
-8.250715 3.977224
-8.390997 4.137625
-8.412977 1.978365
-7.722502 6.093330
-9.240269 2.923722
-7.735003 3.084313
-8.950952 5.160228
-7.288151 6.584753
-6.689294 9.071830
-11.238044 5.832704
-10.235677 1.777005
-8.623568 2.383154
-8.447847 4.982911
-8.441959 3.311390
-8.433332 2.777158
-7.135804 0.434305
-6.540589 0.780974
-7.785273 0.076375
-8.157356 4.742704
-8.542721 3.309928
-7.707605 1.639330
-9.273363 2.281851
-10.284564 0.962646
-6.030531 0.943085
-4.965615 -0.768521
-5.069436 0.950707
-3.973710 -0.940647
-7.515963 -0.818833
-7.506192 1.511666
-7.507516 3.245479
-7.645636 4.029262
-7.738165 4.864608
-10.612507 8.288734
-5.840132 6.838297
-7.442637 8.476483
-8.287397 3.627018
-8.309803 2.450029
-9.321779 2.223001
-7.740186 4.024627
-8.839186 4.072432
-8.467034 7.566514
-8.045286 5.854798
-7.074648 6.763266
-10.349399 8.076015
-8.854486 3.579945
-8.760817 2.964532
-8.298688 4.881041
-8.100752 3.488357
-8.266999 1.043528
-7.682995 4.279421
-7.725543 2.543519
-7.501256 5.451001
-9.213003 1.081192
-6.928843 0.508281
-4.168665 -0.304723
-3.291474 0.625804
-4.867485 1.115241
-8.468955 0.512245
-12.061300 1.722784
-8.961938 3.672941
-8.064955 4.784497
-8.402540 5.180882
-8.670918 4.308340
-9.251920 7.851318
-5.481484 8.334435
-4.232114 8.006519
-5.388283 7.466181
-5.928175 7.704336
-6.147361 7.451779
-5.526395 7.668233
-3.859400 7.235894
-2.683928 6.667591
-1.242734 5.265497
-0.127731 4.764268
-1.239858 4.634033
-2.417957 5.553058
-2.286349 5.344663
-1.945661 6.470706
-3.988213 7.376582
-6.002567 8.500682
-8.322613 8.898152
-8.872581 7.947131
-5.773361 7.380190
-5.659949 7.245507
-7.448344 8.185044
-6.838124 7.087634
-5.876723 7.630975
-7.950088 6.814701
-7.516713 5.536988
-7.632444 2.318345
-7.529564 6.556515
-5.760934 8.077333
-9.928164 10.574204
