9.569648 12.747779
7.304905 11.045903
3.280783 11.014484
4.438608 10.264218
5.433756 11.477647
10.076538 11.538868
12.127371 12.030517
9.170368 11.665917
9.428062 11.957822
8.136162 4.784228
6.656020 2.733008
6.451048 4.883568
9.645261 4.770552
10.376143 5.495581
13.027474 8.290520
9.105227 2.971774
8.989095 2.486342
10.002279 4.011095
11.677381 7.821124
12.211535 2.765018
10.759966 5.554258
5.612051 5.224300
10.370283 4.308074
5.885899 8.867251
6.008551 7.231299
5.226156 10.542792
6.793892 12.840413
5.717114 9.654092
5.450538 8.649919
4.865411 9.752599
4.545986 8.522243
5.798614 9.321807
4.432623 8.070398
5.229714 6.676331
4.715087 8.151402
7.146330 3.954345
6.659708 4.210856
8.436844 3.082925
8.353460 5.386736
9.083359 5.519226
8.085906 5.342792
6.942228 3.566169
6.770204 2.510596
7.726346 5.025856
5.891160 4.983243
7.526241 4.743402
4.226032 5.204624
3.528395 5.324144
-0.026409 4.785482
1.481799 5.485516
2.449808 3.766834
1.933066 4.285811
1.611279 5.413764
1.281570 5.076406
-0.753877 5.498353
-0.434086 3.679937
-2.239069 1.166664
-0.646483 3.080634
1.941813 4.105016
2.830940 5.637222
2.269351 5.769486
2.914941 3.794061
3.335735 2.895918
5.307021 7.836985
5.073278 12.623000
6.046342 7.613813
2.511952 3.706169
1.693682 4.825748
1.533543 4.588068
0.968408 4.787598
-0.467771 5.886919
-0.196504 3.260693
-2.845008 9.436399
-2.685324 11.185502
-1.503764 12.405509
-2.596086 9.000471
-6.110507 13.711093
-13.128225 11.805619
