-7.433992 -19.470421
-5.087502 -10.291034
-4.023970 -7.038022
-2.251035 -3.684477
1.940860 4.907080
1.433921 5.357342
1.714897 5.752405
2.481764 5.769898
2.261193 5.578826
2.711824 5.643336
2.479220 5.456100
2.795454 5.548346
2.554121 5.362608
3.166187 5.936730
3.164198 5.942514
2.809187 5.470057
2.560442 5.283309
3.161330 5.875371
3.153365 5.882130
2.790304 5.402270
2.534660 5.213937
3.136960 5.820865
3.128073 5.829736
2.758655 5.343475
2.497471 5.153969
3.106496 5.773957
3.099183 5.785426
2.724731 5.294442
2.458151 5.104170
3.076159 5.735390
3.071741 5.749298
2.693222 5.255435
2.423041 5.063337
4.398873 8.443162
4.500154 8.454670
4.458502 11.190525
5.890473 17.741966
