-2.291962 -15.433628
1.107650 -11.479214
8.171593 -10.240470
7.967047 -10.251138
8.171590 -10.240470
7.967045 -10.251138
8.171585 -10.240472
7.967039 -10.251141
8.171567 -10.240477
7.967018 -10.251145
8.171502 -10.240491
7.966943 -10.251163
8.171268 -10.240540
7.966676 -10.251223
8.170438 -10.240666
7.965722 -10.251379
8.167397 -10.240746
7.962221 -10.251502
8.155787 -10.237674
7.948828 -10.247968
8.107986 -10.195889
7.892412 -10.199534
7.931884 -9.760386
8.146458 -9.833322
8.050924 -8.039577
9.803861 -8.180017
9.645029 -8.574783
10.097408 -8.046329
10.326092 -7.975339
10.022129 -8.307016
9.803804 -8.669545
10.176249 -8.064822
10.361691 -7.984086
10.032019 -8.304418
9.810783 -8.667390
10.179990 -8.062626
10.363367 -7.982934
10.032589 -8.303718
9.811151 -8.666893
10.180202 -8.062330
10.363461 -7.982781
10.032627 -8.303647
9.811174 -8.666844
10.180217 -8.062304
10.363468 -7.982768
11.726974 -6.008904
14.889484 -3.080608
