-18.219591 1.972284
-10.754596 4.663587
-8.795037 5.710222
-8.029232 6.238440
-7.562933 6.127576
-5.343909 7.195029
-3.112062 7.905984
-1.562837 8.045901
-1.554337 7.932218
-1.784923 7.802857
-1.292285 6.556659
-0.986411 6.629720
-1.054040 6.038000
-0.538104 5.798650
0.358921 5.491301
0.612239 5.823377
2.456864 5.870978
2.201470 5.503304
2.860452 5.705220
2.646050 5.554473
3.147144 5.818930
2.948732 5.691187
2.972769 5.370946
3.214430 5.923355
3.320485 5.797091
3.094075 5.501560
3.404624 5.836070
3.207324 5.723876
3.167928 5.485720
2.907107 5.164976
3.451624 5.839754
3.485711 5.912954
3.164949 5.489508
2.939713 5.343523
4.615082 8.572976
6.022224 9.846274
8.750002 11.760105
15.874216 16.777060
