3.232078 2.499845
0.457712 0.642084
-1.167335 -0.550213
-2.235003 -1.322158
-3.289874 -2.074504
-3.958392 -2.680819
-4.421644 -3.312481
-4.539783 -3.596555
-4.473369 -3.550506
-4.590764 -3.747445
-4.533957 -3.703909
-4.509793 -3.686302
-4.491905 -3.656909
-4.488321 -3.655437
-4.479009 -3.636128
-4.481528 -3.642567
-4.474561 -3.627779
-4.479122 -3.637437
-4.472923 -3.624516
-4.478227 -3.635440
-4.472304 -3.623254
-4.477887 -3.634669
-4.472067 -3.622766
-4.477757 -3.634372
-4.471977 -3.622579
-4.477707 -3.634258
-4.471941 -3.622507
-4.854221 -3.965955
-5.404519 -4.205945
-7.114561 -5.156365
-9.122000 -5.682767
-12.164135 -6.093276
-19.009645 -10.023548
