10.374784 -17.109875
8.021318 -10.201542
8.218923 -10.198037
7.900745 -9.853513
8.115434 -9.906209
7.856005 -9.843038
8.077376 -9.896612
7.844749 -9.842984
8.067818 -9.896298
7.842061 -9.843045
8.065531 -9.896288
7.841422 -9.843063
8.064987 -9.896289
7.841269 -9.843067
8.064857 -9.896288
7.841234 -9.843069
8.064828 -9.896289
7.841227 -9.843069
8.064821 -9.896288
7.841223 -9.843069
8.064818 -9.896288
4.174950 -7.323323
-1.857859 3.270800
-2.540941 4.603835
-3.144594 5.840567
-3.465381 6.611067
-3.606831 6.679407
-3.825115 6.790930
-4.404106 6.777434
-5.604460 7.327088
