-1.758185 13.217321
-1.416014 8.719430
-0.619007 5.507926
5.098882 -7.696009
8.159526 -9.745849
8.003941 -9.678246
8.159533 -9.745852
8.003948 -9.678250
8.159554 -9.745870
8.003973 -9.678273
8.159625 -9.745952
8.004054 -9.678375
8.159842 -9.746306
8.004293 -9.678824
8.160441 -9.747898
8.004908 -9.680849
8.161702 -9.755065
8.005925 -9.689981
8.162034 -9.787153
8.003755 -9.731274
8.143544 -9.931851
7.971868 -9.915125
8.023627 -10.568356
8.222160 -10.518698
8.181589 -11.786921
8.237155 -11.886937
8.136293 -12.253789
8.203496 -12.130956
8.113162 -12.334359
8.187910 -12.175112
8.106410 -12.348599
8.183490 -12.183002
8.104708 -12.351144
8.182405 -12.184417
8.104312 -12.351604
8.182156 -12.184676
8.104223 -12.351689
8.182099 -12.184722
8.104204 -12.351705
8.182089 -12.184732
8.104200 -12.351708
8.182087 -12.184734
7.755266 -13.244784
