10.181086 -9.729138
9.488898 -7.751030
12.115814 3.444480
12.121156 3.646320
12.116919 3.548732
12.122029 3.738467
12.125643 3.786988
12.121280 3.602629
12.115815 3.444528
12.121158 3.646361
12.116920 3.548844
12.122031 3.738567
12.125640 3.787261
12.121277 3.602927
12.115826 3.445187
12.121165 3.646935
12.116927 3.550405
12.122032 3.739971
12.125553 3.791173
12.121186 3.607176
12.113114 3.454688
12.118903 3.654863
11.986656 3.589563
12.012400 3.762136
9.676285 3.985166
9.548809 6.535865
9.717706 9.753116
11.069285 16.622746
