-14.501679 -8.048938
-9.658826 -6.475706
-6.975730 -5.768242
-4.533394 -4.196924
-2.064821 -2.031744
-0.023488 -0.459940
0.932419 0.159105
1.196175 0.425073
1.208658 0.508604
1.331915 0.581954
1.273216 0.570125
1.364048 0.609495
1.288715 0.580922
1.371796 0.614546
1.292588 0.583094
1.373716 0.615543
1.293543 0.583560
1.374184 0.615749
1.293776 0.583662
1.374299 0.615794
1.293833 0.583685
1.374327 0.615805
1.293846 0.583690
1.374333 0.615807
1.293849 0.583691
1.374334 0.615808
1.293850 0.583692
2.814527 1.124441
5.044172 2.000788
7.499434 3.195128
9.510325 4.319489
