4.335838 -19.790567
6.123289 -13.378757
8.271610 -11.879715
8.096060 -11.987994
7.867167 -12.130431
8.449526 -11.772235
8.332234 -11.842365
8.272438 -11.875094
8.097091 -11.982043
7.867900 -12.120336
8.452129 -11.751481
8.335807 -11.815436
8.275615 -11.826287
8.100591 -11.919000
7.861865 -12.012706
8.447764 -11.524270
8.330764 -11.516623
8.224969 -11.274427
8.033723 -11.188420
8.023001 -7.975742
8.595516 -7.063421
9.488913 -7.066876
9.402258 -7.701057
12.114605 3.426667
12.120097 3.631000
12.114999 3.469868
12.120484 3.668253
12.115711 3.566742
12.120998 3.754454
12.124677 3.796303
12.120152 3.612815
12.114605 3.426768
12.120097 3.631085
12.115004 3.470074
12.120486 3.668434
12.115702 3.567219
12.120990 3.754879
12.124666 3.797630
12.120142 3.614245
12.114676 3.430027
12.120169 3.633850
12.119221 3.476449
12.123998 3.674646
12.919931 4.752388
17.059017 9.668207
