-4.426045 1.978021
-1.451968 0.349088
0.294420 -0.189880
1.338967 -0.128239
1.012737 0.141710
1.525701 0.291934
1.200523 0.199322
1.739459 0.347105
1.407315 0.260778
0.910250 0.111334
1.598153 0.292634
1.127908 0.160316
0.821093 0.070432
1.340520 0.227217
1.023046 0.141978
1.552115 0.294209
1.226332 0.206614
1.766543 0.353845
1.432432 0.269051
0.933897 0.119687
1.624251 0.300451
1.152108 0.168390
0.845261 0.079545
1.365947 0.234902
1.045458 0.149520
1.575863 0.301365
6.919003 1.008265
8.756180 1.996464
11.390259 3.506574
11.335788 3.494893
11.390249 3.506613
11.335775 3.494947
11.390224 3.506756
11.335743 3.495144
11.390174 3.507258
11.335676 3.495830
11.390144 3.508968
11.335644 3.498128
11.390709 3.514503
11.336442 3.505357
11.395489 3.531322
11.343089 3.526903
11.170230 3.427961
11.424278 3.577469
11.383125 3.583796
11.239180 3.499107
11.576982 3.682958
11.484527 3.587287
12.156560 3.634731
12.165130 3.437254
13.269394 3.854574
13.525016 3.503182
13.461602 3.639506
13.421014 3.776323
13.418323 3.764493
13.400830 3.831280
13.409978 3.789260
13.396933 3.841494
13.408365 3.793815
13.396192 3.843335
13.408058 3.794639
13.396051 3.843667
13.407998 3.794788
13.396023 3.843726
13.407987 3.794816
13.396018 3.843738
13.407986 3.794820
13.396018 3.843740
14.149035 2.632442
15.332556 1.206887
18.990499 -4.008528
