11.553340 19.722637
10.217213 10.330855
9.976508 6.556339
9.915808 3.830113
12.090100 3.511216
12.099566 3.701992
12.116783 3.559984
12.121905 3.748429
12.116724 3.599078
12.121836 3.783281
12.116776 3.629697
12.110604 3.425733
12.123707 3.612669
12.127652 3.796584
12.116922 3.640616
12.110724 3.438593
12.123781 3.631861
12.119032 3.427214
12.123759 3.613641
12.127694 3.797489
12.116932 3.641390
12.110731 3.439509
12.123791 3.633135
12.119035 3.428720
12.123755 3.615959
12.127688 3.799637
9.084962 -7.043008
9.276361 -8.226169
9.956929 -9.992292
11.555224 -15.093203
