-11.878490 -9.476168
-8.051697 -7.735229
-5.857109 -6.898145
-3.708958 -5.343918
-1.402131 -3.095623
-0.018631 -1.474514
0.713813 -0.657667
1.299613 -0.172086
1.231930 0.230494
1.763374 0.384087
1.776880 0.401067
1.277133 0.254178
1.356313 0.276814
0.884009 0.127409
1.003766 0.173265
1.584720 0.349367
1.618007 0.355901
1.127875 0.207475
1.230671 0.240086
0.767129 0.087605
1.794257 0.361549
0.893339 0.138569
1.469696 0.316525
1.522638 0.326535
1.038216 0.177209
1.147323 0.216078
1.734213 0.388686
1.751798 0.395189
1.253845 0.247748
6.269405 1.198470
8.086713 1.344010
11.518155 3.558347
11.429454 3.488297
11.518155 3.558348
11.429454 3.488299
11.518149 3.558359
11.429449 3.488312
11.518134 3.558416
11.429429 3.488382
11.518081 3.558695
11.429368 3.488717
11.517999 3.559987
11.429292 3.490243
11.518692 3.565480
11.430278 3.496721
11.528400 3.586200
11.442918 3.520137
11.610451 3.642327
11.546161 3.576376
12.217546 3.618109
12.761111 3.753190
14.064175 3.536291
18.722261 2.875192
