11.621554 10.477299
10.413395 14.879375
11.968328 10.457503
9.220240 12.842737
6.444071 11.019697
6.138009 7.421417
5.931059 3.798813
6.024813 3.484730
7.445294 5.206026
9.059776 5.130969
9.063069 5.527051
4.414900 4.312163
7.852773 5.275116
8.975386 5.299686
8.468118 4.917007
6.748125 5.428950
8.163366 3.647232
9.325574 4.746917
4.844115 7.296967
8.359058 2.728787
7.981256 4.082262
7.660167 3.805300
6.303661 5.692814
13.046106 9.013293
13.000991 8.849311
6.013999 7.751902
5.678473 5.045052
5.633466 10.894581
6.442732 6.676188
5.818486 7.534097
5.913374 7.766268
5.350116 6.963547
6.292166 5.209977
7.966062 5.301250
4.625907 5.464295
4.101859 5.280987
8.855114 4.718066
6.910529 4.850061
4.271118 7.521984
7.275880 4.723618
4.555865 6.849985
6.100624 7.236197
4.202653 7.247955
7.942248 3.423041
7.759209 3.838074
6.014606 4.622652
9.594763 3.568118
12.298347 9.743656
10.763524 10.876717
7.117496 2.072563
9.269426 3.975206
6.916078 1.811979
7.564096 0.645348
8.664011 2.128482
9.680394 10.753221
11.163432 14.261224
12.438564 15.713374
11.687646 11.059450
7.584110 11.935458
6.910975 12.627579
8.143653 10.760048
6.381742 11.872771
5.897003 7.822290
5.067882 9.445046
6.439235 8.277625
3.615568 4.090001
4.473079 5.188673
5.314745 6.958682
6.151790 6.113762
5.645023 7.481026
4.957603 5.378367
5.908564 5.623171
7.244134 5.549108
7.685442 5.388598
8.194891 5.033396
7.462850 3.434918
7.219544 5.401513
5.552101 7.199687
5.899291 7.081665
4.988085 9.147012
4.883282 8.819448
1.996885 7.849612
4.072414 9.851915
6.253705 8.022111
6.321455 8.717988
6.281629 8.057304
6.064833 8.094766
6.571740 11.579347
10.633497 11.199587
14.806007 10.566827
12.065596 9.794376
10.075968 10.898129
7.274376 11.062836
10.960382 10.893417
9.484566 3.569951
8.458353 5.168368
6.440039 8.871772
4.080215 4.883452
8.771695 5.285757
5.034329 5.051177
3.178894 7.260323
6.476019 9.178849
5.848278 8.669021
5.219227 6.941933
6.021706 7.570312
6.127756 5.987868
3.632867 8.557476
5.685692 9.544095
5.583223 7.555963
5.778749 3.027259
9.301027 4.734944
7.968293 4.631773
8.105440 5.280920
8.222479 3.612556
6.040921 6.030120
5.008679 5.518651
5.626776 7.607596
5.794112 6.606169
4.092170 9.845099
9.777089 12.179998
5.740716 12.465774
5.137444 9.267661
4.213711 9.898234
6.224830 8.521068
5.030666 8.079490
4.224335 8.580256
4.960155 8.630682
6.180126 7.463507
2.449820 5.095597
11.759930 9.853240
12.286096 9.626973
11.978539 9.904391
12.781567 9.133354
12.295097 10.164397
12.184083 12.657957
7.296134 12.710725
5.568026 9.524083
6.404305 8.326700
4.216571 10.254055
6.181470 7.610034
5.704191 4.290412
7.842591 2.955094
7.643696 3.090811
8.922672 1.328510
7.969350 0.261042
7.365950 0.983600
8.684177 2.798977
9.458424 4.632250
11.792772 3.633396
6.858542 3.448358
7.026402 5.017483
4.520794 3.819051
6.938728 3.811070
11.980675 3.498779
11.971945 3.538891
13.124335 3.445979
12.783960 3.749657
9.625628 5.256275
8.426311 5.029176
7.819060 1.710451
6.025450 7.285017
5.158223 5.846337
6.041720 6.906859
8.612435 5.506455
7.729269 4.608251
9.342777 5.390883
8.652370 4.468055
8.864373 1.979095
7.804740 1.221067
6.598835 2.872163
6.204427 2.477803
7.717266 2.747359
8.676313 4.273706
8.165840 0.783067
7.956868 1.513838
6.593698 1.090925
6.509934 2.371365
8.463744 2.636032
8.912904 5.573167
8.473146 4.153094
6.458582 3.928206
7.429692 3.528077
13.785652 3.427688
13.841890 3.594458
15.583815 3.972760
18.804728 8.684926
18.545219 4.106245
10.827990 -5.080634
9.739939 -4.901514
12.497682 -7.942829
9.915627 -8.875846
11.148774 -5.216508
11.155888 -3.093373
15.713043 -7.854530
12.847541 -6.828327
8.202973 -6.614567
9.055942 -2.833579
15.313474 -0.080344
16.012506 3.977665
18.417982 0.872756
15.147355 1.467293
14.533019 0.081915
8.695746 0.207771
8.359539 -1.203719
8.016650 2.421996
9.913237 -1.592991
11.676421 -2.472031
11.832239 -3.487583
11.629588 -2.191015
8.910232 -1.602846
7.524324 0.094136
7.925010 2.950305
8.782619 4.463109
7.686102 5.655034
8.338306 5.351535
7.772818 5.138949
9.467072 5.408931
16.451021 6.752918
14.894226 5.923258
14.745516 1.895541
17.388714 2.513675
9.053040 5.002234
7.894710 4.356460
7.703588 2.521868
13.738714 3.496107
16.841740 4.105963
11.286628 3.738942
8.165634 10.931136
6.897780 13.296202
9.654231 13.265086
6.512525 10.990948
6.523760 6.936874
6.883511 5.055740
6.398264 6.544970
9.621551 5.254189
6.535042 7.431056
4.431330 7.621473
4.839989 5.978322
6.243441 5.712779
9.476487 4.943516
9.094485 4.121669
8.618053 4.816119
14.701930 2.926565
12.963251 10.415576
10.448956 11.733623
12.142623 9.216400
11.694794 9.117404
5.209493 9.182231
6.915234 11.185683
8.636499 11.168065
9.193880 5.044797
4.714021 8.863616
5.137901 6.520164
6.071875 10.383196
8.284108 11.095226
5.754918 5.731009
5.920309 5.325698
5.117352 7.987134
5.658072 6.233523
5.191569 6.897951
6.010088 9.244018
8.381180 5.098050
7.758261 5.494507
15.040246 6.998626
15.907492 3.947733
15.255239 5.025788
12.407252 9.957353
7.315063 5.536684
8.072042 5.554324
8.739717 10.901785
9.083200 4.941585
8.818932 3.125366
11.146036 3.681062
5.645774 7.290945
6.340044 6.032158
9.778674 11.528121
12.801154 9.941145
6.175147 10.752981
6.344478 9.047390
6.211089 10.531108
4.320182 12.820827
3.376270 10.655401
5.716921 8.771750
6.458140 6.639696
6.529236 5.390955
7.534818 5.204939
8.003044 4.386562
9.032439 12.575133
8.308452 4.800756
8.530007 5.500478
6.270621 8.379005
10.828682 13.707593
10.038119 11.482330
9.276045 5.383620
9.717911 5.135960
8.378658 1.872048
7.308011 -0.256787
14.400690 12.063859
9.010297 4.471533
15.439533 3.918392
6.393426 9.419620
6.471175 7.670638
5.026964 6.920119
14.518613 9.613545
12.400335 9.683354
14.157730 3.402618
14.563076 2.969429
18.116863 3.157357
14.432172 10.633052
6.308350 8.148425
9.545382 11.673524
10.920719 10.845536
6.268054 8.500747
3.975835 4.684359
3.788450 2.866049
5.261433 5.082912
2.498505 4.656188
3.252653 5.524736
6.827470 4.302918
6.609265 5.356207
7.879338 5.025851
9.389421 10.997133
13.106363 11.496163
11.742781 11.332633
12.009344 13.802703
10.215748 11.410424
14.996552 6.375345
15.157818 7.237237
15.063860 6.445536
12.459766 10.108485
10.747474 12.958666
9.192418 4.252285
8.862713 4.208107
16.546675 9.312655
13.120840 10.634816
11.782187 10.419886
12.739867 9.293832
12.148457 9.548562
11.443642 13.101270
7.147319 12.301650
4.568537 8.017623
3.841133 5.347911
6.090090 5.949350
5.136077 7.488445
6.196050 9.779513
7.275804 13.119670
5.382973 9.932171
8.006159 12.801074
10.691275 11.855548
13.953004 8.865711
10.392775 11.939580
9.021141 11.332839
8.830351 11.679282
9.064157 5.506947
9.794347 5.591192
7.393384 4.537711
11.580470 3.582800
8.854761 3.173082
9.565588 5.177071
9.288939 4.201405
5.686269 2.517303
6.383631 3.746939
15.947667 2.755123
14.922940 7.220916
8.877806 4.997652
2.599787 5.750216
4.548424 5.661439
4.856266 3.703998
4.958263 7.014124
6.008914 3.419087
8.938869 5.429308
6.182140 3.898749
6.994363 3.359879
9.323518 12.262137
6.680474 12.035710
8.348911 10.698880
12.747410 10.923142
9.800495 11.983626
12.488136 9.176044
16.829620 10.190893
12.525054 10.811967
12.437748 8.906075
7.038607 5.354974
7.449695 3.880096
8.143657 3.680633
8.496596 1.047612
9.225082 3.647336
7.733330 1.811376
8.352850 3.525164
9.697647 5.410526
9.329469 4.542427
8.942387 4.048492
9.729844 3.442936
9.750891 5.651533
8.970868 4.678789
6.510125 4.419360
8.138019 3.706209
10.432885 3.451143
7.682838 4.159056
5.621795 6.078068
3.286854 3.884048
9.008178 5.013456
9.017948 4.840738
8.998869 0.709955
8.777634 2.576483
9.067970 -0.558272
8.892343 3.011926
6.832448 2.139069
7.980081 -0.256772
14.719183 2.433860
17.480061 6.246972
13.378450 9.135673
11.939408 9.005180
6.502731 6.078187
4.603356 5.013266
8.360716 4.141047
5.827188 8.711626
6.476002 5.539829
6.718246 4.281518
7.265747 2.807417
5.748778 8.299714
8.851889 5.640005
8.279799 4.499532
12.496504 10.273786
11.276013 12.126887
13.557347 13.812096
15.448357 7.222408
10.946621 3.618012
10.589733 3.446746
11.238243 3.626929
11.216461 11.738029
10.895950 11.456325
6.253031 5.184537
6.710710 5.209536
5.372567 3.257991
6.975513 3.957808
6.261945 6.373893
6.492901 5.618756
5.665689 8.208254
3.262885 7.562556
5.110703 8.474384
9.835958 4.977205
14.184690 9.775338
17.122768 8.243287
16.188339 1.752879
15.062456 0.210273
15.530981 5.904889
15.264519 3.541063
18.217115 -3.055512
15.800608 0.982935
14.766204 0.294101
16.658037 2.814120
14.631260 2.466473
16.015007 4.924434
9.013750 12.526286
5.363810 6.300721
3.146856 6.363731
6.167117 9.537876
5.416809 8.796613
3.099421 6.210020
6.268687 10.189141
5.912836 12.681956
7.472326 14.236674
6.473025 14.258214
9.154012 10.855990
7.990523 12.107401
9.160173 10.701711
11.765329 9.868178
11.913479 9.442788
6.332125 8.846209
6.341303 7.547310
5.894464 6.846454
6.184505 7.881171
5.587660 8.200745
4.954777 8.519431
6.519434 7.246478
4.785498 4.092574
8.039331 2.888633
7.901363 3.569545
8.358718 3.564658
9.523966 5.601399
6.146233 3.488944
5.529075 3.960744
4.987992 6.059750
6.150776 6.701382
6.311584 4.716741
5.250799 6.231106
8.337958 2.048218
9.093021 5.059099
4.803513 5.770319
4.550879 6.178655
5.455549 4.587573
7.645181 4.241946
2.571779 7.946463
3.276740 6.957242
5.950521 5.037857
4.746035 6.731937
8.391459 4.092176
6.999487 4.572143
6.001242 6.380619
5.949892 8.455955
3.051064 8.466460
12.045443 10.024944
12.525448 9.077016
12.504609 8.886429
14.300653 10.198596
9.687731 3.888535
7.109071 4.996471
9.195807 3.652833
6.703384 4.432679
5.098413 7.400309
7.335598 10.817355
9.799970 10.736691
10.049056 10.928823
8.438250 14.205131
8.651463 11.840284
10.433800 11.014902
11.014643 15.042799
9.584013 13.184043
9.730679 11.702306
13.282883 12.507921
11.649157 12.176177
7.707922 12.087365
6.258265 8.154285
5.965427 6.938732
5.236782 8.917192
8.072014 10.872367
5.090615 7.713012
5.971998 8.310203
4.777427 8.254533
10.220688 12.985835
11.454071 15.117085
10.367120 14.594882
10.343257 11.661397
11.933837 12.638395
8.940851 10.960957
3.487410 6.954717
5.618546 6.844789
2.608086 8.618447
6.628290 3.899204
5.647887 5.958174
6.943172 5.270338
8.195968 5.600456
8.970358 2.761995
7.721003 4.521583
8.954423 5.238002
4.278943 7.820845
5.510196 9.107015
5.057872 6.612930
4.548839 8.426963
3.319633 8.418192
4.566777 6.417940
9.372545 11.879039
9.436610 11.220309
7.954253 10.859262
8.823592 10.758780
6.603801 11.363320
4.910221 8.428896
6.981027 4.789191
8.901417 5.565984
8.845156 3.172292
10.457720 3.707500
8.873842 4.765072
9.123821 4.809087
9.469988 5.118633
8.805099 5.563233
7.496492 3.855256
8.824450 4.912370
11.788124 3.436553
7.107232 4.667372
7.527338 -0.121671
9.860176 -3.002675
8.091275 0.221219
8.070261 2.482249
8.012663 2.711258
7.483569 1.502483
5.276664 5.327859
5.852446 9.107327
5.397217 9.282062
6.420102 9.016857
4.729980 6.002750
5.563484 5.717213
5.776689 4.624626
9.031877 5.630231
6.726901 2.783242
6.171030 6.308670
6.152968 5.209416
4.672210 4.411823
5.813517 7.698938
4.078291 4.988050
8.522229 5.443808
9.513395 4.861220
8.537549 3.365363
8.829707 2.838308
7.317324 3.277851
12.558349 9.652267
7.406273 3.714106
4.799550 8.093783
9.407122 5.356224
9.353664 5.018690
8.136945 3.596747
8.864776 3.231867
7.936759 5.566245
10.968531 11.212083
13.214374 10.113288
15.232815 8.779204
12.073447 9.008416
11.697248 9.770408
13.144191 9.339956
9.689342 13.072589
8.685528 12.915669
7.997849 11.267140
8.798285 11.427543
6.134606 13.338786
7.493265 14.918197
6.005406 7.207247
5.845742 8.937247
6.452927 9.754762
6.544765 15.754000
8.865231 12.083877
11.617197 12.226518
10.370234 11.115606
9.101919 11.412528
6.142929 8.774581
5.899609 7.358741
4.350664 3.647728
6.012239 8.755301
4.274167 8.432011
6.102447 9.375161
5.724304 8.572173
5.513815 12.065615
8.803972 12.989091
8.048588 11.182927
5.813617 10.419422
6.364710 8.832938
5.169698 12.692096
3.936343 7.115274
6.280987 8.962386
4.162610 9.526286
6.098671 5.888685
9.098198 3.943030
9.005545 5.249853
9.744390 3.766619
8.118690 4.546858
6.179869 5.806742
6.343301 6.071478
6.121739 4.075143
9.125294 3.770262
7.503889 5.317406
3.376695 5.849737
6.090745 6.853405
6.837713 4.473082
8.396395 5.516057
6.656100 10.856997
6.973817 10.850467
7.524696 10.977522
11.548197 9.053922
11.731145 8.863571
12.960115 10.851218
12.113771 9.205774
4.727939 6.419326
6.323116 6.190160
7.907930 5.594770
8.205158 0.916423
8.501441 4.078278
9.572762 3.902270
9.246891 4.324233
8.030454 4.418869
6.571146 5.357374
3.829035 7.571404
3.440993 8.281257
4.331557 10.202815
12.310285 10.088004
9.513556 10.787925
6.768495 4.195081
7.679380 4.973022
8.265042 5.166820
9.093817 5.357598
4.935212 4.326675
6.122995 7.472555
8.424502 4.991174
9.058770 12.400936
8.080386 3.890229
7.818724 4.969647
15.331749 4.557521
13.554197 8.882680
8.596943 5.325288
6.436110 6.759507
3.640640 7.343360
9.837553 4.956165
15.278981 7.051932
12.768620 3.768547
8.831915 4.633756
10.234225 12.076903
11.514422 13.033095
11.680024 10.935756
12.503014 10.592551
12.293726 9.060119
11.918892 11.098958
8.015026 12.898349
9.669433 11.308684
8.685201 14.010304
13.190059 11.005003
8.705997 11.270134
14.282618 10.232627
12.426659 10.140462
16.008968 8.437388
15.683849 7.370924
14.244081 11.506391
13.462214 10.180480
11.928190 10.919515
12.548640 9.138499
11.516114 12.489015
8.937659 13.149842
9.980757 11.288779
7.926876 10.696116
8.296418 11.938919
4.217382 11.981917
6.163446 8.946740
6.657495 4.978544
9.422280 5.007203
7.324214 4.504179
8.805102 5.285125
5.242868 6.367789
6.347011 7.630001
4.347505 9.066801
5.381686 8.037990
4.399268 7.457582
4.832297 9.809325
4.066043 9.650844
5.157367 7.648905
5.512634 6.197304
6.225685 7.916198
6.316885 7.298353
6.426686 6.031796
5.946589 6.601672
5.008579 7.067822
6.321791 6.369861
3.887660 7.605063
2.968115 5.628269
6.907677 5.483343
9.458377 5.590262
5.796501 3.720135
5.081944 2.765569
7.510149 4.179369
3.531436 7.403700
5.289407 8.113090
5.445513 10.026830
4.069421 8.366002
4.760283 9.779494
4.367417 8.598256
5.572630 8.160386
5.809617 9.494050
5.286123 8.927794
5.790354 6.681451
7.097788 3.913244
9.029575 3.982122
9.417219 4.933233
7.970840 5.363461
9.398436 5.291302
9.716637 5.233510
8.279930 4.221182
9.176620 5.547067
9.653383 5.399505
6.585095 5.297577
6.386746 8.814656
5.626013 8.152122
6.517529 6.192780
4.057581 9.831513
5.128543 11.853076
11.761436 10.897882
11.931694 9.379354
11.561113 9.733532
12.975307 8.976112
9.567239 13.182985
8.843918 13.305273
5.171781 8.835362
5.115157 6.895960
7.689085 4.417215
5.758644 6.811687
6.347167 7.730640
5.852249 7.471475
6.053125 8.203477
6.165679 10.118545
3.824776 8.631434
5.935303 9.424128
5.706332 6.318428
6.477486 5.891881
7.793749 2.749108
6.455113 3.094970
6.271548 5.539897
9.418224 12.965173
7.230847 3.572670
3.045964 4.196207
5.231191 7.177878
6.494584 6.000608
6.392890 5.602327
9.613023 3.663022
7.239392 5.594618
6.837265 2.794679
6.408933 4.190529
5.576806 7.598179
6.306728 9.269788
6.546771 5.126224
8.101612 5.182121
6.048100 4.355155
8.222109 5.338508
5.796680 9.658682
3.025617 5.573770
7.362188 5.142384
5.003760 6.586422
6.122703 9.434392
9.361988 11.031057
9.829096 13.827042
13.048339 14.861332
13.061660 10.632216
8.544633 12.691852
10.088057 10.794159
6.335344 10.999171
9.623024 14.040751
9.877066 12.256244
7.438107 10.771214
6.201859 11.523335
5.862047 11.718041
6.041093 7.467823
6.355153 9.006153
4.844501 6.095006
5.087901 6.731250
5.837746 9.156442
6.269254 6.415488
6.135748 9.635996
5.718972 8.946954
5.419281 11.147508
6.735753 10.956306
4.237197 7.477951
7.988067 2.906909
7.435581 4.930111
6.834318 3.076784
7.185965 4.058289
8.187333 4.729058
8.895588 4.076275
6.716005 4.388591
4.358189 9.674440
4.324588 9.976309
6.442101 7.721778
6.386147 5.413327
8.131260 3.800293
7.682569 5.021356
7.617087 3.274281
5.541791 6.824931
4.876332 10.547170
6.055543 9.121425
6.460553 7.913572
4.153776 9.615675
4.119144 8.443898
4.021548 9.310760
7.463084 11.877282
5.669136 8.834786
5.030602 5.687503
6.220282 8.647925
6.758113 10.990171
5.493897 9.663933
6.087674 7.310115
4.452023 7.264816
4.242579 5.526310
8.027162 11.189934
8.893982 11.071383
9.994924 11.851599
12.901584 12.863997
10.926909 12.819270
6.262192 9.751449
6.060624 5.741294
4.058167 7.727996
4.351120 9.064897
3.262271 9.206106
2.239643 6.886124
11.005308 10.678079
12.476509 13.355232
12.102379 10.809617
10.719601 11.567682
13.658621 8.846393
12.560326 8.958877
11.430552 15.035796
11.850492 9.856618
13.391520 11.281497
15.815109 11.988816
18.333332 6.161491
9.850993 3.701602
13.089869 11.095464
18.564247 7.012021
15.486893 6.181548
11.500963 11.754935
9.425706 10.942488
12.663766 9.520737
11.391715 11.857837
9.655759 4.331017
8.740253 4.262135
16.548071 6.296752
16.062845 7.022428
15.502686 10.481872
14.187577 13.013410
12.476869 10.816724
5.210805 3.124326
7.414289 4.342700
5.902936 3.480923
7.290129 4.010814
9.005960 2.780348
9.343684 5.631002
12.472158 10.405803
7.908071 1.547544
8.805571 5.259417
9.709311 5.089153
16.760317 4.542118
14.855629 5.928386
8.476633 4.563262
6.833941 2.856496
6.332749 3.412185
12.196177 10.589242
11.132389 11.100499
11.201096 12.589702
4.532161 5.169096
7.877851 2.817565
8.391529 4.027875
9.755726 4.266911
9.594171 4.360475
8.130153 4.175045
7.797493 5.086324
9.592221 3.645200
9.217007 5.476962
8.272772 5.137430
5.850873 4.996415
3.760180 8.391587
4.881626 10.576106
6.040442 6.892514
8.283882 3.689296
7.660210 1.659818
9.156548 4.799010
9.491811 4.856956
15.408441 4.149318
18.601196 4.839571
15.832315 6.398366
10.988514 3.765144
10.405645 3.471917
9.006603 2.549822
8.786752 3.237195
8.874429 1.628425
7.496849 2.499770
8.752992 5.343916
8.234214 2.344813
8.879953 3.778334
8.094440 4.329986
2.337715 6.739563
4.516498 9.450897
5.723939 10.366361
5.781168 11.852226
4.707681 8.668667
6.763062 4.818686
7.317903 4.463192
6.252150 3.350028
5.053892 3.654815
6.044972 10.170870
8.386526 12.707219
8.994635 11.180575
9.351533 12.030359
6.223535 9.656371
7.161882 12.539303
5.012282 10.279941
5.687638 10.305204
11.097275 12.100688
7.244985 4.868578
6.067599 1.888069
7.569700 2.928339
9.688588 5.420592
9.119316 5.290741
10.185534 11.104133
12.290395 9.845683
7.547643 11.513450
4.205469 9.115434
4.045803 6.955524
5.076376 12.179879
7.538463 5.581575
8.563110 10.938304
8.993363 5.222392
11.717514 9.683015
6.403688 7.172421
5.394494 7.618350
5.368308 6.157679
8.524193 5.438608
8.849660 5.214194
7.098426 5.619096
8.352367 4.421767
8.432323 2.715915
5.122574 5.046444
8.360524 5.312189
6.463728 4.184271
7.752770 4.061078
10.737831 3.669339
7.367934 3.873884
6.297237 10.128656
6.814696 11.352330
6.298741 8.908338
9.391512 12.903342
12.869773 12.325186
12.543628 10.655341
12.552188 9.836727
9.320711 4.356557
8.285236 3.362820
8.628440 4.882178
8.030064 3.744371
6.444441 8.965562
3.800764 4.662759
5.452210 4.166154
4.395109 6.294535
6.071395 9.307530
8.654608 5.097047
5.162014 7.224899
3.640243 6.546870
8.746679 5.485486
8.997339 4.628842
7.688463 10.782104
8.729387 11.510175
10.587799 10.685082
8.948793 4.563757
4.497909 8.598666
6.115990 7.772171
4.533021 11.070518
6.065720 7.498444
13.833054 10.374105
16.447500 11.928674
10.416505 10.723551
10.348862 11.904620
11.441909 11.842790
8.862666 3.626024
4.412467 5.007371
5.915043 7.146955
5.405318 11.239711
7.671741 5.643579
5.022494 5.333012
0.994288 7.136992
3.748087 8.142529
5.777470 7.769687
5.629358 6.680015
7.090230 4.383038
8.161598 3.885787
9.346448 3.796517
4.775925 6.588511
6.242359 4.815286
8.600631 4.860979
9.077776 4.980211
8.414975 4.799356
7.672802 3.703932
9.399071 3.536119
4.374884 2.404385
5.516651 7.664468
5.519041 7.495272
5.453495 5.843852
6.952383 4.721903
5.094465 5.537591
5.077259 9.064198
7.513910 12.515584
9.484167 10.794288
9.214537 12.873742
9.085952 11.520188
8.877666 11.123162
6.823915 13.468453
4.736039 8.885973
6.008475 8.158146
5.693308 9.499762
4.749525 8.971285
3.773438 9.392650
2.228009 8.419271
1.593075 8.480802
6.032554 6.787442
5.573888 5.933738
4.796727 8.477729
4.804443 5.695824
7.156710 3.697968
7.662912 4.741492
6.214704 7.169796
4.891907 9.261380
4.868530 10.352925
6.660388 11.831431
7.567702 13.497813
7.990228 11.786529
7.978645 11.838813
9.056281 11.220494
8.328537 15.500550
3.538930 6.391460
3.981843 7.070784
4.908533 7.350045
5.617759 8.361665
6.265553 7.865029
6.480843 9.994754
4.758125 9.224254
5.246262 10.630351
8.062689 11.026746
7.470771 12.102477
4.048868 10.516543
5.951490 7.580124
6.396185 4.767305
8.040585 3.174319
9.671155 4.579953
5.093805 5.418334
9.114402 5.109816
6.927803 4.503774
7.412395 5.369558
9.549573 5.144194
9.835368 4.691812
7.777923 3.590640
7.525902 4.687613
3.653003 7.605352
6.130166 9.191651
5.863604 5.681585
7.898595 5.229359
6.007241 7.417201
5.197307 9.904113
4.178444 11.365148
5.104444 13.627044
4.534836 12.003236
8.018577 13.567933
8.990065 5.593115
9.578403 3.443640
7.589929 3.930793
4.489351 8.610905
6.551492 5.255475
10.478981 10.841896
7.011627 12.621062
7.700119 12.541299
6.206719 7.847067
4.615291 4.520925
9.757396 5.028418
11.611222 12.107055
12.119079 11.400136
8.411715 4.961565
7.327689 3.939170
9.551252 3.710142
8.646368 5.097239
9.290738 4.716375
3.731657 10.178067
4.617262 7.830146
5.938653 5.113435
3.950331 4.118159
3.894825 6.402078
3.656189 8.829135
8.325743 10.827466
5.395211 8.568376
4.545772 6.979390
11.055423 11.590180
9.704600 12.360312
10.172123 11.717015
7.497174 11.015918
9.936066 11.602501
6.376112 5.502324
6.967427 2.816439
7.618393 2.853109
9.430144 3.551619
6.908306 4.436558
8.911336 3.064592
6.673537 4.404038
6.372663 6.108764
7.219234 2.049103
7.492168 3.773858
7.905613 3.620912
7.914110 4.296720
6.225257 5.081470
5.832204 8.252681
5.442669 9.481796
5.053370 2.598347
4.250381 4.518270
4.513149 4.822405
4.627247 4.783575
6.564565 5.521979
5.972509 5.072573
5.106881 5.011139
5.309686 10.374667
6.534127 7.403954
3.378421 4.895495
5.777833 6.898441
5.659654 5.304394
5.503387 5.495700
5.584671 9.773742
8.118645 12.454620
13.498289 11.748679
9.917936 12.470773
9.241531 11.779486
11.029883 11.058105
13.990728 10.709338
16.453077 11.618178
10.441854 11.696769
8.015933 11.442981
11.265997 10.959517
4.098369 8.303224
6.433997 6.654686
8.684916 10.894847
10.970122 14.479773
8.253169 11.494048
5.495780 6.857292
4.871034 6.914873
6.313115 7.091259
6.307396 9.963978
4.401070 8.533688
5.978833 10.766725
6.387753 7.715154
4.910888 5.038036
5.117205 2.965184
9.002851 5.412467
7.892236 3.813143
10.388042 3.601304
7.221820 5.531660
9.311192 5.547246
8.287131 5.135835
4.967797 2.063355
8.526261 4.478570
4.611027 5.395801
4.291298 7.965981
4.715812 5.029886
6.705363 5.076653
6.328495 5.071188
6.170455 6.434757
5.154442 8.249152
6.559127 4.752518
8.762663 2.029701
7.360764 3.258183
7.286267 2.269309
6.256812 6.853427
6.301278 5.416684
8.737871 3.630795
7.543862 4.029236
10.511091 3.718728
11.641399 3.486824
14.320006 3.489437
9.338795 3.749987
7.082591 2.883501
8.335785 1.535771
7.312837 4.467648
9.551185 5.262129
9.666517 3.784608
8.555044 4.448856
9.179541 4.918962
4.863067 5.136190
5.350262 8.522051
4.448859 7.596358
6.161427 10.144814
8.555039 4.865445
10.455531 3.636938
10.021714 3.441413
12.685057 11.539601
14.026438 11.459130
15.858349 1.715416
14.754537 1.117230
12.111387 3.415177
6.649571 5.570918
2.810349 7.096348
5.607208 8.704528
10.313049 11.097153
4.759274 9.394946
5.716964 8.150413
12.763635 9.861567
12.293657 11.238331
4.079551 5.901860
3.855948 3.994273
5.893270 4.020029
8.205573 10.658893
9.056072 3.299013
9.227204 4.978155
10.672348 11.124654
11.170862 11.185421
9.200306 13.672494
5.866524 7.513750
6.226626 7.979191
12.391529 8.906573
11.570254 9.996651
10.727509 11.673385
7.493969 10.947586
4.661116 10.059993
4.701842 7.821316
3.427032 4.001920
7.181238 5.376161
8.602484 4.320398
6.213454 5.154857
5.650574 7.848906
6.825609 3.314613
7.155211 4.222423
9.507600 12.157744
8.981926 11.287251
5.927318 7.749673
4.576567 7.485217
5.141895 7.140891
5.289855 5.928833
5.677110 6.350556
6.353153 5.346964
4.827022 2.726325
3.357790 4.228999
5.441938 2.749883
6.555690 2.603901
5.355928 2.057764
4.977166 6.560713
7.238066 11.650637
7.038684 12.969173
6.428918 11.305172
6.254948 6.674488
6.128008 5.661810
7.011481 2.974561
7.590129 3.361009
8.835477 5.519615
9.418187 11.378807
11.377178 12.969844
11.408489 12.506362
10.617794 15.022738
11.438625 13.386985
10.120628 13.524958
10.336971 11.662518
9.717062 11.306930
9.154078 12.043679
7.828105 11.016226
7.695892 11.232862
13.648461 11.553176
11.671695 9.521434
11.899308 9.315503
12.156110 10.745400
6.137171 7.473109
5.860696 5.176968
5.254662 3.853220
4.401126 5.218652
6.346745 4.925165
8.499888 5.007111
8.706339 5.426121
5.926242 3.437873
6.423134 4.812097
6.090139 7.503566
4.669270 5.583587
4.067615 8.065577
3.764489 6.385598
4.838294 7.087265
5.835446 7.849640
7.819036 11.136659
10.383320 11.430993
10.989580 10.773980
5.818165 8.023511
10.547973 11.389409
9.724770 11.196519
3.869556 5.954263
5.067976 6.560858
5.908461 6.760982
5.217444 11.161199
13.437657 12.156564
11.695779 9.236024
6.727787 11.257995
5.049748 8.912497
5.295116 5.891939
7.177228 3.897781
8.883122 5.292017
8.918320 5.525727
9.231345 5.213625
7.405152 4.840631
8.010056 5.287309
7.126139 4.848785
7.029998 3.077332
8.991028 4.768054
7.470176 2.344719
8.190227 4.004361
9.007370 3.241223
10.352608 3.468761
6.230484 3.629275
8.712730 1.988284
8.040639 2.369016
9.647580 3.703362
5.510964 8.114506
6.336017 7.008696
10.953001 10.757109
9.647590 10.968512
6.278868 11.592931
4.639928 6.834342
6.097815 6.243120
6.526441 6.159634
7.788445 10.764150
10.490301 11.614368
12.459103 13.140665
9.121803 10.789945
6.425428 7.424723
7.186931 10.675643
9.540233 10.963468
8.919724 3.845475
8.973001 5.583200
6.905596 5.135464
4.176589 6.246300
6.355518 7.033390
8.067617 5.005275
8.614647 2.178199
7.109788 1.809396
8.982405 2.830328
15.040752 4.366671
15.855355 5.554334
13.395627 9.550387
13.324041 10.140876
14.033194 11.463323
13.560235 8.967408
7.070848 5.090199
8.865582 4.704175
9.622038 5.468392
6.149570 7.630374
5.573068 3.037471
5.465953 4.003524
5.633577 5.932618
4.829505 6.729882
13.051108 9.549861
8.903903 11.304990
7.187497 11.193383
10.730726 11.277483
8.990555 4.964081
9.498270 5.106045
10.478476 3.427108
9.273523 4.902866
7.035751 3.543403
8.787753 4.123690
6.213887 8.897653
6.223742 5.093363
5.725470 5.424199
8.789999 4.779458
9.011218 4.943230
8.048837 5.566277
9.510437 5.174438
9.331033 4.633573
9.174282 4.747899
11.251639 11.251744
12.025103 12.952123
7.019331 11.501597
5.269198 8.977230
5.333706 7.300025
9.066622 4.394813
9.570951 4.917489
6.859696 5.429642
9.380580 4.397863
7.735360 5.196690
9.696814 4.565121
7.860393 3.688598
6.142977 6.175564
5.901690 6.585356
4.911173 6.500202
5.422771 6.698723
5.674926 5.547181
7.678710 4.842026
8.471789 5.618653
8.226994 4.812199
9.645479 4.536017
9.273351 5.011351
5.070978 5.338295
6.441464 6.424942
5.519137 6.717060
5.830456 8.475924
6.279915 12.108966
7.026972 11.075561
11.634830 8.795348
12.880338 15.113934
11.098536 12.227342
11.000835 11.758704
10.395943 12.006765
10.064865 12.677579
9.996355 11.236977
9.169554 14.877317
10.204874 11.700132
6.791538 4.797652
6.288706 1.686874
6.061966 3.444352
5.005673 4.808717
9.501715 5.171861
12.306221 9.089276
14.504807 8.895249
14.171275 9.379470
11.798584 10.417247
12.264356 10.038447
9.810238 14.537568
13.296651 12.438510
15.034407 12.054427
16.301346 8.316648
19.857662 2.728177
16.116278 0.644484
15.695367 3.045014
13.340533 3.673850
10.414777 3.596261
11.626797 -3.359318
8.261538 2.555984
8.599100 2.418964
9.012226 2.652566
6.929721 0.861819
7.096552 1.142002
8.407907 5.396253
6.282563 4.906111
9.056126 5.450041
8.188103 2.747782
8.302963 0.395450
9.944253 -4.285823
10.827353 -4.220028
8.732944 -3.200618
8.266163 0.992671
7.311891 1.994570
7.913747 5.072035
8.735645 3.701597
9.055950 2.987659
8.371681 0.579420
10.814409 -5.835008
9.043445 -3.364957
15.098415 2.480793
13.549124 3.413970
11.866093 3.606303
14.361437 2.947619
17.062798 12.855407
16.037376 10.532763
16.885311 7.441329
16.611431 11.845965
9.494607 4.730438
9.013384 3.386174
9.668092 4.039912
8.133904 5.378518
6.090087 3.095400
3.822205 4.513533
6.212303 8.486426
6.381258 7.967395
6.051911 7.221753
5.038164 7.571347
4.040607 3.642022
7.342011 4.787385
7.502046 5.423523
6.579826 3.399031
6.657891 1.176770
4.545228 1.680544
6.897591 1.249216
7.079570 1.743896
5.205808 1.427544
1.201527 1.429826
2.876453 1.257831
3.828535 2.722987
1.992855 2.572332
3.025083 1.693552
3.156484 2.628769
4.242409 1.434874
2.264289 1.082554
1.853325 1.295520
1.031077 1.133913
0.855282 -0.375212
1.390363 -0.101650
-0.130829 0.597142
1.809457 0.491494
0.877062 -2.306861
0.602080 -2.284471
-3.049506 -5.979915
