12.301604 -10.330599
5.711181 -4.842016
5.632456 -6.291475
3.852419 -7.819199
3.016413 -5.777461
1.846106 -10.259402
2.735773 -8.106788
4.660592 -7.418803
1.756786 -8.208303
2.557250 -9.557858
1.848053 -10.665901
-0.251909 -10.803310
-1.394548 -11.941663
3.885752 -13.931787
9.487839 -14.183850
4.249094 -6.949969
2.869550 -8.012607
2.422102 -9.098691
3.720274 -6.113572
2.560252 -7.536280
2.759237 -10.616875
10.134423 -8.903996
7.007304 -7.932909
5.916876 -7.008214
4.233491 -5.472238
6.731368 -7.356233
4.839593 -7.328642
4.882136 -7.427727
5.830165 -7.732970
5.830938 -6.875667
7.472126 -7.599007
9.105784 -9.672704
8.357405 -6.876468
3.762058 -5.356565
6.080276 -5.998974
10.304816 -9.507529
7.966208 -8.835675
9.729248 -12.969077
9.943711 -12.933784
2.251509 -14.933349
-12.369579 -19.302660
