8.072151 -12.384923
8.599870 -12.489614
8.889042 -10.102321
10.328220 -10.484916
5.328025 -4.751738
4.823566 -6.507086
6.728232 -7.472784
7.227605 -1.858312
7.541414 2.754071
6.350889 3.191949
5.365209 5.767422
4.162951 5.931980
4.580874 9.984029
0.437940 9.712489
2.437248 8.997105
2.330419 9.376314
3.168760 10.411667
3.605505 9.123969
8.849543 14.216466
4.672208 16.067606
8.409082 15.114490
3.309264 9.454766
0.278089 9.883595
-0.402509 10.243142
1.806276 10.825006
1.081285 10.779410
-0.290371 10.277976
3.279068 9.272962
4.630224 12.103788
4.341815 16.131948
0.640025 17.527710
-1.846536 15.931446
-2.772493 14.910820
