10.936451 -13.406923
9.566353 -11.057779
10.698709 -8.115520
9.125470 -9.126354
9.530682 -6.468735
8.013735 -9.235106
10.351183 -8.762160
9.907825 -13.154380
9.517183 -7.320631
8.425959 -6.811921
5.747760 -6.632598
4.184480 -7.872278
6.419580 -6.068900
7.445505 -7.908483
8.901639 -8.492831
8.007874 -8.727527
8.920352 -12.021268
8.331932 -10.124009
8.809801 -9.025439
9.542206 -8.105168
7.367184 -8.018764
2.527793 -11.358813
-1.014240 -9.847562
2.679980 -9.744544
1.785736 -7.985773
0.736042 -10.710423
2.378219 -13.993018
2.720042 -10.984029
1.521624 -11.029897
0.928908 -6.453290
10.424468 -7.412757
10.314147 -13.323745
8.359921 -9.067617
9.329194 -12.484402
6.719461 -18.607355
7.164005 -13.947291
9.923029 -12.566441
9.614072 -10.933171
11.480807 -14.933442
8.079790 -10.801204
10.771110 -11.705792
0.241611 -12.466528
1.636126 -11.611988
2.273264 -11.488883
1.212093 -9.969825
-0.554445 -8.200295
3.778291 -7.579090
-0.188215 -14.473535
2.259826 -14.746237
5.705210 -13.259345
4.985988 -14.110763
4.305429 -7.277504
5.642713 -4.451353
1.741976 -11.288814
1.891274 -11.635512
2.220327 -8.730227
1.340284 -12.090322
0.282710 -10.562992
1.580169 -9.657916
2.035034 -9.221531
0.266799 -10.124907
1.890737 -11.060073
2.813261 -7.038268
2.140331 -12.603086
2.580968 -13.101394
-1.924296 -9.357530
-3.248753 -7.121661
-4.188636 -3.730850
-5.801372 -0.983621
