-4.741632 -11.452735
-2.818871 -10.482980
-2.187693 -9.333737
-3.416528 -10.491527
-1.236027 -10.339311
-0.928002 -8.690789
0.395382 -5.281541
3.124041 -8.167531
4.714787 -7.893918
3.821107 -8.092444
6.705755 -6.294316
8.182834 -8.123934
9.209019 -10.556195
9.794004 -12.009635
9.415011 -14.895600
8.453826 -14.404529
7.858145 -8.682309
8.178512 -2.421450
7.005508 -4.830357
4.663699 -6.949392
4.077466 -5.490175
5.334577 -7.331841
8.480802 -5.562068
7.943500 -10.643250
12.683883 -13.099813
7.766197 -13.212748
7.845782 -14.367332
7.907207 -12.953362
1.887722 -10.829914
0.592587 -11.279052
1.769860 -11.249215
2.256545 -11.992765
2.091191 -10.117723
9.209827 -11.490745
10.024181 -11.314326
7.584006 -15.883813
7.780707 -8.161295
8.184655 -7.348375
4.591887 -8.069375
8.127710 -7.793794
10.071481 -8.186554
8.610548 -12.880439
9.145906 -16.503441
7.628800 -14.437495
5.895373 -15.573918
7.098789 -13.242550
5.254026 -15.002744
6.084078 -15.824142
4.749446 -16.752516
2.701746 -15.593944
3.583262 -15.810937
6.366545 -15.653563
-0.573930 -13.691436
2.430967 -9.292058
2.211134 -10.165947
2.321257 -9.030443
2.008413 -10.192835
0.873169 -12.044715
0.920560 -11.491511
3.919609 -15.078428
4.961902 -14.422026
5.753767 -14.160131
2.275017 -13.931538
2.094077 -10.508904
1.683075 -9.302877
2.660111 -11.115952
0.274247 -14.113503
2.752371 -12.387874
1.352488 -10.227519
2.204818 -12.430999
4.008674 -14.705969
5.135847 -13.775099
5.884342 -14.909432
10.998610 -11.186751
9.317473 -10.173505
8.114069 -8.103580
5.569086 -7.668672
11.406569 -5.970329
