10.201657 19.726593
11.876360 15.880143
10.569347 12.696089
9.749166 12.852937
11.744268 10.830790
11.946720 9.415390
6.157816 6.465567
2.090389 7.179608
3.491499 6.359369
5.307727 3.519011
7.094223 5.151924
4.559373 5.837100
6.445492 8.726087
5.821914 8.496861
4.350225 7.806770
4.213442 8.060949
5.488951 8.625057
6.423845 7.881283
5.577958 5.867446
5.602748 8.465510
4.556840 9.820434
9.335732 12.347049
6.112181 10.732780
9.424612 10.657746
6.068478 5.601038
8.794555 5.106016
7.761196 5.057197
6.112544 4.025951
6.065652 7.370667
4.666305 6.625976
6.475233 7.932938
9.179657 10.727001
9.438981 5.294835
6.384534 5.425702
7.910614 5.060925
9.631110 5.107885
7.371519 4.319603
14.214595 15.722154
8.325204 4.986742
8.116674 4.560567
9.384955 4.565640
9.425070 5.655735
6.465219 1.543975
5.284412 3.627548
6.719012 4.659305
8.441562 2.407849
8.177409 3.804401
14.960810 14.785215
14.021160 8.905073
5.939248 10.120818
6.782999 10.929643
5.176205 9.542196
4.498154 4.814567
1.722047 8.236402
5.269510 7.514709
3.801003 6.470216
5.283155 5.216796
8.886165 5.511881
6.886750 5.519110
7.998149 3.227272
5.629506 4.652334
9.636026 5.430385
8.671249 5.187709
5.827113 3.934303
6.405442 6.189118
4.835023 7.889270
7.546397 13.608642
7.984355 12.913821
8.838105 11.557372
6.309903 9.710206
6.520217 3.252956
5.927041 3.842167
6.469176 7.904481
5.976580 2.999309
5.177938 5.782676
5.943123 2.601582
5.334896 1.946897
9.692293 4.011736
5.185783 5.030783
5.284490 6.071516
10.578360 11.196824
6.172206 10.750893
5.728741 9.356311
5.358153 2.906604
7.810693 4.086929
8.693490 4.021168
8.364665 2.683041
8.890002 5.557172
9.651402 3.799984
7.151096 4.298013
8.978456 1.802040
8.501699 4.466021
8.405688 3.988105
9.116014 3.440715
5.835279 3.430170
7.841460 4.144215
9.324463 11.427762
9.430787 5.011669
9.122998 3.680616
7.746845 4.934704
6.938730 10.750203
13.152629 11.548803
11.887953 10.078641
12.868951 9.188269
3.683177 6.561711
2.809888 7.918587
3.324169 6.993197
6.970572 4.125159
9.359289 3.779681
9.356435 4.262797
6.522298 5.113828
7.890711 4.205781
8.325444 4.200473
8.081155 4.740419
4.180310 4.780522
6.274090 6.594932
4.543710 8.212977
7.248530 4.293497
3.519233 3.975842
6.447118 7.320291
5.553825 9.866942
6.712504 10.900458
7.083023 13.018186
7.844376 13.657737
8.805391 13.208398
7.834869 14.648786
3.121170 6.691394
5.565195 11.294807
4.338331 6.028753
5.073353 5.769530
4.186736 7.212771
5.026580 7.526287
2.951267 9.060189
6.335368 10.639165
9.148974 5.555706
9.250671 3.630382
8.020742 4.210828
5.057265 6.661899
6.142355 7.421014
6.235373 8.131618
5.422556 2.770056
6.272091 3.075095
8.332356 3.804552
6.567623 5.503523
8.411292 1.842294
7.611322 1.785292
6.032487 2.363256
8.071524 2.549049
8.012380 3.219250
9.291812 4.461774
8.989630 3.001456
6.554419 5.471988
8.599823 5.285817
9.167643 4.669027
8.551915 3.132903
7.076919 0.717526
13.692692 11.291663
5.291327 10.631801
6.994001 11.048720
6.425451 4.040439
6.085216 4.356093
9.037195 4.332128
12.237943 3.639403
11.486870 3.453049
12.411283 3.591090
7.845790 3.837567
6.065828 1.187332
7.402053 -1.133202
6.820398 -4.442318
7.921786 0.421145
7.427261 0.598209
7.648339 3.690685
11.582516 3.623475
4.882693 3.689155
5.032879 1.856433
5.977621 1.085596
9.011296 2.242061
7.853361 0.643534
8.631639 -0.667530
8.595715 -0.475180
7.024775 -0.372334
7.660206 4.967610
8.168332 1.788383
8.918746 -0.999812
9.100125 -2.749342
11.620929 -3.206027
10.332593 -5.069356
9.914320 -8.261308
9.636410 -3.386154
11.006545 -5.497601
9.766602 -3.013243
12.453799 -10.635850
16.591124 -12.988600
11.249064 -12.891219
14.455764 -0.677119
14.936713 0.050940
14.273140 2.700158
14.312175 1.604114
16.252146 1.092042
16.620739 3.539903
15.463000 5.066339
17.166233 3.797560
12.556784 3.422538
6.984567 5.624263
8.420555 5.388092
9.105265 4.565439
15.582939 0.987324
15.359803 1.770712
15.836135 7.981128
9.272034 3.431428
9.133694 3.451744
7.803218 2.028742
8.992743 5.467262
6.540566 1.741471
7.439950 4.409266
8.008203 4.890661
5.215210 6.949868
4.288857 8.250398
6.156616 7.731343
5.488265 5.083853
4.782189 5.522932
8.834040 5.468851
6.005259 2.819307
7.563248 2.957714
4.875295 4.904008
5.617943 4.322424
8.188103 4.017318
7.919829 3.107639
8.687704 4.988248
8.542314 4.885778
8.087430 4.345789
8.963206 3.900333
12.533836 3.563974
12.204527 3.658200
7.886477 1.825721
8.445705 0.736942
7.337494 0.854414
8.105896 1.845441
7.990849 2.620150
9.766430 4.554387
6.752288 4.055322
7.343752 2.589951
9.282240 5.512012
8.446980 5.423459
8.459524 2.270177
7.955370 3.467919
7.419548 3.243802
9.139972 5.114898
7.858538 4.082855
5.500074 4.837430
10.091174 3.466624
14.982119 7.176748
14.148152 13.805413
11.690819 9.506907
14.525517 9.049472
14.711729 10.485088
13.324783 9.227997
12.557859 12.860980
11.130865 11.289054
10.574458 3.736997
11.622964 8.979733
10.508127 11.854795
9.408751 11.579734
9.546125 10.673800
10.501658 13.004270
12.409036 11.032859
7.436327 5.610621
9.072691 4.863661
15.219310 9.587483
15.019110 7.040879
15.492839 8.245486
19.304611 9.491555
12.937327 11.526099
13.445011 8.957007
13.444344 8.885937
12.280891 11.041310
12.063888 9.003913
15.679824 16.120153
10.012814 11.852549
10.416390 10.912978
8.797128 1.830633
7.332884 3.746017
8.877730 2.374223
6.083663 2.952093
4.529555 4.555591
5.966299 8.390853
6.270647 6.507274
9.703450 4.443982
9.787334 3.912160
9.691355 3.504788
8.449903 5.618011
5.561588 9.065910
4.216997 8.497770
5.195767 7.994932
6.081806 10.612273
5.515671 9.084826
5.054001 5.524166
4.196573 3.595441
5.770350 6.822303
6.910956 4.793914
8.229628 4.322745
8.732162 5.637936
9.822441 5.400317
9.596892 4.950797
4.821043 1.236241
7.939751 2.014933
8.804047 1.592375
11.063160 3.547224
11.009545 3.748034
12.122063 10.091088
18.060028 11.025870
12.132835 14.993599
9.325302 11.125703
4.500616 9.893768
6.237823 8.814202
1.985617 7.910406
6.444079 6.410369
6.086780 7.319894
4.952205 7.797627
7.761890 3.657784
8.553716 5.159269
7.679675 3.454751
9.708349 5.410889
9.454248 4.997244
7.099514 2.989053
5.047518 2.762568
6.841637 5.389314
8.547951 10.684106
11.788446 13.126718
14.739034 9.571729
12.767057 8.873729
9.732025 12.009326
7.604913 10.693166
17.434202 6.639646
15.538634 5.197534
13.197895 10.605538
9.721469 12.461319
5.834837 8.669326
7.038523 5.578373
6.691368 3.156658
4.743364 6.009334
6.197958 5.992003
6.974541 4.837379
13.034330 9.971801
13.295359 11.007556
5.421329 5.439370
5.928463 6.926722
6.347857 4.468004
5.480559 10.753803
9.271521 5.626783
9.143502 3.431533
12.626786 3.668778
8.341908 4.004084
4.848712 4.835498
3.093870 4.925207
4.429917 8.371955
7.968975 14.348235
12.419596 12.902787
12.575414 12.192347
12.836534 8.926520
9.517254 5.515499
9.723153 5.266101
9.638158 4.292548
9.635794 3.568659
7.683092 5.449382
7.170763 1.168144
8.997197 0.426413
8.396319 4.854320
7.952171 3.508911
9.674920 4.847056
8.165997 2.944260
8.223850 3.440341
7.579164 3.516053
7.362270 5.114285
6.809192 5.277879
6.371214 8.782217
13.548068 9.785895
16.520000 9.920091
12.945353 10.311848
12.363888 11.203954
5.870862 10.293691
5.414355 6.862044
13.503495 10.868354
8.073252 3.425243
7.995271 4.519664
5.220149 7.220681
6.334600 4.929854
8.346666 4.106856
8.279835 5.397603
8.894587 2.334716
8.993812 3.423926
8.132797 2.780753
9.778872 4.604575
8.930887 3.458529
6.170414 7.049558
14.748857 13.085457
14.215479 8.800989
9.353877 4.157828
7.974204 1.317155
7.854459 4.496036
6.308673 5.841617
16.237131 6.511117
8.604518 4.143713
8.206868 5.504395
7.449897 3.299324
9.407333 3.534073
12.969803 9.304746
15.565310 12.225785
15.496641 9.864833
16.191353 5.721457
9.240555 4.775730
8.867319 4.448691
8.832003 3.443698
4.684185 7.365618
3.952703 9.392303
5.660014 7.112623
5.491966 6.090575
1.928541 7.409501
4.781696 7.362261
8.443745 5.167459
14.914666 5.385153
9.828897 4.855513
8.904486 4.063314
9.036372 4.366050
4.811753 8.759959
6.133677 5.622829
5.301891 7.946245
5.898824 6.767677
5.848315 9.104026
4.838877 7.003484
7.376285 3.554015
7.756880 3.640490
8.549098 5.272391
8.021686 4.943317
9.581927 3.455256
9.845307 5.332583
11.489568 3.606654
11.605358 3.458621
11.473159 3.703373
10.764163 3.459915
3.245617 2.265328
4.987212 2.110894
7.119124 1.157385
9.052739 0.746476
10.413920 -4.987630
15.529631 -6.782627
8.244168 4.408296
9.755005 5.134860
8.781722 3.168321
9.025045 1.455840
8.606216 0.653927
8.450947 -4.014249
10.102942 -7.592473
11.799614 -9.266453
15.276133 -9.156737
11.932655 -8.661567
5.526850 -7.399354
8.343590 -2.190860
14.147800 -1.223294
14.181470 2.993377
14.850164 1.364635
14.582101 1.685384
18.550535 4.273869
16.934086 0.674526
16.639067 0.093627
14.722031 1.112055
15.097569 2.389546
15.318811 3.890499
14.435633 2.740589
5.713486 1.739776
7.933214 1.556454
9.799846 4.798866
9.606825 4.371722
6.202445 4.351424
8.823270 1.218845
8.703638 -0.100234
8.005229 -1.967123
10.482670 -2.165933
10.651263 -4.674631
11.538170 -5.165216
10.978167 -2.210840
8.085648 0.319246
7.054005 2.084164
4.898264 2.107481
4.445702 1.802572
12.772996 3.435354
10.973356 3.661227
8.903928 3.438779
9.948689 3.494331
8.606796 5.464162
8.282325 1.531665
9.045697 2.536282
8.260376 2.938864
8.832035 4.857136
7.822687 5.298308
6.919520 4.094642
7.513258 5.559734
6.085619 5.692302
8.827477 4.523940
9.643927 4.176486
7.969765 4.916940
7.439264 5.622124
9.542326 3.780698
7.865774 3.425346
8.934551 2.797441
7.278808 3.102827
8.651200 0.933630
8.615187 4.981767
10.460854 3.554294
11.120878 3.556206
10.661988 3.548455
6.077477 4.448519
6.071492 5.719500
6.265427 1.648349
5.637376 3.746023
16.057070 2.250277
14.647544 1.164906
16.283733 -0.366378
15.148912 3.228928
16.582855 8.659606
16.483250 9.978213
16.425266 7.140904
6.527312 8.236924
6.018031 9.667703
4.840456 8.483639
4.609581 5.309423
5.594659 3.587850
11.079611 3.480391
9.796046 3.444616
9.002585 5.473021
8.758595 4.924615
6.842411 5.401762
5.599955 5.297384
3.268841 8.946547
3.871615 4.847649
3.878334 9.469131
5.070143 9.204874
3.762247 9.452537
6.201912 8.498942
5.768232 9.023030
5.813356 9.389943
10.113462 12.996593
14.969675 12.558979
12.168694 9.014184
16.289501 9.810458
11.936919 8.955203
9.045512 4.772298
7.875636 5.267726
6.356838 7.668749
5.747368 5.770434
9.056355 4.709487
10.826828 11.629169
5.987379 7.551610
5.901294 6.388480
6.631577 4.247948
8.821290 3.779770
7.822530 4.130929
8.411697 1.789023
7.456082 2.230825
9.027659 0.404705
7.359163 -0.555230
7.084917 -0.593359
7.416069 0.154865
5.998729 5.854953
2.968718 8.292432
2.116653 5.054612
2.297204 5.811084
5.770290 8.137444
3.435729 7.575060
6.726661 5.536418
6.932734 4.827413
4.816650 3.502701
6.754911 5.498482
5.175850 4.535511
5.261166 6.759592
4.698480 7.765435
4.558287 9.378726
8.017605 10.793159
7.962143 10.871266
6.941118 11.159183
7.122340 10.794847
6.026690 11.764432
4.940739 6.446077
-3.601659 -7.880058
-4.836312 -9.704649
