17.833549 -2.040321
15.209798 0.576355
15.964563 1.931024
15.999129 3.373140
12.096008 9.551946
12.499279 9.319048
15.245326 10.420080
14.237474 8.913222
8.100418 1.975105
8.979042 1.702375
8.574762 4.670694
8.165432 -1.020983
7.297917 4.035254
8.876587 4.359773
8.762850 4.454793
6.952631 2.304543
8.571057 1.818826
6.816617 2.832571
8.574948 1.419696
7.298470 -3.504550
10.873374 -2.450166
12.204317 -8.155119
12.688843 -7.770157
14.710655 -6.655182
14.030272 -7.714941
10.187233 -7.162231
12.828915 -6.693440
11.175142 -8.719995
14.673883 -7.996728
13.275076 -6.803625
13.685798 -7.553000
9.731433 -7.622512
11.429859 -3.132155
10.659204 -1.836585
10.849544 -2.059091
9.594024 -3.558573
11.215652 -1.820018
11.249178 -2.297717
9.542655 -2.814084
5.712453 5.479933
8.208339 2.787340
9.265013 5.325214
6.193895 5.480471
5.760641 4.880381
6.965535 3.759956
8.790643 2.165329
11.049570 -1.734363
11.053675 -2.451947
14.488288 2.448987
14.393327 2.069862
15.471142 1.447045
16.766851 6.595528
12.919461 3.763841
9.318364 4.572141
7.535315 1.958608
8.521832 1.755194
8.504320 0.772002
8.840180 0.130963
8.459959 -0.545697
9.451850 -3.019112
7.866630 -5.031985
11.122700 -3.393765
9.643399 -2.242303
7.309649 -4.029717
7.990474 -4.189499
5.148993 -4.042288
4.699081 -4.440245
5.597669 -5.243055
6.434291 -4.910946
7.313616 -0.667819
7.760096 -0.249575
8.428192 0.656019
8.327222 4.028382
9.100277 5.503938
9.487030 5.410999
9.445611 5.104843
8.118460 3.882032
6.668973 1.578257
7.352613 2.346878
4.319117 2.282369
5.840076 1.300668
6.900683 2.665312
8.085032 4.527291
8.549080 4.407434
9.733261 4.002072
7.788547 2.868923
8.222082 3.416056
7.544953 2.709519
7.971883 2.370350
8.990599 1.774155
8.438748 2.446722
6.673228 1.310507
7.526618 1.022494
7.402182 0.872305
7.696913 -0.992733
7.345458 -2.366486
3.872880 2.274855
2.910244 2.437381
2.320758 1.078442
1.718980 0.967672
3.408932 2.583043
4.029837 2.375702
4.725233 1.683848
4.590326 1.336345
3.916341 1.138060
3.706110 1.280498
4.031446 1.650001
2.011731 2.074448
5.221346 1.872465
6.175042 2.755304
6.082976 1.860649
1.629315 0.294156
1.268505 -0.697265
0.442533 -1.101156
0.502092 -2.297694
0.120815 -1.690507
1.305787 -2.950373
0.014266 -3.068494
0.469911 -1.620920
0.131457 1.201008
4.259729 1.637167
5.280405 2.451372
4.506842 2.752675
7.004179 1.974258
7.638134 2.174421
8.169434 -1.845291
7.378589 -0.146723
6.652304 1.598741
6.038061 1.129095
6.696201 1.276747
5.873441 2.697675
7.144405 4.220893
9.122396 5.022596
7.835863 5.040175
6.193793 1.619720
8.909498 3.930627
5.714089 3.707931
7.407798 5.078396
5.090110 9.546355
6.056987 5.897049
11.984538 10.883761
7.624487 4.754946
8.809412 3.830874
9.234925 3.460175
8.957714 4.897226
7.901212 4.648561
6.516887 5.777273
5.531943 3.469491
6.969015 5.650792
8.310032 2.858851
7.599007 3.440258
12.268898 3.681228
9.967420 3.584082
12.624005 8.961490
7.684679 1.767636
8.868578 2.361987
8.811248 2.947285
7.878593 1.073850
8.419504 3.023470
7.420048 0.246589
8.727549 2.354391
8.559721 2.367357
7.971712 0.218826
8.627919 1.065354
10.247660 3.449032
7.620176 10.773070
8.962885 10.962285
12.154993 3.436619
9.776945 3.593812
8.762651 4.641935
8.639437 5.285470
9.380703 3.831439
8.450373 2.896768
8.424321 2.587206
7.670272 -0.104785
8.931402 1.396055
8.718760 1.961110
8.991719 2.563838
8.289123 2.794475
7.935464 4.110919
9.400749 3.942410
7.576021 2.543249
7.385042 5.432538
8.063135 4.612912
6.384252 6.010170
4.463074 5.770643
8.937559 5.327492
6.147715 4.849336
5.847367 6.827877
5.266937 9.049680
3.446910 8.625163
5.231363 10.922865
7.896189 4.924211
7.215202 4.542634
5.760264 4.578171
9.288077 3.958989
7.849191 4.647933
8.149593 2.740510
8.269858 3.088170
7.084587 2.503713
11.137600 3.620155
10.800457 3.789820
8.857533 4.457785
5.918099 5.804855
6.525382 6.838386
5.841675 4.409483
5.698707 4.492573
6.278139 4.375560
7.515570 3.416645
8.165964 4.021148
10.928022 3.545655
9.113482 3.841508
8.087207 5.109243
7.596060 4.382874
7.409918 3.822922
8.660930 1.005078
8.147573 4.750314
9.593924 3.697962
9.461866 4.123725
7.689874 4.635505
7.669005 4.678510
8.407234 2.860078
9.065138 5.592884
6.590292 4.012876
7.883715 5.596178
7.766572 5.218624
8.315860 3.329434
4.131740 6.634578
5.899263 7.438839
5.065984 8.968089
5.565831 8.777005
6.488300 9.147645
6.069242 10.696975
9.222832 13.468474
10.039604 11.012961
8.611091 11.921994
8.101057 11.969733
10.024515 10.660113
9.880856 11.300728
9.204453 15.306051
12.896341 8.984710
11.950425 12.477465
10.220090 14.722766
10.569599 11.759237
9.116701 4.711102
9.668789 5.202445
9.018924 5.497457
8.071579 4.338949
5.530706 5.863024
4.911521 5.848542
6.486671 4.174699
5.551333 7.046669
4.428393 10.038938
6.332839 4.744997
4.503400 4.643372
12.046528 3.600973
11.267405 3.427408
8.561305 4.640775
7.627203 2.865067
7.153027 3.125215
7.093006 2.220332
12.532902 9.083557
10.166091 3.711749
9.730730 -2.667810
10.803967 -3.750411
9.967010 -1.783930
8.733526 -2.423258
8.070179 2.780753
16.013159 5.418891
19.334858 1.656884
15.758286 5.439444
10.775143 3.473164
9.745749 3.867779
7.104145 5.603946
9.604620 5.452602
8.468232 4.278548
5.301439 5.472232
12.644218 10.782268
9.972170 12.308341
11.520243 11.047229
11.928061 9.865485
9.512348 4.408572
7.788026 4.064355
8.779232 5.482522
8.901691 3.136649
9.685122 5.492811
11.244188 3.639899
5.678447 9.872392
6.164248 6.868814
8.743920 5.381520
7.505169 4.712388
7.276936 2.796133
7.933295 3.625634
5.073334 4.455423
5.984730 7.798229
6.082905 7.523709
2.428476 5.944828
6.837951 5.525881
8.214747 1.583173
7.233278 4.937283
7.289906 4.972676
8.153994 4.107639
10.203324 3.582916
8.749394 5.306876
9.361014 4.837998
4.793590 9.018535
6.527068 8.945323
8.312135 11.557330
12.021100 13.090544
7.140948 11.714629
9.224806 12.676459
12.832760 14.150213
11.661075 11.887500
11.783310 9.433091
12.940325 10.572090
11.590694 14.256301
11.077022 11.391277
11.517101 14.020951
6.780633 11.861775
8.360081 12.515414
8.833822 11.859349
6.913721 13.123704
6.169000 8.681796
2.915626 8.011479
3.504431 9.306815
4.104701 9.033027
7.788621 10.828783
15.132304 12.502446
15.701272 14.532844
14.411770 10.839103
13.647829 9.081583
7.463521 10.864319
4.492131 9.235919
4.514809 7.212858
4.872153 8.313984
4.170920 10.189128
5.017688 10.839244
2.707776 10.691979
4.286395 11.531847
7.429914 4.590082
7.638494 5.036803
5.450622 1.324632
8.707741 5.019685
7.858966 3.779472
9.261808 5.558965
8.333842 4.560280
6.285366 6.863817
5.444076 3.055644
12.279883 12.014348
11.609367 8.970148
11.986997 12.131173
10.150823 12.077319
9.413445 12.330460
10.070658 14.467128
7.584609 13.720663
14.306118 16.571218
14.546498 9.751063
11.664368 9.191497
10.106126 3.609393
8.747340 4.288218
9.709197 3.434245
8.242837 2.145580
8.384771 2.592785
6.203898 2.487838
8.817889 4.885897
9.459791 3.628534
9.763186 3.680991
9.220559 3.644459
9.039356 5.494977
8.732285 2.536317
6.383524 2.621773
7.073186 4.991853
5.820101 5.221032
7.130960 4.257993
6.475081 5.153792
10.254161 3.556218
7.305645 4.628355
7.288315 5.239359
8.182013 3.977495
7.986579 2.072682
8.600576 4.875976
6.486903 2.438675
8.568861 -0.154815
8.808103 3.393665
9.053654 4.773166
8.666131 4.708174
5.137255 3.810249
2.825808 2.970674
1.739279 1.707549
-1.710379 2.310838
