19.342482 -12.591985
17.574028 5.265740
14.208650 12.452899
6.588196 11.295579
3.206416 8.541665
8.680705 3.338506
9.187916 4.305832
5.491124 4.810359
9.683816 5.119210
9.565031 5.376774
8.278965 2.595052
8.314573 -0.768599
8.856227 -2.334798
7.599162 1.000959
8.644814 3.626869
9.828806 3.487534
10.561689 3.695300
9.740348 3.626817
9.114000 4.082412
7.601685 2.699719
8.955688 1.669295
8.210894 2.754511
8.825632 0.717452
8.746442 0.949098
8.851778 -1.010418
7.578318 5.228685
9.358147 4.779716
8.536588 1.669112
9.108055 5.547026
9.057712 5.646396
8.039441 0.189312
7.981089 1.505841
8.146425 2.916479
7.146669 3.983664
9.058094 3.300101
8.345177 4.007489
7.867089 5.001937
7.886055 4.597838
8.277825 4.741270
8.217300 5.544570
7.343984 5.147497
3.961963 4.981536
6.084921 6.827286
3.482179 3.829435
5.805027 6.334730
6.344806 5.517066
4.636630 4.977852
6.359311 6.433916
5.729885 3.665268
9.709706 4.179849
10.626669 16.072744
13.426531 15.423993
15.606139 17.226200
12.947351 13.620688
12.759393 11.856786
12.318157 8.850966
13.181005 9.118969
12.207185 9.223746
8.369332 3.802406
8.210321 5.501644
7.873966 3.360687
9.938329 3.484168
10.906776 3.544900
8.645630 3.301002
8.922060 2.618182
8.354742 2.359877
6.712127 2.035584
7.592471 3.072001
7.884365 2.680228
8.459843 2.769960
9.508604 4.572796
6.809854 3.204091
7.080133 0.415146
7.937220 1.725300
5.835896 2.867514
5.108294 4.244536
11.379045 3.460831
11.708685 3.469388
9.208039 4.020800
5.934447 5.632362
5.387495 5.732321
5.569440 4.504005
8.297086 2.512214
9.802534 4.678404
7.859689 4.922563
5.023063 5.091904
4.626378 7.721595
4.154967 6.661761
8.392518 5.389010
11.985967 10.677360
9.532087 5.153466
8.547937 3.753853
6.174850 6.092543
11.551093 10.893350
10.082235 10.888841
11.289133 11.864110
11.691307 10.069164
12.234497 9.151737
14.196650 13.578198
12.744973 10.881753
13.578032 9.390124
11.760433 10.261703
8.196522 3.915059
6.208645 5.224338
5.340495 9.538198
5.419179 11.995449
10.575217 12.302295
11.495007 13.376699
9.549992 4.164902
8.034887 5.199769
11.939690 8.992906
12.344122 11.487880
10.761908 11.190324
7.445779 11.245952
9.696285 5.145426
7.752340 5.502777
6.644114 4.696619
9.013020 4.833934
8.382254 3.092630
7.077119 2.423956
7.618474 5.262806
8.191144 5.575131
9.006503 4.790947
9.055857 3.852661
8.521581 4.125587
6.250056 6.152045
5.951677 8.853009
5.793339 9.828389
6.061526 7.587229
10.053571 10.720588
7.429044 10.756568
9.617601 5.416228
6.413182 4.420329
9.118731 4.698296
6.531833 8.652925
0.030933 8.607971
4.077711 9.825107
6.240030 8.024207
5.911488 5.917520
9.148247 5.530354
17.124697 5.708652
14.302573 10.071069
9.301184 3.967245
8.386002 5.582495
5.863576 7.201261
9.571609 4.287162
12.898391 9.681865
16.269136 11.964655
9.362061 11.674056
11.491138 14.452426
15.051373 10.330550
8.928194 12.293582
10.421373 12.350198
5.627531 5.633449
5.930530 6.521911
3.481838 5.612850
6.094919 10.703831
8.209663 11.125579
6.403931 7.413622
5.963531 6.244444
6.297355 6.241368
6.039389 8.689914
3.021578 6.176726
5.452108 4.229044
7.383251 2.855478
8.331815 1.044632
8.724123 -2.234856
8.716386 4.922978
9.515933 4.629385
7.317806 1.918729
8.531780 -1.132588
7.224416 1.419535
6.509113 2.601402
8.315552 2.511733
5.151321 1.577294
6.713934 2.114999
5.302155 3.902187
11.495111 3.721158
18.628483 9.583169
18.544880 6.051801
15.495706 8.163189
14.979921 7.809260
17.177462 4.376537
15.370760 4.590796
17.027586 8.648342
13.543971 10.127049
13.735878 11.005186
5.968387 9.654052
4.947748 5.417204
6.841129 4.489132
6.184025 5.619528
9.451317 5.282821
8.462869 4.932802
9.840893 5.037168
14.634236 9.845460
9.417048 5.035308
8.350754 2.815311
9.789991 3.660386
12.469703 3.561731
8.904913 4.910537
4.866858 8.989347
5.847060 6.671475
15.191125 4.882778
15.689499 11.200200
19.012182 5.808785
16.114676 5.163775
9.272467 5.191358
15.131758 -0.017272
15.351316 4.980822
16.451719 6.469009
17.296955 6.971562
19.153618 2.386435
19.482086 4.289314
14.611750 1.273128
14.859187 3.146285
18.395905 10.048632
17.425070 13.919408
12.204589 18.605766
