-11.338298 0.850895
-10.011841 1.316896
-8.633680 1.139771
-4.429807 -0.349142
-4.068522 -0.411747
-4.372198 -0.356440
-4.581348 -0.311653
-4.316021 -0.363966
-4.528551 -0.321616
-4.260718 -0.370209
-4.475195 -0.330146
-4.204135 -0.375579
-4.421202 -0.338178
-4.146701 -0.379792
-4.365919 -0.344869
-4.086268 -0.385219
-4.307735 -0.354689
-4.023961 -0.422785
-4.314737 -0.388422
-4.595572 -0.319757
-4.236701 -0.397171
-4.524489 -0.310827
-4.163949 -0.387122
-4.418794 -0.064207
-2.407550 -0.286855
-1.082841 -0.467738
0.997734 -0.969924
