-18.430733 -3.347292
-11.537590 -1.191123
-4.300192 -0.449845
-3.983525 -0.475049
-4.254047 -0.455341
-4.557581 -0.415767
-4.240829 -0.468183
-4.538233 -0.434967
-3.985237 -0.467385
-4.299420 -0.440441
-4.456503 -0.438781
-4.138616 -0.471836
-4.081899 -0.459293
-4.395713 -0.426428
-4.467811 -0.425215
-4.153804 -0.461426
-4.302918 -0.461562
-4.598230 -0.423869
-4.014561 -0.461460
-4.329549 -0.431697
-4.520118 -0.384554
-4.154728 -0.440791
-4.271636 -0.093635
-3.211963 0.591306
4.108231 4.748968
7.035972 6.230747
9.642493 7.223112
13.831874 8.326855
