17.405148 -10.314608
12.776732 -5.312597
11.471970 2.013294
11.483772 1.748874
11.471940 2.013220
11.483741 1.748798
11.471848 2.012977
11.483633 1.748549
11.471536 2.012186
11.483275 1.747737
11.470473 2.009659
11.482054 1.745155
11.466858 2.001797
11.477863 1.737194
11.454529 1.978350
11.463691 1.713587
11.412637 1.915218
11.414873 1.648219
11.277088 1.766989
11.253145 1.491596
10.881524 1.496666
10.928066 1.815009
9.813467 1.538817
9.106252 2.948514
8.157669 4.669513
6.767580 7.347090
5.225706 10.349250
