-12.170741 -15.593323
-8.683329 -8.613316
-8.105821 -8.156564
-7.832818 -7.959801
-7.365558 -7.435094
-6.760628 -6.246570
-5.603515 -5.159698
-4.789228 -4.024423
-4.184679 -3.169403
-4.186522 -3.172956
-4.189458 -3.178468
-4.194131 -3.186973
-4.201642 -3.199934
-4.214108 -3.219318
-4.236040 -3.247240
-4.277424 -3.285118
-4.365054 -3.327609
-4.567550 -3.350487
-0.530353 4.775471
-1.034339 8.397802
-1.522636 8.690646
-0.802231 10.157851
-1.155653 10.272368
-1.305623 10.553422
-0.820594 10.659304
-1.113509 10.658685
-1.548614 10.564467
-0.904608 10.650050
-1.038930 10.665155
-0.726127 10.704133
-0.923682 10.696061
-0.687072 10.719262
-0.898333 10.704193
-1.420777 10.588251
-0.892698 10.706242
-1.419277 10.589011
-0.891425 10.706740
-1.418937 10.589192
-0.891137 10.706859
0.375379 10.963941
1.905984 11.293997
3.725217 16.898306
