7.047273 -0.744785
3.243486 -0.658398
0.207235 -1.058209
-1.454391 -1.483095
-2.688656 -2.017648
-4.035515 -2.989872
-4.547460 -3.415829
-4.431046 -3.297022
-4.339793 -3.186815
-4.561464 -3.501126
-4.460811 -3.408524
-4.442507 -3.368450
-4.396583 -3.314784
-4.411288 -3.304442
-4.377052 -3.273574
-4.401685 -3.277080
-4.370366 -3.256338
-4.398316 -3.265749
-4.367884 -3.249362
-4.397031 -3.261229
-4.366922 -3.246575
-4.396529 -3.259423
-4.366542 -3.245425
-4.396329 -3.258678
-4.366388 -3.244952
-4.396248 -3.258372
-4.366326 -3.244758
-5.005840 -3.982793
-5.905500 -4.577964
-7.508764 -5.628854
-7.902369 -7.198469
-8.397571 -8.245645
-8.422654 -8.267541
-8.397338 -8.245562
-8.422231 -8.267383
-8.396516 -8.245198
-8.420749 -8.266672
-8.393680 -8.243565
-8.415706 -8.263398
-8.384289 -8.235977
-8.399348 -8.247856
-8.355400 -8.199683
-8.350226 -8.172872
-8.282868 -8.027913
-8.360277 -8.199776
-8.357244 -8.172896
-8.294975 -8.027587
-8.383905 -8.199993
-8.391582 -8.172576
-8.354074 -8.024957
-8.501083 -8.198161
-8.558843 -8.166625
-9.110984 -8.199906
-9.236536 -8.077275
-17.457266 -8.108077
