-14.217698 19.040434
-8.236409 10.252610
-6.188198 7.226248
-4.539987 5.296559
5.615851 -8.085588
8.052767 -9.596478
8.012316 -9.592686
8.052984 -9.596547
8.012610 -9.592784
8.053524 -9.596732
8.013336 -9.593046
8.054848 -9.597234
8.015110 -9.593759
8.058064 -9.598626
8.019390 -9.595748
8.065755 -9.602590
8.029510 -9.601441
8.083667 -9.614215
8.053213 -9.618499
8.124875 -9.649981
8.106280 -9.671382
8.214702 -9.763954
8.214541 -9.838271
8.403437 -10.131760
8.409871 -10.379748
8.846411 -11.306803
10.842136 -13.473699
13.125173 -16.450974
