-19.563507 7.266022
-13.163799 4.514201
-7.639153 7.055748
-7.820814 6.916940
-7.894717 6.928264
-7.656965 7.071488
-7.551479 7.126839
-7.723646 6.998204
-7.669838 7.016615
-7.852728 6.873255
-7.932920 6.874185
-7.694216 7.023249
-7.605057 7.046878
-7.780264 6.906632
-7.713098 6.893363
-7.884780 6.747339
-7.816702 6.678046
-7.636161 6.834227
-7.746483 6.362508
-7.874283 6.186112
-7.775960 6.312563
-7.900681 6.135849
-7.826804 6.242655
-7.947817 6.067123
-7.896740 6.143122
-7.771605 6.319813
-7.885472 6.154660
-7.760413 6.331301
-7.874166 6.170658
-7.748357 6.347475
-7.859538 6.191451
-7.732843 6.368401
-7.840302 6.218729
-7.712501 6.395783
-7.814686 6.254081
-7.935946 6.077960
-9.462126 3.214025
-8.872849 3.102399
-7.808826 2.799633
-5.659746 2.314340
8.696869 0.075724
11.018853 -1.441865
12.507899 -1.966365
15.183516 -3.939963
