6.707177 17.278435
4.916491 11.341100
4.403697 8.889140
3.365129 5.793690
3.353201 5.626116
3.327044 5.762652
3.315915 5.595862
3.286983 5.724674
3.276719 5.558068
3.245860 5.676356
3.237275 5.509422
3.206330 5.612403
3.202318 5.442617
3.177141 5.522150
3.182299 5.343759
3.175447 5.385915
3.204944 5.179277
3.243114 5.158092
3.419158 5.433972
3.131388 5.840617
3.131675 5.745275
2.601566 5.449090
2.635298 5.404091
2.593062 5.561508
1.958871 4.904452
-7.648659 -6.020160
-10.135691 -7.307366
-14.926849 -11.520313
