6.656439 -14.749173
7.860946 -13.100373
7.865460 -13.087480
7.873783 -13.063291
7.889222 -13.017866
7.919348 -12.932058
7.981414 -12.767370
8.123536 -12.432958
8.505390 -11.688209
8.288651 -11.801916
7.854212 -11.790695
8.054059 -10.119355
8.344137 -10.143493
7.844735 -9.613516
8.090295 -9.705061
8.300381 -9.800763
7.988887 -9.668667
8.272824 -9.795341
7.956851 -9.664489
8.264654 -9.794118
7.947350 -9.663691
8.262262 -9.793784
7.944562 -9.663481
8.261558 -9.793687
7.943740 -9.663417
8.261349 -9.793658
7.943497 -9.663399
8.261288 -9.793649
7.943425 -9.663393
8.261269 -9.793648
7.943404 -9.663392
4.980198 -7.747244
4.305544 -5.259862
4.471704 -2.768368
5.005661 -0.167087
