-4.790228 18.952158
-1.116390 13.144622
-0.837608 5.939059
-0.967034 5.685180
0.835068 5.521924
1.676815 5.170817
2.007401 4.966225
2.919295 5.293633
3.076686 5.016214
3.096303 4.937125
3.608114 5.342275
3.578828 5.064291
3.531453 5.033609
3.890353 5.435340
3.813846 5.147963
3.747038 5.130510
4.027093 5.516179
3.937228 5.224183
3.868718 5.206773
3.830046 5.043436
3.791153 5.120535
3.783209 4.994522
3.761305 5.096009
3.765746 4.981168
3.750682 5.088970
3.759717 4.977407
3.747097 5.086909
4.368375 6.390294
4.935683 7.899902
5.319941 7.843550
5.879202 7.864968
10.619956 5.477061
10.497713 5.561909
10.584868 5.564887
10.464399 5.644327
10.528471 5.629985
10.705192 5.444578
10.308750 5.652332
10.243573 5.628536
10.634916 5.432054
10.511489 5.519605
10.598795 5.527225
10.477350 5.608202
10.541194 5.600545
10.718240 5.412999
10.324843 5.628313
10.261518 5.605742
9.990240 5.642609
10.689453 5.414644
10.573334 5.501623
10.918015 5.550417
11.041037 5.402451
11.496581 5.646587
11.580568 5.573678
11.673212 6.136219
12.132877 6.967206
