-0.041531 -8.967767
0.159896 -4.337012
0.315904 -1.221707
0.681868 0.485011
2.467398 4.265446
3.053021 5.272598
3.467538 5.701752
3.438697 5.418312
3.402084 5.420618
3.700140 5.817663
3.646487 5.525846
3.603096 5.536994
3.834149 5.909030
3.772765 5.613365
3.728483 5.629643
3.857217 5.683912
3.812066 5.702338
3.916363 5.739840
3.870586 5.758806
3.961871 5.785140
3.915437 5.804217
3.996920 5.822251
3.950368 5.841156
4.024930 5.852771
3.978678 5.871440
4.047884 5.878034
4.001318 5.896903
4.066861 5.899785
4.020045 5.918730
4.510395 8.317777
5.237566 10.595498
5.935070 16.805721
