-19.885080 -13.214380
-12.452011 -6.708399
-9.251058 -5.480749
-6.700454 -4.186131
1.230373 2.932923
2.018150 3.959864
2.484630 4.485304
2.745025 4.926318
3.417961 5.589365
3.639901 5.568687
3.797272 5.872262
3.877939 5.763628
3.627104 5.173695
3.445393 4.932575
3.581263 5.179694
3.723134 5.679713
3.818938 5.638664
3.899919 5.924121
3.940549 5.803479
3.686817 5.209308
3.501614 4.965432
3.616587 5.199500
3.743474 5.692205
3.830980 5.647489
3.907291 5.929688
3.945281 5.807536
3.691559 5.212882
3.506180 4.968583
3.619517 5.201416
3.745204 5.693371
4.332801 7.244625
5.111675 9.025326
6.428567 12.197911
