4.071790 -15.749076
4.914377 -10.119618
5.019930 -7.717334
4.818829 -5.278091
2.653799 -3.941486
1.193536 -2.973752
1.220090 -2.974456
1.272030 -2.971578
1.373360 -2.957170
1.265705 -2.965019
1.365333 -2.948227
1.253748 -2.950933
1.350493 -2.928904
1.232201 -2.919680
1.325133 -2.885160
1.197264 -2.848831
1.284948 -2.782439
1.144013 -2.678064
1.226448 -2.522934
1.101431 -2.219849
1.205462 -1.756534
1.250121 -0.858827
1.753741 -0.633749
1.302398 0.397502
0.903502 0.389665
1.565462 0.694773
1.702709 0.768560
1.289928 0.708872
0.914619 0.580371
1.575432 0.777051
1.709549 0.795890
1.292323 0.715232
0.916950 0.584764
1.577068 0.779079
1.710527 0.796676
1.292719 0.715448
0.917277 0.584963
1.577291 0.779185
1.710658 0.796727
1.292774 0.715465
0.917321 0.584980
3.530034 1.127596
3.886839 1.232879
4.564660 1.332042
5.445568 1.700923
6.897684 2.888971
8.339672 4.860831
9.377000 7.065182
9.789878 8.006948
9.630153 8.325519
9.559459 8.587578
9.503613 8.632030
10.068923 8.897086
11.308842 9.833968
16.783339 17.268795
