4.237722 -17.771751
4.932220 -11.062954
5.036955 -8.463266
4.553195 -6.537917
3.661054 -4.858066
1.674405 -3.539987
0.887020 -2.972836
1.195070 -3.161262
1.674044 -3.539354
0.885744 -2.971242
1.193802 -3.159258
1.672576 -3.536342
0.880531 -2.963602
1.188715 -3.149663
1.667029 -3.521827
0.860466 -2.926481
1.169660 -3.102122
1.649645 -3.447112
0.801025 -2.733804
1.126616 -2.861149
1.648055 -3.047226
1.126379 -2.697572
1.786408 -0.867916
1.646104 0.658812
1.188805 0.599665
1.734410 0.818288
1.784828 0.841982
1.300527 0.745587
0.922429 0.613280
1.568167 0.810949
1.687907 0.828466
1.260392 0.737769
0.890192 0.602332
1.546255 0.803833
1.675480 0.824760
1.255429 0.736362
0.886167 0.600714
1.543514 0.802849
1.673922 0.824262
1.254817 0.736178
0.885672 0.600509
1.543177 0.802726
1.673727 0.824195
3.495378 1.183848
5.442667 1.812072
7.835830 2.655520
