-19.759701 16.812500
-12.726418 8.604798
-7.493527 7.871045
-7.644820 7.858701
-7.953903 7.870098
-7.493694 7.870981
-7.645016 7.858627
-7.954191 7.869989
-7.494169 7.870793
-7.645576 7.858408
-7.495528 7.870221
-7.647172 7.857734
-7.499389 7.868352
-7.651664 7.855490
-7.510194 7.861508
-7.663840 7.847700
-7.538681 7.835483
-7.693845 7.821174
-7.606664 7.738809
-7.766311 7.709905
-7.720664 7.463642
-7.871982 7.403883
-7.748956 6.848993
-7.883234 6.748129
-7.817021 6.334062
-7.898833 6.215471
-8.715250 2.332927
-5.043095 -7.198576
-3.617828 -10.125489
-0.935536 -16.092592
