-16.221415 18.244505
-11.834320 9.367855
-7.950878 7.978777
-7.650339 7.939010
-7.906326 7.986320
-7.606953 7.946634
-7.794078 7.987940
-7.799563 7.992881
-7.496545 7.928992
-7.667986 7.934106
-7.950885 7.978279
-7.650331 7.938613
-7.906076 7.984510
-7.606673 7.945190
-7.792627 7.981066
-7.796177 7.982127
-7.489237 7.902402
-7.656839 7.896772
-7.900301 7.801715
-7.923614 7.711579
-7.665694 7.330924
-7.841833 7.270770
-7.863936 6.298269
-7.947750 6.181239
-11.012721 2.288919
-11.808250 -0.409587
-12.565390 -5.255346
-13.292382 -11.876879
