13.666142 4.111783
10.139297 5.468976
6.382144 4.856763
3.557494 4.734372
-2.231114 6.253470
-5.553374 6.995459
-7.216867 7.088788
-6.642647 8.121240
-7.146958 8.878348
-7.230196 8.582976
-7.479151 6.354894
-6.428552 7.042285
-7.413262 6.411502
-7.595519 6.494949
-6.663738 7.768143
-6.779805 10.380103
-9.634136 8.823485
-18.327333 11.240684
-17.277996 8.694006
-15.560742 5.197893
-14.322191 4.766067
-13.897163 8.216840
-12.979074 8.437104
-8.011624 14.639470
-9.804787 9.865308
-10.742329 8.924080
-10.226578 8.864514
-8.205127 10.186205
-7.372003 8.023714
-7.312307 7.072148
-7.563000 6.971263
-7.907398 6.354379
-7.730968 5.612891
-11.640236 11.871804
-12.795272 14.731963
-11.163602 3.167281
-8.728913 3.006923
-7.959330 3.102648
-5.730837 0.742739
-5.905627 -0.096960
-6.573257 1.116401
-4.523458 8.309772
-4.206056 7.020224
-4.130480 7.231331
-6.712164 7.326036
-1.538305 4.446452
-0.859541 1.477931
-2.889094 0.888175
-7.590827 6.266532
-10.083222 11.029714
-12.569828 8.980556
-12.007029 8.662806
-7.832389 5.524765
-5.942153 6.435321
-5.535971 7.115314
-7.082430 6.894930
-7.192186 6.530684
-8.210144 3.157813
-3.878808 0.657862
-2.633739 -0.456296
-2.999644 1.239594
-5.876534 0.911897
-6.604802 -0.296015
-11.953122 3.492051
-13.022797 4.690335
-12.220381 10.527664
-5.057235 7.489929
-7.811082 5.893109
-11.357658 1.157048
-10.753838 3.125509
-9.792039 8.927227
-6.599365 12.718239
-5.575416 9.173490
-8.398310 8.972748
-2.051428 4.601727
-2.313768 6.050547
-1.428685 4.184415
-7.607872 4.877046
-7.992272 3.351148
-8.471829 9.918702
-7.196175 8.500144
-7.914921 10.326898
-7.140998 8.861452
-5.528384 7.412233
-10.909327 2.067167
-13.494454 1.255060
-13.147059 4.240430
-4.918045 7.426638
-7.733712 7.002596
-6.655920 6.824938
-4.131293 8.065938
-5.437654 6.785649
-5.145210 8.230512
-6.169519 7.742703
-2.386522 2.816069
-2.079168 4.807315
-7.697687 5.646524
-7.706662 5.495832
-7.831012 4.232893
-7.768457 4.787321
-7.721783 4.298122
-5.923615 7.134384
-8.841232 3.358244
-3.294691 0.697688
-3.903891 1.253891
-2.164985 0.857379
-1.259689 1.958729
-1.150355 3.500325
-3.897745 7.753025
-2.358310 8.573606
-9.347837 1.424710
-8.629450 2.583039
-10.565819 2.520048
-8.425229 2.739292
-8.479531 2.949019
-7.696482 0.735385
-9.617139 2.438572
-9.665215 0.737692
-9.381121 2.011343
-7.784436 -0.253698
-7.661591 3.991963
-8.507620 1.558093
-10.556874 -1.293499
-7.657776 2.013229
-10.622949 1.550515
-7.626476 2.588212
-7.781793 4.186155
-7.933274 1.102479
-10.357368 2.118195
-12.461220 0.763048
-13.925359 7.220513
-14.497851 7.579914
-8.505762 11.489682
-7.887758 8.435084
-6.138464 7.838089
-7.384666 9.025372
-7.245661 8.995991
-11.830645 8.788535
-7.924000 10.276110
-7.532346 6.089432
-7.775126 7.914187
-1.892900 6.212066
-4.142972 8.866435
-5.604721 8.280206
-5.899838 7.333748
-7.714508 8.113918
-7.422279 7.669458
-4.795987 7.751737
-7.552689 4.595824
-10.383944 10.710938
-11.024575 9.019345
-9.856994 9.160605
-8.463599 1.801659
-5.382574 -0.876903
-3.463559 0.902310
-5.254754 0.503722
-3.336542 1.140299
-1.330355 0.989377
-2.343373 1.285215
-1.307655 2.240450
-2.174211 4.018717
-0.942637 0.696537
-3.436295 0.135857
-2.952230 0.438488
-3.224781 0.342940
-4.133614 -0.168520
-7.770263 0.549541
-9.459120 3.388062
-10.867388 3.375839
-6.862166 7.356094
-6.603697 7.190528
-5.674966 8.394446
-9.128769 3.309468
-7.891164 9.615272
-8.537598 11.943368
-9.101056 9.071397
-4.586926 6.389403
-6.787351 6.799926
-10.433013 2.296559
-8.493109 3.276620
-7.366740 8.537006
-7.703255 6.914508
-7.465439 6.478078
-5.745626 6.999091
-3.118116 7.520298
-1.843765 6.110228
-4.381615 6.974115
-4.588604 7.046369
-6.950764 7.041952
-6.362170 6.564223
-6.487891 6.317989
-5.897425 6.322413
-6.493073 6.327973
-7.642442 8.290639
-8.544003 9.133744
-11.829189 9.040804
-11.728409 9.704331
-11.710134 9.070092
-8.291757 9.715164
-5.105038 6.557475
-5.603363 8.077178
-5.596686 7.234701
-7.616200 9.070642
-7.551651 6.723559
-7.520495 6.132175
-13.274541 4.279006
-11.172256 3.485423
-13.138949 3.394287
-12.206425 2.421304
-6.325262 7.071407
-7.259238 6.982903
-8.133261 9.530095
-9.388903 10.869172
-8.053236 8.751581
-9.281165 9.109989
-12.825434 10.613090
-11.847516 12.568923
-9.800554 9.080806
-13.751123 8.888095
-9.575001 8.644328
-12.633521 8.565392
-8.852154 8.553201
-12.281617 9.500383
-9.245573 9.412769
-8.330196 8.713524
-6.607095 7.804502
-6.698383 7.594641
-5.194810 6.934832
-3.267153 8.661803
-0.884319 5.472694
-1.902609 2.900850
-1.456415 3.529141
-1.271660 4.742869
0.340623 3.905580
-1.087038 3.660237
-3.414692 6.357500
-4.484359 6.650613
-1.015936 2.411000
-7.526647 8.482341
-7.031247 9.015729
-4.956976 6.985537
-7.919392 6.795965
-5.263681 6.373336
-7.741180 6.092366
-7.769810 4.772284
-7.770348 8.925896
-8.575001 9.501357
-8.633651 12.029198
-6.436918 9.231217
-8.076618 10.775307
-6.912828 8.584414
-4.076642 7.329556
-5.414639 6.590827
-9.134120 3.030926
-8.240185 1.234994
-7.733877 3.750987
-7.868014 4.181517
-7.889113 4.917988
-8.759159 2.946564
-8.141117 3.443194
-13.216055 2.398728
-11.611849 2.716753
-9.689211 3.480842
-8.446629 2.948322
-7.879823 5.538307
-7.736145 7.346667
-7.470985 7.390248
-7.726512 3.735310
-7.804257 4.190193
-7.731532 2.554478
-7.683578 1.829268
-7.548677 0.646874
-11.640483 2.418772
-12.001059 3.271171
-10.918852 1.903149
-13.814157 3.526880
-11.357573 2.859453
-11.934200 2.843057
-14.067654 3.227412
-13.100286 5.636722
-17.250969 9.979427
-18.991602 6.380794
