6.165186 -7.657665
4.076922 -5.256426
7.043860 -8.625815
4.933681 -6.920394
9.007338 -7.766711
10.713354 -7.267022
8.069760 -8.719099
5.274021 -8.538392
6.250685 -7.672843
10.277938 -7.833941
9.858665 -9.378190
12.185238 -5.469406
12.106228 -7.568194
8.073605 -9.267076
6.230993 -7.287700
4.125040 -4.005414
7.018613 2.200133
8.401881 2.227518
7.759305 0.301649
9.398276 0.122563
8.048769 -0.181296
7.993169 2.940399
3.660852 1.709080
4.604867 1.712783
4.949356 3.130853
4.823197 1.451781
4.405955 1.490530
4.248585 1.356281
4.583456 2.739656
3.559609 1.654590
1.341083 0.979512
4.116598 1.687091
4.068479 3.614065
4.610096 1.352673
4.245765 1.166222
3.511465 1.586078
7.777571 0.920206
7.463110 -0.436274
7.083989 2.403347
5.920732 2.247710
5.263337 2.410154
8.325327 0.090875
9.814428 0.504925
8.469767 0.939102
8.534856 1.574635
8.023132 -0.788641
9.739629 -0.996810
10.953652 -0.592334
10.216968 -1.043276
7.041890 -0.536400
7.526042 -1.491340
10.177530 2.165686
12.583714 -2.684080
17.003014 0.944468
