-6.768708 -11.502112
-3.424487 -9.457460
-2.143960 -5.398236
-0.520059 4.755884
2.599332 3.201574
6.842216 7.642931
4.573712 7.027716
5.539639 6.165578
3.876334 4.363685
6.409075 3.138257
4.388404 3.403411
2.334495 5.234470
2.786478 4.720322
7.499889 5.217872
8.700295 10.875339
7.190985 8.755299
6.024520 8.191421
6.232101 8.511296
6.767494 11.586629
8.671742 13.587916
6.678250 8.626162
5.246971 8.915444
6.987732 15.362501
4.471071 8.050986
4.660529 6.116093
4.639937 7.477009
4.461298 9.296962
5.011105 7.888553
4.681291 5.569808
1.850098 5.427543
2.085575 4.505063
0.496331 3.718333
2.260982 5.053454
0.525092 4.724943
-2.086406 7.234465
-1.136837 7.476623
4.324987 5.308216
2.806372 5.297288
4.797134 7.811175
6.271548 5.995402
2.557177 4.520728
2.451220 5.129423
4.957788 5.856194
5.369564 6.679830
5.589146 6.120513
4.969767 8.451719
5.648209 8.110982
4.676148 10.366557
4.768892 8.106466
5.921045 6.019029
4.069077 4.659915
4.809325 7.195704
8.581934 3.931829
2.423031 5.678656
1.844405 4.905599
3.251141 4.791920
4.069162 4.509259
6.109911 7.723449
5.733619 6.331165
8.042302 10.032096
5.974584 10.563319
4.519223 10.901525
9.283170 8.914207
6.875664 11.100853
2.210531 11.299487
-2.062971 7.849494
-0.912590 5.247614
-3.921891 10.054294
-1.300047 11.434007
-2.079327 12.244340
-1.346923 12.628577
-2.251714 12.221635
-2.423457 9.783103
-2.210208 12.483266
-1.746221 8.968734
-0.939363 10.472905
-1.142867 10.788834
-0.085529 11.389829
0.158778 11.562352
-1.076449 11.957402
-1.569746 8.530406
-1.357250 11.109790
-1.212866 8.670433
-0.705869 8.089746
2.676541 5.059163
6.053266 5.285454
2.223626 3.387035
5.011436 4.033947
4.423129 6.282930
7.164363 6.216122
6.172439 9.335801
5.452995 12.852027
7.498569 11.016276
6.478668 13.099916
7.581489 12.821254
7.192181 8.024891
5.953194 5.240076
-0.031271 5.175849
1.475748 4.560699
2.931395 4.001528
6.235602 5.156356
7.119490 10.439039
5.155837 9.000046
6.324268 7.716842
7.309298 8.973273
7.294471 11.617996
5.089491 8.500350
4.412562 7.683672
5.079830 7.558853
1.333634 5.451882
1.967683 5.808902
5.607328 7.049140
1.011876 5.753654
-0.641693 5.735929
7.217249 8.911739
7.262525 7.428491
6.907343 7.073644
3.988276 5.901061
1.800801 11.037413
-3.243572 11.658809
-0.522428 11.997952
-3.144467 13.345366
-2.928905 18.387014
2.191312 16.851646
