-19.555580 -2.569501
-16.364403 -4.372064
-7.702438 -0.273141
-7.201405 -7.860829
-6.580362 -7.422836
-6.241783 -10.801925
-5.638543 -6.479045
-6.595301 -3.503743
-8.053665 0.650908
-7.028073 -0.449349
-6.375607 -2.612972
-6.490849 -7.820130
-4.902294 -8.439134
-8.302664 -8.261304
-4.248725 -8.200572
-5.784742 -4.871604
-4.394285 -5.752482
-7.767878 -5.788260
-7.965416 -10.345914
-8.755036 -9.513894
-13.825664 -7.891695
-9.933662 -10.008693
-8.911847 -11.968257
-7.789919 -10.796755
-5.014299 -9.149409
-0.899932 -13.053155
3.508432 -13.318070
