-16.171406 17.754370
-3.289229 16.195662
-1.043157 12.954079
-2.902418 13.661731
-1.128038 8.787660
-1.930751 7.384367
-1.290820 6.959486
-1.668059 10.016092
-2.641052 8.824626
-4.415121 9.366454
-0.437779 11.110608
-0.143035 13.748584
-0.627309 12.728853
-2.320947 9.076955
-3.553994 9.102067
-4.304934 8.845067
-5.698485 9.192300
-1.217613 9.591052
-1.917450 9.426324
-3.598608 10.008640
0.117977 11.426234
-3.701085 7.750716
-1.576015 8.814626
-1.608196 7.120529
-1.938649 9.828584
-0.692638 8.691268
-1.826263 7.692504
-1.056939 5.463681
-0.046468 11.781903
-0.765400 12.967399
1.269140 4.889869
4.719167 5.040647
2.618508 5.223718
2.576356 5.123541
5.860541 5.929182
2.745243 5.511929
2.110329 5.736936
0.462537 5.658896
1.828337 5.598466
-1.728289 7.217329
-2.163300 7.771609
-0.053489 5.156054
-0.583836 5.012160
-1.987692 6.329298
-0.890619 8.090113
-1.388079 7.598739
-1.799554 6.284924
1.837474 5.457659
2.483464 4.470161
0.255577 5.629383
0.473894 4.792168
-1.625156 6.830078
-1.497109 7.107306
-0.375832 4.816539
0.713210 5.493563
0.081253 5.200829
-3.824520 7.034927
-3.509252 9.294330
-1.731496 10.031367
-3.249287 9.357121
-3.735717 7.574558
-1.522262 11.934878
-0.846227 11.175141
2.024559 10.992185
1.323288 11.111455
4.885081 10.644656
5.468737 3.627933
2.403318 5.575208
0.789984 5.244167
0.278011 5.702817
-0.819126 10.058120
-1.108792 9.330344
-0.769988 6.580499
-3.225653 8.208846
-1.481801 5.459812
0.716889 5.736140
2.649733 5.382375
4.114758 5.133311
1.704526 5.659060
0.592554 4.366227
0.900022 4.911008
4.330838 8.126866
6.806602 6.223615
4.961149 10.511783
5.614900 9.247184
5.158046 9.365050
7.310827 8.600253
6.597488 6.092826
3.901858 4.535976
2.957012 5.315011
-0.383826 3.642731
-1.361722 6.609102
-0.720219 8.287722
-1.015071 9.921602
-3.996323 11.832681
-5.282850 12.842862
2.361647 18.299314
3.045752 17.959061
2.381490 17.700327
-1.898047 14.609112
-1.639812 13.312694
-0.767943 13.483642
-2.924487 13.175046
-2.163878 12.112054
-2.138628 13.815988
-2.035358 14.502509
-1.945819 13.909438
-3.203846 7.353573
0.098155 4.748577
-0.668710 4.491160
0.411241 5.158140
2.592978 5.405305
1.147632 5.140782
-1.991816 6.481378
-0.804851 6.867691
-1.441402 5.873551
-1.851838 6.623667
-1.517722 7.211693
0.313579 3.262554
2.487588 5.421597
7.195816 6.609143
5.273275 9.110198
5.403790 9.333421
4.727489 8.301758
5.324167 9.660386
4.329572 9.292212
10.182165 16.906527
7.037874 15.925733
5.711609 15.221805
7.681319 15.226022
4.753820 9.532893
7.153312 5.568920
3.447551 5.156619
1.438242 4.127230
2.627576 4.113427
1.896609 5.910270
-0.434904 4.788512
-1.399562 7.262603
-2.092180 6.141838
-0.691012 7.155812
-1.394320 6.155970
-2.368855 6.509959
-0.896831 6.212879
-1.071678 10.482167
-0.656168 15.012741
-3.192231 10.344892
-2.864369 8.964641
-1.177018 8.036716
-0.741561 8.812525
-3.259544 7.220122
0.513470 4.882497
2.168999 5.439606
2.195071 4.242263
2.598825 3.084921
2.777111 2.884264
5.997433 7.020072
4.532682 10.650748
5.198704 10.972692
6.980100 9.203481
6.470187 9.846816
6.288712 10.300992
5.204592 13.449848
5.453326 8.947268
4.914086 9.742085
6.046004 10.527039
5.405867 6.446368
4.592802 6.795921
5.615712 8.535600
6.046456 9.759763
4.380301 8.174659
4.367914 5.494769
3.584715 5.131329
3.121971 5.625080
3.506492 5.854907
2.168411 4.308144
-1.924164 6.408342
-0.853513 9.042377
-1.290176 7.408745
-2.819608 7.117118
-1.819473 6.377479
-2.359880 7.641122
-1.194919 7.573962
-1.306974 7.429393
-1.019473 6.734523
-2.484922 8.185597
-2.607362 7.335863
-1.097095 8.595671
-1.868884 6.127566
0.266475 5.362128
4.396688 4.392743
4.367576 10.496576
5.631985 10.918620
3.631714 10.999189
-0.875016 5.881238
-2.712512 8.658937
-2.094353 6.774148
-0.137105 11.213527
-2.114843 10.169990
-1.706312 9.790605
-0.859284 7.818141
-2.536064 8.386221
-1.345827 10.439190
-2.221301 8.605848
-2.493365 8.649678
-2.446852 7.732217
-2.862746 6.929211
-2.098713 9.503959
-3.917960 10.266819
-1.424327 7.020731
-0.875447 4.154597
1.309299 4.407497
1.544047 5.030818
3.099870 5.119514
2.710170 3.719012
3.673597 5.760315
2.793653 5.545205
5.999403 6.404357
6.561931 7.677204
6.583050 10.807885
4.862393 10.180634
5.718017 11.478223
5.233748 7.122982
5.825408 9.439376
5.534067 6.853467
7.417620 7.321846
6.720283 7.214190
4.937533 5.940596
1.790039 5.688300
1.943359 3.751270
-0.865025 4.718960
-3.166777 8.372315
-0.610027 13.325889
-3.154891 9.918956
-3.642610 9.547436
-2.616988 9.552931
-2.322106 8.122794
-1.108800 7.220660
-1.296064 4.450292
1.877396 3.318063
3.118533 4.857812
0.501866 3.907512
0.767174 5.663276
1.928103 5.945021
1.320535 5.590562
2.603720 2.907226
2.138791 5.297122
3.397120 5.891660
3.420396 5.945964
2.023165 5.163908
1.490597 2.344491
1.596160 3.165045
1.795804 4.608302
5.663669 6.327662
4.436399 6.811049
5.692269 6.620312
6.829568 7.170135
5.286480 8.225657
6.100662 6.959410
5.218241 6.327978
4.500766 6.824510
4.935557 7.817795
4.957766 6.991114
6.159420 8.850170
4.575184 9.551534
4.658646 9.455869
4.766679 10.642437
7.536439 12.431469
