-0.697394 14.158562
-2.695415 8.875075
-4.595646 8.232278
-6.744590 6.629280
-6.684702 6.326271
-5.424148 7.162189
-6.078248 6.445821
-7.795362 7.030856
-2.244731 6.828247
-2.290916 4.234445
-0.442830 1.997042
-1.837699 1.904026
-0.403359 0.612182
-4.865697 1.250157
-6.057809 -0.474183
-5.130079 0.934006
-4.459159 0.653035
-4.470080 1.190301
-6.378356 0.576253
-5.274977 0.028071
-5.664952 0.238481
-1.705872 1.353405
-1.687698 2.138618
-0.953719 2.725617
-0.932393 5.124666
-2.222326 4.671123
-2.331239 5.089228
-1.673531 3.390203
-1.073553 4.628688
-2.745317 7.372948
-5.600184 7.278872
-2.001994 7.404184
-1.871984 3.576607
-2.326283 2.466711
-2.115354 0.286535
-1.745762 1.380807
-1.169391 2.454641
-1.542309 3.041891
-2.473001 1.816377
-7.873135 4.576291
-7.452490 6.892154
-7.110173 6.650086
-4.371878 6.632846
-4.008542 6.364729
-2.297676 2.318090
-2.075324 4.976812
-1.930150 4.832663
-2.275942 6.774620
-4.281989 7.788903
-5.216403 6.499302
-5.448028 6.476009
-6.868030 6.740810
-3.377587 6.435065
-2.569982 8.703439
-7.648343 4.883202
-7.695524 4.848578
-7.941329 5.009408
-7.486462 5.728521
-6.255203 6.977974
-5.158041 7.343882
-2.282017 5.651662
-1.473595 4.230373
0.881444 5.361999
-0.844594 5.160296
-3.909019 7.515097
-3.803408 6.426082
-3.607153 6.825439
-2.613251 7.516104
-1.904784 3.763924
-1.913970 3.164325
-2.124492 2.852718
-2.008590 3.480976
-0.732635 3.976311
-0.439609 1.577497
-1.812938 3.791136
-1.484585 4.444141
-1.604229 3.869736
-0.417566 5.174770
-0.441241 4.705977
-0.609479 5.316680
-0.923094 7.025526
-0.559523 4.966007
0.277218 2.502906
0.283717 4.872458
-2.309455 2.996866
-0.452248 3.448803
-0.850781 3.370429
-1.412201 3.980560
-2.588521 6.400300
-5.333014 7.152045
-6.884078 6.686627
-6.199681 7.286370
-7.215698 8.412772
-2.507262 6.762729
-3.677587 6.952949
-4.270297 8.306720
-0.855517 4.549428
-1.882012 5.242702
-1.673048 4.518075
-1.182056 2.736002
-0.274441 0.753620
-1.328019 1.192770
-2.989716 0.837361
-3.923423 -1.575235
-3.659037 -0.957187
-2.638212 0.934933
-3.648700 0.544494
-6.913353 -0.313654
-8.616997 0.171761
-9.129097 3.213658
-8.596911 2.680339
-9.312036 3.289088
-10.790624 2.774429
-9.818751 2.486240
-7.629406 1.762877
-8.299877 0.841131
-6.043221 -0.967536
-5.295852 -1.805851
-6.022652 0.497012
-3.415122 0.205736
-3.420054 1.221002
-2.533351 -0.847407
-1.964769 3.476990
-0.482313 3.595289
-0.949528 4.214688
-0.149036 2.571451
-4.016036 0.421922
-6.129233 0.968548
-4.517822 -1.179661
-5.948832 -2.006911
-7.998973 -1.014773
-8.326147 3.176470
-8.597234 1.928413
-10.507875 3.208567
-7.392427 7.660047
-6.289118 7.689744
-4.919044 7.072914
-5.613800 7.287595
-5.699346 7.150791
-6.768447 7.830418
-7.364238 7.806730
-6.436353 9.505285
-7.527758 8.278848
-7.639981 9.992644
-12.254301 10.324178
-11.625841 9.642125
-7.227205 9.548331
-7.682971 3.881921
-7.826567 7.169627
-6.346851 7.097028
-5.281551 9.460700
-7.625489 8.224054
-7.070158 8.532905
-5.775828 8.725163
-6.199449 6.772809
-5.500266 6.650112
-7.451084 7.865276
-7.519156 6.118172
-7.458080 9.974422
-9.837554 9.931685
-7.918834 4.704677
-14.059790 7.339136
-7.746607 6.662132
-6.391326 7.196785
-6.162335 6.404902
-7.729912 6.406459
-6.551904 7.038122
-7.051396 7.812021
-13.152231 10.624262
-9.570397 8.530148
-9.817053 9.273563
-11.586707 8.520965
-11.102116 9.508863
-10.414100 9.428746
-6.678350 9.059594
-7.953759 9.620744
-7.737471 6.049000
-7.150663 7.495688
-6.076120 8.463066
-5.411777 6.508831
-5.172845 6.348120
-4.350636 6.615738
-2.015151 1.983734
-2.418911 3.581206
-4.362477 1.075564
-2.338502 -0.366245
-4.330862 0.942101
-4.742437 -0.308241
-7.556530 5.631001
-7.562201 4.374202
-4.359592 6.324700
-4.729777 7.797354
-7.064889 7.246178
-7.902002 6.774555
-7.097658 7.474522
-6.061506 7.776254
-5.340449 7.279396
-5.065777 9.852817
-10.615001 8.959105
-9.837673 12.518701
-6.696234 8.547780
-4.973151 6.381722
-6.551732 7.045252
-5.659051 6.320504
-7.688808 8.231300
-4.194813 7.563188
-7.287637 7.000707
-6.484512 9.812722
-5.972915 7.115481
-5.385566 8.388749
-4.056383 7.198925
-5.717793 6.493640
-6.165990 7.284590
-4.784090 6.555485
-5.386005 7.048142
-3.192237 6.807604
-2.535512 6.788127
-2.151624 5.269845
-1.566208 5.218599
-3.301607 7.288912
-0.167251 3.717066
-2.457999 2.950080
-2.235332 4.157993
-1.865461 1.156603
-2.428121 1.326993
-2.265711 -1.024387
-3.537291 1.137456
-3.290192 1.028712
-5.559408 1.301003
-9.497279 0.213079
-2.970937 -0.910527
-3.935023 -3.019179
-3.392411 -7.196693
