-13.820058 4.817918
-14.101190 4.706057
-13.929695 8.281516
-15.599238 13.870778
-8.903761 9.087151
-9.130957 8.984433
-9.959871 10.037774
-6.802354 7.684270
-7.673921 7.310938
-4.454709 8.012680
-6.651373 9.547832
-9.226719 9.248221
-8.185287 8.935225
-6.485303 9.554071
-7.829959 5.298523
-8.288010 2.721887
-8.804484 10.046302
-4.039553 7.325742
-14.349638 8.364219
-12.834840 10.207078
-9.658953 9.790111
-13.390355 10.492233
-12.259481 9.664091
-12.801419 10.177869
-11.423569 11.716509
-8.384108 8.650821
-7.563646 4.689689
-7.272045 7.526929
-5.887547 7.197949
-6.217097 6.945409
-7.944108 4.152718
-6.882622 6.613316
-7.559670 3.967135
-7.610521 2.884295
-7.525051 5.814718
-2.296969 4.008722
-2.451359 2.929346
-1.189631 2.606977
-0.440580 2.320608
-1.964142 2.715604
-2.398739 2.060625
0.253001 3.542497
-0.474201 3.117004
-0.878402 1.779748
-2.215318 2.123681
-7.685849 6.509715
-7.534938 4.160847
-3.807179 1.272350
-2.449794 1.010606
-2.005853 4.001785
-7.740218 3.404404
-9.153915 0.898088
-7.738119 2.107876
-8.313927 1.968402
-9.067335 3.342554
-1.090519 3.024437
-2.155357 4.386858
-0.578609 3.261796
-1.166020 4.931060
-1.855343 6.978568
-4.161722 8.005556
-4.934292 8.164029
-6.035014 7.745208
-4.590139 6.370495
-0.561499 5.471927
-2.328244 4.810650
-2.399423 4.660957
-1.934977 3.265682
-1.002396 5.489222
0.961117 5.172352
-1.079386 3.735568
-2.280758 5.143354
-5.792250 7.758559
-5.867618 8.213750
-3.797275 7.278553
-4.540593 6.888693
-4.824131 6.476496
-4.307309 7.921191
-2.328512 6.402543
-5.075685 6.389784
-6.145038 6.716405
-6.158243 7.981852
-6.507903 6.342277
-4.941118 6.332749
-5.969271 7.318684
-7.578732 6.230481
-15.563086 2.609306
-7.608429 2.511575
-9.568921 1.819654
-9.254440 3.140953
-9.656443 3.203333
-8.704805 1.590388
-9.779943 2.924143
-7.784973 4.742226
-7.692812 3.447064
-13.156807 -0.674439
-11.134512 2.073926
-10.279619 3.414272
-3.857927 7.677513
-1.291980 7.956905
-3.454176 6.395775
-5.557341 8.306727
-6.369005 7.488469
-5.621571 7.820706
-8.880384 9.309024
-5.380524 7.741435
-6.895146 8.090837
-5.823638 6.943123
-7.685371 6.615944
-7.508667 6.369227
-6.154381 7.541271
-6.308417 8.532542
-4.347962 7.821936
-1.160936 7.451369
-2.307747 6.982633
-0.982073 5.007186
-0.902558 5.853166
-2.031065 3.769341
-2.083473 1.846383
-0.691350 0.022312
-3.120925 0.488130
-3.299984 0.439541
-6.792227 0.365630
-7.865433 2.992166
-4.882717 -0.372055
-1.933333 -0.371180
-1.808431 2.031356
-2.388900 0.717118
-4.470859 0.938594
-4.835228 0.289229
-4.951607 0.597387
-7.604496 3.237947
-7.894105 3.597614
-7.641692 4.844552
-7.616727 3.062477
-7.566063 5.612427
-1.419316 4.473273
-3.198075 7.576421
-5.732031 7.445215
-5.897311 6.327447
-7.181566 8.163043
-7.733836 6.179656
-6.353083 6.709403
-5.916190 8.548824
-5.962824 6.743535
-5.442977 7.396310
-3.394863 6.438614
-2.241719 6.356402
-5.377589 9.594198
-6.566227 8.478272
-6.931325 6.556174
-7.490365 7.290136
-7.907326 4.083030
-7.944031 6.310198
-7.263864 7.075983
-6.193696 8.319074
-6.903195 7.514577
-3.875930 6.513677
-6.984159 7.850509
-5.462932 6.833160
-7.115983 7.251766
-7.552982 6.278084
-8.116094 2.171339
-7.994488 2.819079
-13.172321 2.848794
-9.269753 1.739014
-11.183645 3.300002
-7.679282 3.469541
-9.213975 -0.059396
-13.436971 3.486759
-11.604311 3.447382
-10.136995 2.916599
-8.713707 2.522919
-8.221560 2.217126
-7.841864 5.544051
-7.702009 5.714116
-7.793441 4.962990
-6.177499 8.617171
-5.003492 8.334248
-6.125227 8.199999
-6.364107 7.285066
-4.256905 6.909997
-4.689307 7.708773
-5.446059 6.594976
-6.017370 7.445309
-4.306514 8.623884
-5.336249 0.739081
-3.006015 1.203017
-5.265864 0.576798
-4.872729 0.624451
-2.775613 -0.682566
-1.855709 2.582288
-2.324948 1.875287
-3.301779 -0.269409
-3.494388 -0.067577
-3.665368 0.388749
-3.695827 0.975711
-8.030455 2.026576
-9.457987 2.778284
-8.460564 2.484118
-9.275455 3.371039
-7.669694 7.696135
-8.012972 2.749044
-6.288348 6.388504
-5.386743 7.862127
-7.980208 2.671478
-2.157547 4.322123
-4.730770 6.590244
-6.639503 6.491558
-10.804022 8.904004
-9.501940 2.481580
-10.908096 2.325292
-7.919321 6.799486
-7.771732 5.596635
-6.903419 8.173464
-5.702417 10.780364
-4.747315 6.729322
-9.366837 9.774198
-6.692633 10.948275
-9.472637 3.268510
-9.632505 3.236565
-9.002426 -0.056077
-7.305285 1.211190
-4.555562 0.972760
-4.293938 7.415366
-5.344885 6.504304
-6.679642 8.322480
-9.612808 9.441008
-8.709175 8.774375
-7.493057 5.453291
-13.437368 8.089890
-15.040574 10.996680
-12.805527 9.206017
-9.301068 2.968921
-7.943011 4.347635
-7.501902 4.644051
-7.805293 4.113483
-3.373898 -1.036370
-1.307801 2.187262
-1.778923 4.911536
-1.570350 4.198353
-1.449518 2.205590
-1.629434 1.450284
-4.107687 0.562252
-1.844469 5.341158
-7.159682 7.797661
-4.304727 7.356752
-2.596852 7.015262
-6.996459 7.275506
-6.606865 7.290198
-7.477669 8.398919
-7.868413 7.934144
-7.255414 7.357336
-7.462857 6.543050
-7.705261 5.283217
-7.952097 8.891154
-9.116550 8.998939
-8.367842 8.666464
-6.029766 9.037398
-4.868872 7.227454
-6.910285 7.290544
-6.412323 8.657289
-7.387489 8.033851
-7.663869 5.769738
-11.453345 3.229656
-7.864606 4.080446
-5.088084 6.467338
-4.836173 7.383922
-15.018866 7.506703
-15.877626 7.020892
-19.076294 6.653838
-13.351686 8.141763
-15.626877 10.297050
-13.703407 9.280101
-10.232286 9.902808
-8.792313 9.784651
-5.859542 7.660068
-7.237284 7.339562
-6.608422 7.824749
-3.378053 6.520124
-6.531085 7.321958
-6.639425 7.139212
-7.732366 5.870747
-9.697491 2.906579
-11.513445 1.253906
-10.199780 2.798729
-10.964046 2.101871
-10.379315 2.063138
-7.807913 1.686786
-7.490064 4.461799
-7.736097 9.416703
-10.209965 10.254985
-10.698904 8.628665
-13.149927 9.795243
-7.224956 9.343751
-7.873500 7.054116
-7.971873 1.967116
-8.780113 2.782710
-8.224530 2.940191
-10.299671 3.395141
-7.842763 4.081722
-7.878864 5.655094
-7.424360 7.617981
-6.611938 7.508439
-5.688900 7.701334
-3.406889 9.167221
-4.619723 6.870756
-4.456895 8.326340
-1.608805 5.857568
-0.960397 4.266949
-1.418158 4.679537
-2.353825 5.598065
-1.061375 5.245946
-0.476272 3.266099
-2.373990 3.983057
-2.213994 5.678033
-1.430570 4.613055
-2.121273 3.230837
-0.811520 3.011120
-1.704575 2.458774
-1.840248 2.280608
-0.807492 4.063069
-1.730991 6.870573
-3.282995 7.205028
-2.313183 7.023402
-2.159152 3.564476
-1.739393 3.441493
-1.688578 0.938019
-1.717133 2.026860
-1.654298 5.207800
-1.492038 4.785863
-1.461208 4.195664
-0.848806 3.418058
0.268050 5.908092
-1.296025 8.144143
-1.868601 6.717425
-3.790398 7.920809
-3.283612 6.435269
-5.547884 8.197684
-4.132217 7.183033
-5.482588 6.884253
-5.069858 6.976779
-6.488154 6.653337
-8.245329 8.968191
-7.276744 6.723265
-7.527816 4.990915
-8.298407 8.917830
-8.339439 10.842050
-8.666998 9.150592
-5.320931 6.487328
-6.580019 6.513906
-6.724321 6.723396
-1.881778 3.385222
-1.787658 2.054560
-2.479298 3.760602
-2.114864 5.318103
-0.879160 3.772798
-2.036490 5.584208
-1.362833 5.665130
-0.894359 2.534171
-1.054607 4.921198
-2.134773 4.211341
-2.330063 1.840837
-1.386228 4.619212
-3.191528 6.349863
-5.156738 6.325253
-2.801966 8.182911
-7.363519 7.174554
-6.642885 7.397382
-6.192939 7.270609
-7.493615 7.860718
-8.588792 10.512056
-12.182796 10.279232
-7.651040 10.246112
-9.781787 10.728336
-5.856369 6.889603
-7.948557 8.410905
-12.330671 9.548309
-15.040788 6.590830
-13.300190 5.834066
-13.066297 7.782722
-14.075206 5.676332
-15.554183 4.916667
-14.580515 6.154030
-15.018841 4.935659
-10.908636 1.533369
-11.634130 3.332890
-10.751341 1.738286
-7.781052 4.409727
-7.600098 1.922228
-9.105873 2.070553
-7.921998 7.101438
-7.654130 7.548448
-10.312971 3.252317
-9.807889 2.987875
-11.678144 2.529270
-12.021367 1.514500
-11.638901 3.141599
-10.800111 2.990359
-13.518932 3.091214
-16.929575 11.247750
-11.846619 9.632079
-9.385196 9.595246
-9.471814 9.359886
-15.065640 9.162547
-13.247833 7.825954
-13.503803 6.901516
-12.130358 1.181920
-9.412162 2.666096
-8.982061 2.686972
-7.545612 5.821021
-7.679007 7.463911
-9.284272 9.453574
-10.009495 8.710104
-13.368971 7.733794
-7.727415 3.535040
-7.673092 6.469181
-7.905118 5.556623
-7.902365 4.410638
-9.705211 2.156038
-10.858829 3.128683
-7.612000 3.221882
-10.274981 1.793064
-13.156001 3.309978
-12.423875 -1.570273
-7.502483 3.286617
-7.572027 4.057620
-7.565845 5.642846
-7.563442 5.195684
-1.683137 5.919592
-3.116729 7.681379
-5.716475 7.663326
-5.307370 6.853166
-7.125783 8.295332
-8.460083 9.465869
-5.412913 7.174196
-7.839823 9.073163
-6.729557 7.524272
-6.187367 8.478012
-11.667950 8.696115
-5.751449 8.768733
-7.766722 7.427519
-7.499909 6.044560
-7.618342 5.526505
-7.930591 4.156716
-7.904564 6.103459
-7.897573 5.375751
-7.299466 7.413814
-2.310806 6.562215
-3.431281 6.973319
-5.577389 8.090357
-9.341463 9.617846
-9.473724 9.012895
-9.946058 10.983828
-14.158939 8.819982
-10.543709 9.159740
-10.089184 9.292410
-10.208158 9.528440
-10.002172 9.324076
-11.877926 9.121220
-14.753843 6.243368
-14.918548 6.733234
-14.016551 5.800544
-10.883242 2.932020
-9.618649 3.025602
-8.767029 1.990208
-6.335040 6.715651
-5.978349 6.825653
-11.377991 8.775484
-9.429192 9.755748
-9.783145 9.065241
-7.922979 6.426261
-10.732315 3.427125
-11.256624 -0.221786
-9.760525 2.989832
-8.287443 -1.341399
-7.809333 -1.054070
-8.286955 1.994498
-8.999974 1.216459
-7.693626 3.210729
-7.729943 7.584061
-7.492804 6.469567
-5.093284 6.775629
-6.401983 6.831842
-7.401507 6.519569
-6.334493 7.496678
-4.415797 10.721185
-8.007971 11.792779
-10.899325 1.892357
-14.595812 3.601272
-8.115429 2.243297
-10.017661 3.444449
-11.026375 2.926967
-11.433353 1.949205
-11.402052 3.078718
-12.017755 2.025143
-11.086755 1.649063
-10.994884 9.702976
-10.519935 11.637387
-6.901263 9.280527
-6.613497 7.319338
-6.428610 6.744617
-6.196896 7.166926
-9.705704 -1.083235
-8.344928 2.627039
-7.839596 4.083617
-7.807775 5.684311
-7.520641 5.033331
-8.474549 2.324596
-8.709984 0.833954
-9.190711 1.535011
-9.729111 1.960713
-12.713748 2.545007
-7.774478 3.127507
-10.529660 1.956896
-15.719154 4.729067
-13.270098 7.447822
-15.318835 11.152225
-13.944750 8.919943
-10.617876 9.423324
-7.659620 8.898367
-5.131696 7.254368
-5.636392 8.261010
-6.983404 8.348755
-6.978756 7.472202
-5.341016 6.668174
-7.876274 6.702477
-5.433240 6.892569
-6.524116 8.863110
-10.949230 8.656383
-9.378023 1.436470
-8.167749 0.480400
-6.921635 1.132562
-9.031756 3.480201
-8.884699 3.364686
-10.306526 1.459354
-7.005276 0.981501
-2.751061 -0.217076
-1.313629 1.037420
-3.235495 1.255795
-4.086091 0.057850
-6.462303 -0.626987
-8.671373 2.867051
-8.420824 1.854526
-10.778425 3.309686
-10.549835 3.339139
-9.669415 2.734746
-11.923861 1.891449
-10.901624 -0.714674
-7.814305 0.156016
-5.806327 0.439848
-8.596982 -2.394146
-8.978584 2.115144
-9.302002 1.367254
-8.388532 3.124970
-7.810613 1.237031
-9.710574 1.427528
-8.931924 2.500250
-7.676261 0.571959
-7.916377 3.573310
-7.862032 5.742669
-6.931473 8.355832
-6.981032 6.397539
-6.781182 6.734072
-5.222058 7.386165
-5.677055 6.325180
-7.268971 7.164124
-7.666623 7.029791
-7.688873 5.116582
-7.545026 3.664362
-7.817473 4.081760
-7.815229 5.271458
-7.571849 5.536968
-7.590752 6.145357
-6.666897 9.882052
-8.658956 10.206079
-11.436227 9.466842
-8.895589 9.239053
-6.546383 8.944549
-7.705569 7.795794
-6.263340 7.760149
-7.022455 8.174119
-5.779160 8.591125
-7.455924 8.992845
-7.609346 3.537902
-9.146418 2.619469
-9.846054 2.206402
-8.887937 2.630613
-12.292019 0.896504
-13.455664 2.902519
-14.524179 1.208326
-13.534627 5.312987
-14.228621 4.256267
-9.876682 0.719095
-8.621610 3.454282
-7.840222 3.486225
-7.924882 4.182978
-10.060824 2.761496
-8.188212 2.234452
-8.676697 1.381764
-10.020500 0.940731
-8.200939 3.104865
-11.415958 0.364624
-10.500851 1.478450
-11.733871 3.102152
-7.416426 7.734444
-5.475749 6.989447
-7.134932 6.684036
-6.113742 8.279685
-11.263259 8.641761
-15.156504 9.082494
-12.927883 1.831828
-8.569977 2.748962
-7.776539 7.474624
-7.327369 7.871159
-5.904108 7.198450
-6.097516 9.650274
-9.154434 8.673902
-8.317893 9.781168
-8.903572 9.405063
-12.237049 10.632706
-7.911003 7.453007
-7.931486 7.218718
-6.228815 7.323885
-7.523975 7.597384
-5.508351 8.352953
-5.397771 7.109957
-4.888026 8.681411
-4.187347 7.147415
-2.135244 2.407835
-1.806718 2.416795
-2.312369 3.206462
-10.573261 2.608997
-8.114950 1.315814
-11.145550 3.332196
-10.910376 0.428473
-8.790457 1.124963
-11.471879 -2.405712
-13.229633 4.140385
-13.625808 4.135160
-4.047456 0.728164
-4.542639 1.286836
-5.002945 0.893479
-8.047718 3.205764
-8.952273 2.404504
-9.609071 3.342332
-9.660252 1.663640
-9.128079 2.857483
-9.721189 3.197239
-18.601982 2.673824
-14.322021 1.691332
-11.148916 -0.140102
-8.065939 1.669140
-13.074228 3.310865
-13.200665 2.156626
-9.885535 3.210300
-7.925152 6.137323
-7.927135 5.959785
-7.733205 6.879002
-2.736907 6.365238
-3.877401 6.466932
-1.872814 3.191368
-2.421608 5.325134
-1.542566 5.131860
-2.251837 6.296576
-3.668422 7.390635
-4.380371 7.205850
-4.724828 6.964116
-7.237298 6.577091
-6.839995 7.711000
-9.365895 9.246593
-7.873905 11.457820
-7.455415 7.203027
-9.197733 3.393952
-10.050272 2.806074
-13.613521 0.537661
-9.253401 3.472141
-9.383237 2.704713
-12.283216 2.078171
-12.134169 -2.233264
-9.114880 0.140484
-11.441525 3.259247
-11.844206 2.985709
-9.799439 8.716362
-11.189545 12.409149
-7.109664 8.826459
-8.691385 10.150256
-7.335675 8.453982
-5.661065 8.050590
-3.651636 7.310708
-3.703576 6.323003
-4.790759 7.559383
-7.599483 4.302631
-7.505091 4.965970
-6.519016 6.433667
-7.685621 7.734870
-6.355916 6.486947
-6.954640 11.449122
-9.423687 9.055838
-7.713634 9.152310
-5.104107 8.905964
-6.543178 6.898339
-6.813134 8.713836
-9.940050 8.874493
-14.421255 9.585540
-12.972990 8.257086
-8.689761 9.707646
-13.221046 12.491338
-9.388819 8.863212
-10.452125 10.064291
-8.969823 9.677494
-7.573173 10.320742
-7.191314 7.585966
-6.881065 9.260136
-8.106430 8.535280
-7.773727 8.314687
-5.273314 6.556647
-5.363679 7.507419
-7.201556 6.524942
-6.914894 6.730262
-7.346491 7.237813
-7.850139 4.871986
-7.914446 5.691486
-9.345139 9.185224
-9.005211 9.243024
-6.551296 8.050599
-7.811583 6.350745
-5.967724 7.907190
-9.848316 9.353192
-8.422281 9.670856
-6.110241 7.031869
-6.972689 8.574264
-7.820116 5.640232
-7.555028 5.792436
-7.670077 6.418896
-5.529917 7.765323
-5.927154 7.353976
-5.657884 7.968409
-9.234421 9.208650
-4.435730 7.135889
-6.829343 7.488849
-6.901249 7.900581
-5.167498 9.081833
-5.940332 7.911076
2.149103 4.599008
4.767358 5.895115
3.611453 5.282559
0.832397 3.646457
-2.916046 6.734690
-4.228900 7.778422
-2.916003 7.360755
-1.479906 5.951613
-2.041566 4.933679
-1.571911 8.044990
-7.429852 6.865168
-7.280875 6.879490
-6.897013 8.500968
-7.802768 5.400880
-7.863078 4.890972
-7.500578 5.411808
-7.861272 2.672541
-7.753573 6.476527
-7.720067 5.321897
-8.470171 12.772178
-8.024935 12.196023
-8.302713 8.926761
-5.211348 7.159349
-7.035896 6.430026
-7.247180 6.662345
-7.576684 6.666206
-6.984480 7.513402
-7.333260 7.482679
-7.444480 6.996078
-6.836874 7.148517
-2.769156 7.774911
-3.073697 6.857931
-2.881399 8.019908
-4.807364 7.070993
-4.484921 6.937613
-7.679081 6.695775
-5.906793 6.975341
-7.380118 7.360561
-8.659829 3.415849
-12.133162 0.291672
-13.320086 4.232759
-12.722046 1.907724
-10.110544 2.111215
-9.090487 2.230587
-2.390748 3.165182
-0.268265 4.296907
-1.911898 2.655704
-2.437965 3.888795
-7.944817 6.351670
-7.748329 5.527791
-7.775729 5.819086
-5.848364 7.237971
-4.222860 6.712274
-5.895032 7.658964
-7.895750 4.474033
-7.820270 6.389497
-7.521449 6.217628
-7.605189 4.719991
-10.259035 9.387886
-17.293266 10.919263
-14.088776 6.031466
-14.537852 3.469565
-12.342596 2.956475
-9.550611 2.465307
-11.104306 2.144225
-10.334587 1.929628
-7.737302 1.025926
-7.799815 2.000173
-9.066395 2.238590
-11.075610 -0.166618
-13.433645 4.282691
-7.486863 4.506248
-7.532625 5.314996
-9.056568 3.453780
-14.796928 2.467734
-13.096777 1.694278
-11.527191 2.811402
-9.418605 2.601411
-9.139872 1.220005
-6.173052 8.385388
-6.066832 8.438396
-10.035742 9.292974
-9.867698 9.173054
-9.777954 8.679436
-7.611868 3.819720
-7.945854 3.235905
-10.561222 1.574413
-6.447127 10.562068
-7.300854 6.951765
-6.442771 6.582237
-6.025970 10.056310
-9.568443 9.504444
-6.178806 8.162507
-7.581816 7.300618
-7.848066 6.523950
-7.552710 5.535738
-0.389042 4.618561
-1.152691 5.986961
0.956247 3.422646
-0.064633 2.976511
-1.652746 5.089694
-0.858438 4.344287
-2.431644 6.140257
-2.980891 6.415071
-1.031634 7.257624
-1.137643 5.746889
0.422309 5.273242
-0.852892 3.341781
-1.269575 3.918399
-1.805983 3.366287
-0.750157 3.843601
-0.246076 3.919041
-0.446150 2.855148
-2.276741 6.082643
-1.654482 6.582324
-4.696181 7.413488
-5.275974 7.787296
-7.476902 7.437042
-5.953207 7.123145
-2.813158 6.355368
-3.268557 6.528131
-6.024500 7.414363
-6.131608 8.727578
-6.352702 6.730241
-6.322845 6.679339
-5.856938 6.533775
-7.588341 8.168447
-7.665468 5.069637
-7.688656 -1.873311
-11.492698 0.801916
-4.568432 -0.282046
-3.913780 -0.273553
-2.166155 -0.215416
-2.376062 1.706940
-1.591490 3.191138
-1.128633 2.297460
-1.999689 3.566742
-2.325372 5.507434
-2.252947 2.678480
-0.342668 -0.009683
-1.978620 5.451056
-4.618956 7.792888
-4.004336 8.184457
-4.038511 7.237446
-4.875608 6.437944
-6.836984 7.119447
-6.521469 6.804926
-7.636033 3.705705
-13.605440 -3.447031
-14.456401 6.234233
-17.322365 6.439580
-14.607150 9.089319
-8.157970 10.236893
-11.810379 9.761626
-8.698381 9.158381
-9.552956 8.516040
-11.613511 9.003624
-8.073680 9.627439
-5.028828 6.621764
-5.582861 7.623851
-7.369751 6.978619
-6.761235 6.933783
-5.162289 6.351371
-4.820823 6.660051
-3.849052 7.667879
-6.567493 6.624742
-7.345234 7.277511
-3.682317 6.918351
-1.405299 7.113051
-2.213939 6.768711
-1.903357 4.298705
-2.071895 5.497088
-2.131538 5.878893
-1.948324 4.503415
-0.841477 5.001451
-1.731286 4.226750
-0.469117 3.158978
0.240050 1.947738
-0.756596 0.376674
-1.380592 0.987162
-1.062364 2.743804
-1.393665 1.881492
-2.441101 3.639559
-2.337347 2.179807
-1.550038 2.239898
-3.906855 7.860691
-5.333043 6.314707
-3.676974 7.859956
-1.885270 5.831028
-1.556041 4.921365
-0.036056 5.147280
-2.375806 4.539100
-5.734213 6.403986
-2.082983 7.711826
-3.033027 7.652131
-3.289593 7.270966
-5.207651 6.421504
-3.653471 6.545703
-2.155757 3.460678
0.241717 5.319812
-5.448454 6.554107
-7.691394 5.513232
-7.003197 6.380645
-7.345618 6.423672
-5.683781 6.684742
-3.708165 8.103938
-4.868907 7.828851
-3.991783 6.443285
-2.227927 4.905285
-1.757793 3.610863
-1.855040 0.465797
-5.004259 0.091239
-4.573300 -0.067788
-8.715212 1.172404
-10.149096 2.793470
-9.468048 2.862770
-11.721285 2.725726
-9.927547 3.240029
-11.224432 2.174912
-13.958494 2.329165
-7.726375 5.616991
-6.597459 7.015514
-8.574993 1.110469
-9.655559 0.666934
-6.781292 6.763510
-6.111472 6.905321
-5.090394 7.264148
-4.165565 7.169604
-6.962987 7.868928
-5.486677 6.433159
-7.623065 4.683882
-7.613556 5.963261
-7.586428 6.921200
-7.375067 7.379660
-7.502897 6.425543
-7.591034 5.940649
-7.304807 7.053535
-5.915496 7.316568
-7.228433 6.394696
-4.601554 7.050457
-4.577181 6.490617
-5.211143 6.684463
-3.795727 6.319442
-2.401772 7.355335
-1.819491 4.271606
0.453810 3.969186
-0.481207 5.070352
-0.439792 4.950213
-1.184518 4.287683
-1.566727 3.924567
-1.495748 3.583251
-2.573507 6.970060
-2.195773 6.914655
-2.408128 4.115420
-2.240559 3.593489
-0.983040 5.605955
-1.406915 6.528080
-1.220666 3.520944
-1.821102 4.191144
-4.055155 7.281750
-3.790519 6.433500
-3.437245 6.361814
-4.516639 6.993014
-5.551145 6.800001
-6.525546 6.848011
-7.298754 7.238170
-4.548263 7.621053
-5.296438 7.777827
-2.539054 7.806347
-2.453991 3.244668
-1.014002 4.121857
-0.661825 2.587728
-2.202992 3.714127
-1.049036 0.899332
-0.716406 4.051780
-0.959044 2.020124
-1.129895 3.766210
-2.210390 3.581577
-2.332762 4.358929
-2.257728 3.902974
-0.751319 1.157364
-1.905404 0.948094
-2.446351 1.343942
-2.457356 3.143589
-10.204314 10.184308
-10.239299 9.322629
-7.511571 4.661279
-5.870088 6.854351
-6.907470 6.952796
-7.303950 6.587211
-8.476343 11.006182
-7.146714 8.614622
-7.922438 4.922987
-7.923891 4.346213
-4.528744 -0.130751
-6.989680 0.760384
-6.103649 6.889794
-6.713817 6.939558
-6.394054 7.977361
-5.646870 7.732692
-6.255313 7.448179
-7.619411 5.246789
-8.566981 8.979432
-8.622537 9.190829
-10.048643 8.612103
-12.782985 9.535538
-9.839857 9.792390
-10.807042 2.818397
-7.882724 0.938220
-8.773649 2.724823
-9.694573 1.962381
-9.555319 1.070904
-7.491976 5.136264
-7.532659 5.840631
-6.642724 6.574221
-8.676753 10.437675
-12.577932 8.518811
-12.106094 10.335092
-10.085386 9.554406
-13.356934 5.393368
-14.620115 4.800384
-14.174391 4.850812
-11.379416 -1.067540
-9.904127 3.028752
-8.076155 1.822579
-8.242826 3.016428
-8.582771 3.479856
-8.450113 1.657874
-8.807374 2.396154
-8.443282 2.843008
-9.121926 0.077673
-5.888004 1.116456
-6.046546 0.922742
-8.173919 -1.128207
-6.600918 0.525663
-5.692367 -2.210897
-7.125807 0.018190
-8.750538 2.516678
-7.725251 1.843588
-0.677934 1.451240
-1.473646 0.836019
-0.999183 1.843735
-1.780710 2.298554
-4.946832 6.478106
-5.032570 7.138411
-6.456773 6.823036
-7.144456 7.896326
-5.745124 -0.679820
-7.372266 0.416555
-4.831462 -1.591293
-7.626531 2.956213
-7.697558 2.829038
-8.160345 2.057569
-8.044609 2.347378
-8.918015 -0.034109
-6.018311 -0.158831
-5.669115 0.487084
-4.767370 0.038330
-6.596457 0.732891
-8.237605 1.187604
-7.668735 5.042380
-7.670571 2.649638
-7.852058 7.534038
-7.072897 7.651877
-6.410359 7.399975
-5.506960 7.583651
-6.084344 8.379066
-5.347543 6.593677
-6.447686 7.877181
-4.734584 6.390169
-4.044326 6.630387
-5.777544 7.894834
-8.649441 9.537171
-5.489456 6.537500
-4.895628 7.101346
-4.792381 8.210963
-7.742838 7.056767
-5.846334 7.757708
-4.213625 6.723583
-6.441989 7.420421
-6.961827 7.294562
-7.648340 6.070219
-7.311111 7.071347
-6.848816 6.401650
-6.227124 7.498075
-4.838542 6.526491
-6.394187 6.758831
-4.954818 6.618648
-6.887243 7.099672
-7.588117 6.072090
-7.973879 3.313157
-8.915002 3.342786
-4.655110 6.468023
-6.975652 7.715170
-10.190917 9.657478
-8.495680 8.870702
-7.700414 8.571664
-10.152992 9.297082
-7.859325 8.992175
-10.833631 3.093513
-8.407841 3.487846
-7.748403 8.567298
-4.665900 6.316168
-4.852462 6.831888
-4.828549 7.902871
-6.021621 10.064027
-6.731451 7.684148
-6.614853 6.824207
-7.687987 8.218083
-7.363773 1.057729
-10.868963 -0.303846
-6.394007 0.378965
-7.038694 -1.071170
-10.878372 0.717153
-9.908309 2.228920
-9.798947 2.570361
-7.873104 3.760587
-5.234740 7.383164
-5.628685 6.426229
-8.470416 9.977244
-9.094240 9.407884
-7.379544 8.233863
-7.673179 4.617270
-7.484974 5.674452
-2.892807 6.614493
-2.476421 -0.325673
-2.819124 -0.712569
-4.470850 -0.343992
-3.664430 -0.165365
-1.439552 4.676105
-2.214549 2.046236
-1.487265 1.986658
-2.465937 1.045053
-1.083904 2.912710
-1.020051 1.690034
-6.752549 -0.055895
-6.986978 -0.227467
-10.263393 1.681090
-7.602482 3.036468
-7.677608 4.201425
-7.731346 5.503174
-7.215147 7.514033
-7.023516 6.458289
-3.818733 6.603964
-4.714867 6.763577
-4.444970 6.331079
-6.925300 6.324399
-6.164999 7.788941
-6.278708 7.175152
-7.708201 6.676541
-7.862048 3.946706
-7.684105 9.642180
-5.702761 9.637715
-4.859859 7.297127
-7.900577 6.441920
-5.925694 7.660707
-6.595275 7.157536
-6.632044 8.430234
-8.442179 9.124618
-5.217727 6.647082
-6.185996 8.635239
-5.864829 7.541814
-5.890893 6.751153
-13.028851 4.545421
-13.233049 6.984595
-13.273899 9.916131
-12.632239 11.290133
-11.669685 9.289142
-9.796722 9.128132
-8.273770 10.122405
-8.562315 8.500841
-13.069572 8.729791
-7.631502 4.546076
-7.986048 1.451426
-8.175381 9.066675
-10.179061 2.262949
-7.830184 7.665984
-8.029907 9.280219
-8.869477 10.143152
-5.984989 6.978328
-5.688447 6.712262
-9.743193 10.442695
-8.792997 9.697917
-10.965621 9.433036
-7.981518 12.562077
-7.595151 7.673341
-7.576646 4.946563
-7.791165 9.059344
-7.181968 7.567952
-6.933993 7.864984
-5.980493 6.473249
-5.645675 8.544985
-7.135636 7.121342
-6.191916 7.906837
-6.713402 6.703981
-3.957545 6.762149
-1.314454 6.012187
-0.270968 2.787972
-2.049896 3.289907
-1.324915 5.406829
-1.615797 3.663589
-1.502370 5.366150
-0.786419 3.055391
-1.697407 2.934773
-2.452899 2.809023
-1.578575 2.079741
-1.463983 3.843829
-1.086049 5.254776
-3.752750 8.078645
-4.776940 7.172091
-5.567508 6.537953
-7.741520 6.399883
-6.182885 6.975314
-8.733212 9.846261
-11.020163 8.641414
-10.970664 9.752049
-9.791754 9.283871
-7.888670 9.076482
-6.824005 6.402685
-5.703353 6.665290
-1.340124 6.779828
-2.144087 5.530079
-8.722008 3.377395
-7.982714 3.171724
-5.985472 6.483875
-7.359423 7.588198
-6.004181 0.371975
-11.306078 8.845359
-7.353043 8.481683
-7.132506 8.163548
-13.731138 7.824930
-11.717079 9.517177
-14.852159 3.003972
-14.395049 4.755589
-9.704275 9.517224
-6.073238 7.438710
-13.249973 7.948415
-13.738224 7.398481
-13.103945 4.984031
-9.689691 8.829005
-6.337106 7.413555
-4.764870 7.198516
-7.600262 7.183473
-6.113760 6.935758
-7.905050 5.509847
-7.829566 6.334590
-7.571795 5.900490
-7.824590 5.170195
-7.622821 4.842347
-9.832680 2.419783
-9.125067 3.471411
-8.969383 -0.144825
-10.834230 3.450311
-9.273059 3.072475
-8.143770 1.368354
-5.932751 1.094676
-7.694374 0.471077
-9.228333 1.753140
-8.881144 0.581344
-9.114893 0.960417
-11.878400 2.986510
-8.023631 2.713785
-9.950010 3.478119
-9.516332 3.485880
-9.928988 3.483733
-9.050959 8.551122
-13.158953 9.069947
-7.706464 5.959988
-7.772934 5.927936
-7.922068 6.748302
-5.971212 7.430264
-4.390587 8.240052
-6.475742 8.791244
-7.454086 7.473250
-5.825950 8.607755
-6.089841 7.569417
-6.359927 7.482893
-9.056437 9.750434
-8.793863 10.152085
-8.306524 3.456826
-6.912344 9.074448
-5.678872 9.527579
-5.003386 8.181916
-5.511050 6.615697
-6.499729 6.687818
-6.113944 7.512346
-7.416153 7.079351
-6.727207 6.437803
-7.812447 8.956717
-7.599812 6.021179
-7.947208 6.751022
-3.304169 6.746289
-5.765421 6.554990
-7.546647 7.676216
-7.757545 5.560667
-7.922835 3.325609
-7.580763 2.201895
-9.722536 0.618552
-6.812172 -2.354392
-5.794415 0.595116
-6.975294 -0.269116
-5.318968 0.730237
-5.146770 -1.296631
-6.358190 1.296784
-8.733103 -1.077468
-8.927997 2.909375
-9.700455 -0.061615
-6.204500 0.687352
-6.824426 0.555854
-6.049508 1.274973
-4.348663 0.458147
-11.035919 1.461624
-8.130252 1.732610
-7.512736 4.990362
-7.705536 4.792897
-7.897785 2.787495
-7.563478 4.147414
-6.312444 6.928905
-6.474334 10.541248
-6.435169 11.005490
-6.558115 7.154564
-6.066784 8.223423
-8.703505 10.155688
-9.527313 9.520197
-9.469846 10.698121
-7.692791 8.728164
-7.072676 6.541165
-6.086414 6.643114
-5.937980 6.317797
-7.628676 8.012090
-7.924894 7.136321
-7.143337 8.224145
-4.548095 8.057240
-7.884554 8.065849
-7.613236 4.218514
-7.872831 5.446192
-7.684268 2.668026
-7.703634 5.156940
-7.685299 2.687811
-1.962427 5.317034
-3.008918 6.738017
-4.680142 6.820849
-1.513175 3.886832
-1.929231 2.892028
-0.684456 1.573920
-0.960920 4.378050
-2.367210 4.329952
-2.212207 3.310791
-2.214548 1.088258
-0.965538 0.072352
-2.172010 0.894998
-1.985527 1.427985
-4.501281 0.787150
-4.437319 1.211542
-2.571416 1.231876
-3.873074 -0.989074
-4.152221 0.732814
-5.993824 1.268615
-4.736736 0.234614
-5.810707 0.287741
-6.137524 10.081467
-6.757830 8.263761
-6.885985 7.162856
-7.784688 6.679129
-7.398807 6.759355
-6.467996 7.851668
-6.994282 6.598769
-7.877001 6.844588
-6.806321 8.199830
-4.190933 7.433836
-4.371746 6.657176
-2.692398 7.438661
-2.018632 4.883738
-2.192118 5.429963
-1.210683 4.361480
-1.133957 4.104859
0.068799 5.935723
-4.466661 7.410958
-3.318215 6.365737
-3.406426 6.547447
-2.430314 6.983950
-1.928558 5.565854
-1.086863 5.704025
-1.722970 3.244965
-2.637772 8.056232
-3.650827 6.964329
-4.747100 7.261033
-7.989260 2.831568
-10.036209 3.136196
-8.073836 2.684788
-14.002665 2.925481
-9.141921 -0.495152
-7.918983 2.678629
-7.872706 6.070665
-6.257666 7.140620
-4.289834 8.970620
-5.547993 6.785675
-7.438567 6.950315
-7.756629 5.861253
-1.996447 6.604076
-2.145638 5.517921
0.064573 5.156941
-1.545696 5.286861
-2.379214 5.357549
-2.113185 6.563344
-2.087681 4.796860
-2.115609 5.066666
-2.328520 5.000955
-0.260756 4.556862
0.873189 4.039582
-2.433324 4.277000
-2.464372 6.986654
-5.115724 6.724019
-6.800674 7.411831
-5.162489 6.334087
-5.132459 6.650066
-4.972639 6.415992
-3.897730 6.415010
-1.477733 7.246214
-2.239351 4.330159
-2.089749 6.256781
-1.421584 5.828474
-1.191917 4.720176
-1.486321 3.204027
-1.911532 3.793338
-1.972194 5.753101
-1.325932 3.946719
-0.836968 4.211502
-2.551291 6.505381
-4.727459 6.728813
-7.216146 7.001550
-7.028768 7.968049
-2.176766 6.408154
-2.086390 5.037787
-2.263390 4.703059
-1.891257 4.546639
-2.089213 4.848205
-1.550247 2.634629
-1.027251 3.157400
-2.169596 2.335590
-2.200725 2.511701
-1.584673 2.738306
-1.985543 3.458189
-0.990044 3.466638
-0.920167 3.616011
-2.342174 3.121374
0.095987 1.502190
-0.473598 1.898860
-1.253949 2.391220
-1.881145 5.313633
-0.763801 4.329268
-0.049033 4.707933
-4.166115 7.726288
-4.315829 6.777130
-3.144720 6.417297
-6.530379 6.738491
-6.578806 8.271038
-7.766965 6.328091
-7.551999 2.449690
-7.539346 3.449662
-0.671432 3.860182
-1.043758 1.770403
-0.913213 3.415957
-1.012631 2.352210
-0.927449 1.998803
-0.434194 0.031383
-8.204669 0.108024
-6.489243 1.128807
-7.874099 2.944779
-8.196178 3.156225
-8.927443 0.711752
-4.409659 0.335748
-5.514063 1.156434
-8.265111 1.822488
-9.334534 3.222521
-7.989502 2.867580
-7.746334 1.740722
-8.582357 3.239097
-7.699590 2.186067
-11.104357 2.693053
-11.263232 2.914737
-13.010252 6.026803
-14.703943 7.785154
-5.740886 12.381072
-6.668680 7.468955
-6.417371 9.105468
-9.122456 10.489917
-11.792402 11.776224
-13.815845 10.211179
-9.472647 9.195040
-7.349451 8.386884
-6.713397 7.332134
-5.028060 9.221134
-1.994518 8.149158
-2.105584 4.152407
-1.504290 1.638326
-1.712643 2.786416
-2.047791 2.073894
-1.567352 0.855173
-3.324197 1.143879
-6.704953 1.054551
-7.742599 3.079556
-8.079996 3.439514
-7.916238 3.033281
-7.424331 7.508148
-9.907202 8.675115
-10.253157 9.902057
-11.306970 9.990741
-10.529940 8.651977
-10.845908 9.424434
-6.522554 8.238560
-6.676968 6.690600
-3.535555 6.536505
-5.369966 6.335342
-4.118363 6.392439
-5.343098 7.244942
-6.170211 6.995726
-5.797768 6.849218
-5.639235 7.905597
-5.142890 7.410023
-6.668381 8.536891
-5.943344 6.631374
-7.423851 6.329417
-4.146470 6.512878
-7.203523 7.778366
-7.885171 7.819055
-7.488517 7.541817
-8.063284 0.543456
-7.755654 1.921583
-9.420187 3.299686
-10.627762 3.082879
-9.760500 2.824503
-12.149590 3.008052
-9.549409 2.346348
-9.619821 2.664228
-11.955881 3.268502
-8.790217 2.144629
-5.185206 6.621790
-3.025054 6.680730
-2.079955 7.776950
-7.856980 6.840929
-7.891006 5.917511
-6.258674 7.651704
-7.078940 6.373436
-6.441950 8.478927
-6.513703 7.876218
-5.782397 6.979235
-6.331434 7.066057
-7.745621 6.868683
-6.295326 6.612291
-5.298290 6.745175
-4.798224 6.383343
-5.785524 7.280155
-5.476295 6.798638
-7.318347 9.049570
-10.221815 8.884655
-9.806953 10.229131
-5.008491 9.449846
-2.828923 8.133797
-2.021153 4.998559
-1.858360 3.310358
-2.225153 0.419635
-4.761966 -0.460452
-5.755670 0.148424
-4.861054 0.210714
-7.707362 0.144784
-7.876022 1.863908
-8.160475 3.141900
-8.575777 2.703382
-7.674605 3.917871
-2.364712 3.450322
-2.238929 2.478038
-1.195562 0.983261
-2.968509 1.297079
-4.934859 -0.418939
-7.515659 4.655714
-5.108958 8.374793
-3.828818 7.042553
-5.939840 6.603597
-7.411489 8.596847
-5.710127 6.917570
-6.417307 6.488265
-7.922426 3.697133
-7.635088 1.953538
-5.317782 7.166702
-4.776669 6.612851
-4.971149 7.579078
-7.921430 4.261876
-6.902308 9.038625
-8.485996 8.525741
-6.536485 7.866313
-14.369552 9.091996
-11.076771 10.642776
-15.344691 5.995682
-16.189953 6.764843
-16.101936 4.467640
-8.581945 8.943116
-10.871293 9.676915
-11.507190 8.641551
-12.069260 9.060882
-18.365038 9.047272
-14.552146 1.519348
-13.010269 6.842591
-7.740704 5.895821
-5.047895 7.396019
-6.997380 7.696754
-7.044437 6.739154
-11.158499 8.644641
-5.204217 0.027239
-4.263287 0.619732
-7.532829 6.058547
-7.872074 7.020346
-6.903778 7.912951
-5.720842 9.827428
-5.596763 9.514010
-5.974951 7.984438
-6.204435 7.299003
-6.809177 7.338013
-6.654822 6.528630
-6.400619 7.483043
-6.145764 7.311680
-7.201312 6.825025
-7.778883 8.560119
-7.583321 5.173859
-7.054323 1.262774
-7.065447 0.580460
-9.688848 2.000396
-10.959139 2.046861
-10.134962 1.460285
-8.218568 8.592889
-9.177347 8.548700
-8.334138 8.612087
-6.875068 8.755382
-8.350111 9.127761
-9.038486 3.352393
-10.217415 1.704142
-13.104903 4.515005
-14.066246 6.802547
-16.449326 5.876055
-11.883512 9.450460
-7.932342 8.777295
-6.633513 7.027476
-5.598976 8.882988
-7.859803 6.095807
-6.542302 7.048019
-8.871408 3.092216
-8.251280 2.132645
-7.717755 1.128417
-9.975864 3.335937
-13.432408 3.245701
-8.527575 2.382207
-7.514271 5.031249
-6.030565 7.371591
-7.193914 7.887110
-6.620592 7.133531
-6.407173 6.963863
-6.484114 7.958902
-9.996883 2.606041
-3.430412 9.983701
-2.199287 6.038133
-4.282718 8.076897
-10.519489 9.742018
-6.259478 6.555036
-4.926821 7.052184
-9.727350 8.736140
-10.044749 9.683953
-2.397030 1.365221
-1.548144 0.461439
-7.540748 7.444537
-7.741355 5.759356
-7.826668 6.376622
-7.564635 0.974963
-8.360607 -1.189964
-9.367672 1.770636
-9.160077 2.499893
-11.742460 1.571263
-9.988053 0.155073
-8.789379 0.142330
-7.825683 2.901432
-7.839420 5.011624
-7.441875 6.608250
-6.551222 8.041075
-7.620244 7.495860
-7.593307 6.105331
-7.273768 8.673682
-10.223165 8.508021
-10.822571 9.665854
-6.225236 6.371477
-6.168927 6.820087
-12.988953 6.524778
-14.167940 7.038324
-14.381872 9.016297
-14.645889 3.834131
-10.429317 2.204904
-9.421717 1.922206
-8.351396 2.513889
-1.188821 3.708029
-1.120047 4.078455
-7.671673 5.176790
-6.528018 6.749829
-4.627950 6.931081
-7.262669 8.499977
-5.381529 8.122165
-7.744307 6.715826
-7.527211 6.747226
-7.625202 7.501091
-9.895685 8.942283
-8.116349 9.552877
-9.805897 10.533839
-6.019560 9.162121
-6.054955 8.679046
-4.947617 9.859127
-5.689897 8.861423
-5.564673 1.018133
-5.756782 -1.703622
-5.701282 -2.065460
-2.341183 5.275761
-1.515967 5.970629
-7.751023 4.844925
-3.389930 9.221888
-3.235842 8.064161
-6.945924 7.644586
-3.732068 6.662927
-0.575745 4.932564
0.773253 4.836778
-1.561869 4.193476
-2.332904 5.647191
-2.622727 8.450492
-4.338514 6.581594
-4.957386 7.627336
-4.184832 8.014371
-5.872760 8.082391
-6.962755 8.987617
-15.342349 8.773411
-14.144312 4.047049
-11.442333 -1.223326
-8.890932 0.344336
-11.227112 -0.218101
-12.837883 1.023205
-13.953232 7.484917
-13.620136 -0.224952
-11.250343 1.642022
-14.651266 2.843171
-11.661936 1.585077
-11.113692 2.428637
-7.794889 4.870683
-7.080858 6.707324
-7.591121 6.982039
-7.582628 5.365460
-6.067873 8.084254
-7.045154 8.617279
-4.377250 7.463008
-4.698354 6.408679
-6.420074 6.723001
-3.544184 6.577454
-4.907758 7.087806
-7.721006 4.359139
-3.907410 6.767405
-3.284570 6.705830
-4.611380 7.609458
-6.383113 7.079872
-6.244073 7.441273
-7.681986 6.360069
-7.290658 6.896144
-3.844458 7.320378
-7.268524 7.278235
-7.888849 5.340227
-7.465386 8.308107
-9.176696 9.009855
-6.410980 9.562103
-7.880083 7.263126
-6.738366 6.532796
-4.004686 6.448647
-2.415294 4.857989
-2.123580 7.537822
-1.242373 6.262567
-2.446400 3.713809
-7.591710 4.688315
-9.172019 0.854421
-11.334572 1.664580
-8.503618 0.249123
-9.875957 3.091671
-13.092283 3.864794
-11.961788 2.458526
-9.920024 -1.547354
-9.398564 2.842016
-12.881669 8.948430
-12.537138 8.970744
-6.974396 6.532275
-6.671263 8.538823
-5.000760 8.648951
-14.338249 4.266642
-15.277780 6.090968
-15.561968 3.949554
-16.130833 2.549822
-12.322329 0.532820
-9.620495 2.700823
-8.181104 2.872175
-10.238884 3.225206
-9.889999 3.350393
-11.568645 2.815566
-11.637005 2.439922
-12.887380 2.699324
-13.708874 4.890670
-10.712099 -1.644989
-10.723021 1.519147
-10.751099 2.851002
-9.070076 1.690384
-10.514321 2.710426
-8.130985 -0.811992
-7.857253 4.167014
-7.945336 5.016892
-7.746399 5.402694
-7.618972 4.015998
-7.648263 2.434400
-8.315808 8.747138
-8.089268 8.821081
-6.464593 6.529019
-0.014354 4.109063
-2.361413 5.357308
-2.081970 5.196078
-8.545053 2.708713
-9.489739 3.160546
-8.860913 2.216171
-8.938668 8.679657
-8.413724 10.022361
-6.591246 7.063656
-7.979811 9.715358
-13.391138 5.445463
-15.670787 7.582250
-16.325838 11.797669
-9.249390 3.432990
-8.653909 2.667488
-10.813137 1.071926
-8.564089 1.178954
-7.808264 5.363716
-7.295846 7.430527
-7.685806 6.593169
-7.554217 4.625947
-10.032943 1.828475
-11.392420 1.305221
-9.508459 1.583541
-11.050835 -1.437445
-10.325096 2.651845
-8.722427 2.752748
-8.534232 0.189419
-6.152948 0.635951
-2.683402 -0.034596
-1.394254 1.060980
-2.634896 -0.252656
-0.121340 1.658900
-2.364497 3.198817
-1.660213 2.492363
-1.187451 0.401890
-2.110647 -0.498590
-2.318793 0.742274
-3.918620 0.937545
-8.315674 -0.740391
-7.024065 0.898165
-7.546375 3.810277
-6.732671 8.067540
-7.700290 5.390608
-7.570375 6.523240
-7.760486 4.793729
-3.738544 6.861579
-3.438922 6.802577
-3.621744 7.369380
-9.941244 9.770063
-6.784222 7.849767
-7.704491 6.906758
-4.014356 8.405683
-9.632387 8.590304
-8.791269 8.890414
-7.729664 11.137078
-7.653223 7.938527
-7.852110 4.621465
-7.812008 3.938544
-8.158583 0.479512
-9.107537 2.782296
-11.512892 2.186324
-15.193797 4.924666
-19.541624 10.343982
-13.226843 6.999229
-16.055025 7.312907
-13.260575 2.631643
-10.369334 2.575440
-9.522383 0.770912
-10.806332 3.031732
-6.601810 0.396986
-10.558657 2.054341
-10.549406 2.803001
-8.021829 2.056032
-7.540649 7.022098
-6.487759 6.337612
-6.491657 7.537819
-7.302032 7.712839
-6.691456 6.316876
-5.887042 8.114928
-5.678853 7.431700
-6.287497 7.977228
-5.926763 6.765122
-6.077571 6.532220
-5.995502 7.996925
-5.790939 8.193050
-7.643287 5.294457
-7.575611 3.451410
-7.947591 2.338555
-7.458855 1.178581
-9.341660 2.043867
-9.208570 1.041906
-10.062718 0.817332
-9.275927 1.024965
-9.063148 2.139330
-10.191465 -0.240689
-6.015095 -0.546537
-5.008905 0.810464
-3.043820 1.194547
-4.051841 0.579925
-1.894001 0.623314
-1.236582 2.688609
0.355749 1.523125
1.529596 1.702664
-2.171180 6.130818
-1.685512 3.163301
-0.803289 4.539887
-5.757040 6.703717
-3.808252 7.289537
-7.787848 6.553741
-7.561103 5.549366
-7.506608 4.255425
-5.486421 6.539019
-2.718585 6.715361
-7.135979 6.999185
-5.834222 6.810575
-7.332835 6.414273
-7.043608 8.093987
-4.069096 7.147625
-4.951059 7.138926
-1.306731 5.660540
-0.641085 3.333374
-1.456286 2.865433
-2.010057 1.486754
-2.259935 4.946511
-1.756775 6.175520
-5.685700 7.250432
-5.466852 6.481429
-5.816313 6.383847
-4.349381 6.823604
-2.109260 6.278295
-7.290413 6.898154
-5.923457 6.508920
-7.472443 7.542819
-7.038706 6.474096
-5.407281 7.209350
-0.590824 3.383388
-0.507380 3.787461
-2.434090 4.201704
-1.863071 6.002768
-1.560331 5.426091
0.018930 3.907488
-1.361438 2.631748
-2.505383 0.826150
-3.806438 0.374232
-5.402035 -0.612808
-6.649468 1.005037
-7.879485 -1.051861
-10.024357 2.172963
-11.513094 1.180196
-12.394320 1.021496
-10.989458 -0.575501
-13.517645 2.823413
-11.383189 9.159190
-12.487024 8.714877
-13.107389 9.097596
-8.844030 8.708480
-16.455048 10.740428
-11.578161 8.889081
-14.108477 12.637927
-16.608356 10.359233
-13.547071 10.004674
-13.144228 7.999902
-8.087942 9.107613
-9.246115 9.058200
-8.499939 9.491826
-10.094266 10.007974
-8.264711 8.558070
-8.482334 8.670997
-6.322149 7.584443
-6.697556 7.063831
-5.329571 6.596557
-5.664504 7.016508
-5.480658 8.784490
-5.685888 6.457939
-7.940078 8.912053
-9.936462 8.566127
-7.211837 8.881091
-9.914124 8.798200
-6.435470 9.545680
-7.138216 9.817842
-5.832610 8.660836
-7.598916 7.786460
-7.132736 7.911646
-7.902784 7.875501
-5.313586 8.321261
-7.806418 7.857897
-7.433474 6.491857
-7.119307 7.352799
-7.774817 6.038929
-7.630830 5.044240
-8.190008 1.064764
-9.202250 2.740291
-7.650229 1.430937
-7.745171 4.157205
-8.146583 0.050045
-7.034832 0.713759
-3.563948 0.933555
-3.652609 1.194105
-8.369492 2.431158
-6.015269 -0.791424
-4.773726 -0.293140
-7.661415 5.722597
-7.361826 8.162980
-5.438456 7.184118
-5.548654 7.275202
-0.784904 7.623997
-0.787676 4.228195
-1.743944 5.537960
-2.347706 6.600292
-5.537554 7.534051
-5.634677 6.758891
-7.701137 8.308982
-7.716837 4.285689
-7.821657 8.285213
-6.474893 6.583975
-6.789589 7.235098
-6.727086 7.100444
-6.336547 7.866518
-7.499206 6.739753
-6.862814 7.284402
-7.370274 6.861462
-7.486580 7.724187
-7.173224 7.218962
-6.678436 1.094989
-5.987909 -1.188723
-7.828154 4.599102
-7.646967 3.019149
-5.039998 0.741167
-4.438503 1.224573
-4.725234 0.228089
-4.612474 0.427130
-4.387188 -0.982902
-8.927452 2.280217
-7.905740 2.974932
-8.669772 2.602389
-9.067970 0.149488
-6.241098 0.148549
-8.669398 2.156909
-10.367575 2.125127
-8.674868 1.111326
-7.736862 4.008372
-7.794557 4.663620
-7.566763 5.705540
-6.317478 9.405866
-6.455543 6.791651
-6.534749 6.992695
-5.322076 6.917439
-5.299272 6.663668
-4.236052 7.676015
-6.927886 7.420287
-6.503461 7.325433
-7.155284 7.077279
-5.795410 8.168529
-6.234226 7.994120
-6.450261 8.698100
-10.178396 9.057393
-9.377634 3.081679
-8.422791 3.288857
-8.775192 -1.713340
-8.113132 2.774154
-10.968740 1.969373
-13.209864 3.681880
-9.273401 2.800083
-11.822760 -0.266841
-7.602448 3.373982
-9.719289 2.053925
-10.288208 2.024490
-9.166580 1.596193
-8.156896 1.059302
-5.007726 -1.095066
-0.205111 2.712415
-1.508494 0.523331
-2.024474 -0.139517
-2.871641 -0.670226
-2.450536 -0.436568
-1.471665 6.174490
-0.467661 5.036567
-2.386268 4.776034
-4.415722 6.996327
-6.560590 6.665893
-6.994105 8.450518
-9.117880 9.081212
-7.766452 6.012933
-7.714320 5.941039
-7.486296 6.289369
-5.512517 8.743127
-2.286360 7.497765
-5.689698 6.548015
-7.800562 6.819682
-7.536592 6.475893
-7.779702 6.307513
-5.188905 8.912408
-6.357882 7.073730
-8.150995 2.613922
-9.324494 1.891892
-6.119253 -0.566270
-6.055906 0.184417
-6.798584 1.169697
-3.844462 0.201657
-7.238105 -0.217137
-5.205451 0.933954
-7.016726 -0.008647
-7.745586 1.870622
-8.293146 1.943504
-7.954196 1.760449
-9.024720 2.104067
-9.994187 0.754529
-9.160988 3.185344
-9.008419 3.109008
-9.719165 3.053082
-7.701836 3.300634
-7.679140 7.783506
-7.917128 6.467544
-7.874728 7.415212
-13.242801 4.259546
-8.727636 2.459843
-11.291061 3.429941
-12.953108 3.180594
-11.882118 3.126615
-11.049557 3.290137
-11.523602 3.195904
-9.546238 9.931528
-13.170715 8.392056
-11.363768 9.360819
-11.943198 9.207534
-7.880365 6.114391
-7.649241 6.783747
-2.336029 4.314013
-2.051731 6.422521
-3.415726 6.876477
-12.110843 9.148633
-9.177790 10.558331
-7.194830 7.223987
-6.543498 6.966410
-5.588145 8.156852
-4.368561 7.162342
-6.327440 6.706948
-7.227564 6.699482
-6.891710 6.818833
-4.852229 6.933802
-1.905244 7.307610
-2.179883 3.527787
-1.015274 2.752885
-1.559996 4.264626
-1.788918 5.327389
-1.109720 5.401849
-4.008572 7.778240
-6.848952 6.367217
-4.990047 7.265430
-4.693893 8.352906
-3.381075 8.837701
-1.854769 6.227107
-6.829970 6.994789
-6.781279 6.674341
-5.182694 7.692108
-5.616757 6.514814
-7.985561 8.639634
-9.761262 10.213513
-8.876080 9.140851
-10.266249 10.827500
-10.980617 10.974528
-7.785711 5.305991
-7.771907 5.394582
-9.798386 9.112812
-9.938670 8.983225
-8.002184 8.873185
-6.614772 6.553905
-5.677986 7.788577
-6.473668 6.743162
-7.565071 4.667997
-8.340122 1.333801
-9.195402 2.481681
-9.915293 2.945958
-4.819047 6.546286
-6.837893 6.940289
-7.018194 6.336365
-6.485672 7.541510
-6.428312 6.678049
-6.002114 7.053554
-0.730558 0.878241
-0.077886 -0.124263
0.382195 1.265852
0.212114 3.020319
-7.742678 5.138996
-7.484047 4.996095
-7.715621 5.036997
-8.034112 3.004854
-8.668233 -0.058684
-7.328176 0.805651
-8.173720 3.354631
-7.708500 2.163547
-8.794044 2.448735
-8.864527 -0.693423
-11.275376 3.281598
-7.254775 6.497456
-4.483238 7.341500
-4.990461 8.018332
-12.026709 10.475389
-9.441057 10.762704
-7.427112 7.910043
-7.176856 7.022898
-6.920347 6.944465
-6.470558 6.525920
-7.601779 8.151495
-6.647817 7.842050
-6.840218 7.580384
-7.406741 8.053369
-6.015370 8.350558
-12.068178 9.373172
-8.854095 8.683271
-12.897209 9.526561
-10.824579 8.601062
-7.662896 5.397453
-5.865665 6.936127
-5.906514 7.287671
-13.747738 8.014341
-12.998449 4.042496
-7.673348 1.034108
-7.443611 6.522999
-14.727999 6.424695
-15.826715 10.349096
-7.533760 3.957328
-7.724579 1.454759
-10.228168 2.429959
-7.812481 3.349612
-7.595629 6.943689
-3.874253 7.789622
-3.029957 7.484368
-3.276956 6.389308
-4.837031 7.449322
-7.825169 7.088016
-7.531259 4.527077
-7.907005 7.993715
-7.093392 7.149697
-6.797668 7.823842
-5.959101 8.282549
-6.077302 6.386530
-2.178541 9.108456
-4.434230 9.325263
-3.788487 8.355539
-4.993271 7.911880
-7.818709 3.465812
-7.314048 0.504539
-11.603200 3.099800
-8.221560 3.253449
-9.087418 3.137324
-8.574891 1.808190
-9.239174 1.150191
-6.214966 0.978883
-4.393086 -0.371664
-1.936929 0.582060
-0.809239 3.138873
-0.638230 3.222231
-1.482582 4.739463
-0.872656 2.351486
-1.286127 4.878485
-1.606740 6.861805
-3.080104 6.583015
-1.008792 6.536678
-2.179870 5.416822
-1.874926 7.446537
-2.090147 8.892406
-3.565320 8.304882
-3.214787 7.173487
-1.602981 5.868637
-0.409175 3.237807
-1.748752 4.818139
-0.561296 3.791292
-1.079258 3.084357
-2.046839 2.903017
-4.772927 1.054619
-6.843707 0.342278
-6.214715 -2.146912
-9.386683 1.371926
-8.427228 2.828002
-8.213778 3.339753
-8.469874 1.289126
-8.978597 0.738285
-5.106178 -0.166518
-5.569934 0.962250
-5.005053 1.079443
-3.003100 0.442436
-3.740807 0.691935
-3.458181 1.164704
-2.636798 1.302496
-1.935695 0.513328
-1.175214 2.141922
0.629606 2.950611
-1.602721 1.371501
0.065266 1.816889
-1.856294 1.961171
-2.221902 0.969919
-1.442814 1.029648
-1.827730 -0.675837
-3.093426 -2.722349
-0.665557 1.694038
-1.895845 3.000465
-2.155204 4.715348
-1.070338 3.097138
-0.764464 3.300417
-2.418458 4.097853
-1.153265 6.085720
0.184531 4.241093
2.370512 3.566715
-2.711452 6.947225
-3.819713 6.479440
-5.838763 7.225067
-5.849537 6.541332
-5.605684 6.870426
-5.807873 6.410192
-5.852625 6.420526
-2.088179 1.797407
-1.866967 1.064853
-3.555474 0.748389
-4.117979 0.023688
-6.625487 0.609048
-7.450116 0.357655
-7.632767 1.848096
-8.401514 3.359095
-10.423223 1.863691
-12.581057 0.479603
-13.917908 6.727573
-13.092331 7.685652
-7.711830 3.726522
-5.491467 1.196378
-4.856008 1.210831
0.145356 -0.803237
-3.272474 0.183762
-7.745162 6.259163
-7.768176 2.073923
-9.168906 3.317770
-8.100725 2.576727
-7.495757 1.273258
-4.325561 1.232362
-5.460917 -0.453754
-9.445324 2.993890
-9.074671 2.089553
-10.850622 1.775509
-8.457275 3.078994
-7.277640 -0.050384
-5.916186 0.674077
-3.496435 0.597104
-4.213591 0.374507
-8.339885 0.608197
-7.226225 0.703897
-3.707969 0.516255
-4.698600 -0.189679
-7.727057 1.047964
-7.619520 4.085347
-7.951960 1.927108
-7.922003 4.459879
-7.128821 9.315932
-6.336161 7.741127
-6.580325 6.532377
-6.340353 7.632209
-5.425334 6.310597
-5.475116 7.513772
-5.151863 9.958583
-8.940971 8.680721
-5.890084 9.417903
-4.796468 8.411286
-3.560883 7.398107
-3.522555 8.195268
-3.413285 9.124348
-6.494213 7.589179
-6.237824 6.787945
-7.922575 6.369176
-7.787806 3.218221
-13.044381 2.817899
-8.266628 2.067058
-8.743301 2.278058
-8.817913 1.155801
-4.579330 -0.966935
-6.575156 0.162671
-7.526390 2.297445
-7.199377 -0.116301
-7.653921 1.073430
-7.853064 2.258318
-4.782064 7.049258
-6.317680 8.783319
-7.560649 8.189734
-7.537581 4.507166
-7.619875 6.102805
-7.549556 7.604449
-6.303652 6.951594
-2.863202 7.503966
-4.668549 7.377514
-4.195602 6.455767
-2.134255 5.016538
-2.304112 5.610194
-1.365507 4.381001
-1.964548 4.235735
-1.356663 4.357977
-3.516335 6.898690
-4.176291 6.954112
-4.546281 7.484991
-3.630244 7.617174
-5.008867 7.701402
-4.648077 7.140809
-4.876520 7.081170
-3.877484 7.656834
-5.522817 6.322388
-2.453458 4.515055
-3.963586 6.501539
-3.710461 6.825327
-1.925543 3.586896
-2.658660 1.169743
-3.621878 0.841725
-7.495623 -2.261762
-9.245759 1.294140
-8.697254 2.462788
-8.301899 -0.003318
-4.794823 -0.161208
-1.807729 -0.072951
-2.306088 2.400108
-2.120343 2.239222
-1.828872 1.870165
-1.203060 3.430183
-2.163515 2.491982
-1.036626 4.203641
-2.128140 4.766347
-5.712513 6.330820
-2.824315 6.798437
-5.451919 6.802181
-6.791664 6.558861
-5.081360 6.487123
-0.962788 3.150927
-0.545744 4.102938
-2.406390 3.089938
-2.255019 2.695544
-2.042518 4.294451
-2.326376 5.188321
-1.935939 7.802841
-3.585791 7.399272
-3.482060 7.672963
-2.976894 6.511766
-6.093453 7.616100
-3.486183 8.351291
-2.177687 4.970541
-1.046129 3.678340
-1.324655 5.892015
-2.144845 4.038826
-2.252710 5.927934
-1.214173 5.473368
-3.437740 6.459164
-3.134655 6.363649
-7.432687 6.389572
-4.871469 6.966989
-5.802464 8.658776
-2.061784 1.353641
-4.174906 0.287972
-3.807239 -0.328858
-3.515060 0.760658
-3.761560 -0.374837
-7.859801 4.671715
-7.893544 2.994524
-10.813577 2.090493
-14.724698 3.930488
-13.060465 7.239828
-14.212666 5.427818
-16.267714 7.872559
-12.993881 5.924322
-10.719833 1.697544
-10.218845 2.292315
-12.650950 -0.301382
-5.745968 6.835859
-7.715427 3.874750
-9.559373 0.938753
-8.282622 2.707757
-8.428276 0.279672
-5.089128 0.136721
-1.785452 1.670023
-2.086701 2.826604
-7.105315 6.914981
-7.010864 6.810620
-3.765125 6.324811
-3.056864 7.225705
-5.150370 8.037221
-1.727504 7.723361
-2.172332 4.835543
-2.436973 4.026827
-2.315454 4.322768
-1.605253 8.384598
-3.506873 6.605818
-2.294466 7.848873
-4.107431 7.318049
-5.136381 7.859844
-4.225686 8.599986
-3.702953 8.138528
-4.910747 7.459382
-4.917867 7.288652
-1.703153 6.321179
-1.829024 5.295172
-1.110904 3.964794
-0.962787 3.137661
0.352734 3.089617
-1.480196 3.541904
-2.730534 8.579520
-4.804549 8.125779
-6.318215 8.214764
-5.740705 8.679970
-5.041901 8.156417
-6.558028 6.686058
-4.135074 7.399477
-5.249269 7.672152
-7.544423 6.582207
-5.826803 6.419258
-10.194824 1.922988
-8.469122 2.407185
-7.485849 5.576051
-7.517155 6.111020
-7.744503 5.731986
-7.179952 7.872450
-5.831273 7.026807
-6.544934 8.783725
-6.741196 7.392748
-1.567138 8.365016
-4.210211 6.603454
-5.061265 7.761947
-9.586426 9.461027
-10.799544 9.761609
-7.189385 9.334433
-7.857527 2.487513
-9.515477 2.527499
-10.045671 1.436440
-10.548405 2.731635
-4.062312 -0.575758
-3.374729 -0.796411
-5.788839 1.017393
-5.709178 0.975427
-2.363822 3.132460
-1.242286 2.925399
-2.008782 3.543046
-5.949015 6.358698
-0.095744 2.066647
-0.692178 2.912901
-1.399449 1.454362
-1.981260 2.067524
-1.887610 3.337421
-2.154126 2.534099
-1.418738 2.548916
-1.197337 4.746816
-1.804719 7.520749
-7.488338 5.288196
-7.837424 1.095611
-5.260728 1.168860
-6.442532 -0.888152
-9.141892 0.924289
-5.899160 -0.026832
-3.837399 1.290663
-3.366364 0.926445
-3.546509 0.217868
-7.445309 8.608489
-7.274745 7.475086
-7.927391 7.941844
-11.748104 9.265740
-7.703078 4.862596
-7.528455 7.030775
-6.182009 6.360968
-6.307124 10.281535
-7.110879 8.907738
-5.648061 9.170538
-7.521545 7.155327
-7.731321 7.060071
-7.896286 4.978239
-7.822861 7.639237
-7.054099 6.701405
-6.935521 8.348884
-7.448339 8.514205
-8.578575 8.948760
-6.784165 8.192300
-7.013196 6.928599
-4.696385 8.264982
-5.798312 7.809850
-4.163423 7.901850
-2.023718 5.295541
-1.939438 4.143456
-2.293310 6.823215
-2.589330 6.348458
-1.420699 6.359545
-1.761200 4.841427
-4.298372 7.356084
-2.348603 7.668368
-4.062302 7.169714
-7.738672 6.157896
-8.560442 3.431739
-9.701317 1.794158
-8.765839 1.938096
-7.104038 0.407442
-15.553112 1.670127
-11.938171 3.261004
-14.985184 2.927506
-11.271984 0.338210
-8.363922 3.435138
-9.281937 3.002051
-10.878622 3.075017
-5.713172 -1.755504
-5.598405 1.232606
-7.917089 1.294770
-5.763078 0.471827
-5.684943 -1.239928
-5.508192 0.638193
-8.484344 3.296717
-9.191098 1.939988
-7.545013 3.616124
-4.637189 6.483261
-8.506310 10.271061
-6.511568 7.215149
-5.301627 7.821319
-5.248693 6.404819
-3.555418 6.912672
-4.065792 6.801136
-3.101851 8.396156
-3.223675 6.591860
-2.449404 4.723637
-7.912228 4.336498
-7.567937 6.306627
-5.524126 6.961433
-4.774189 6.630640
-6.924794 6.382726
-12.986351 2.554531
-15.628746 2.507533
-11.103818 3.137876
-11.303962 1.171391
-9.330849 -0.776550
-9.794441 -0.126681
-8.726964 1.363234
-7.545877 3.178904
-9.688965 3.043717
-8.831390 2.821656
-9.539907 1.826269
-11.751534 0.967301
-12.344484 2.858355
-16.207809 5.501220
-13.937022 5.568508
-14.365602 5.797501
-16.049219 2.650947
-16.104675 7.102644
-5.590639 8.592759
-8.291771 9.146871
-5.633991 6.419711
-7.537341 6.420808
-7.161847 7.455274
-4.883353 8.150741
-4.947618 6.598699
-7.780012 6.334383
-12.342935 8.647106
-15.484328 0.496094
-9.164297 2.667059
-11.555717 2.266182
-7.444102 6.365601
-5.429754 7.665681
-4.569229 8.051734
-4.267652 8.270619
-3.860742 7.173186
-7.704941 7.325130
-6.491410 8.663810
-5.818084 7.755708
-2.239867 4.512870
-1.393852 4.738424
-2.027970 4.714921
-1.860132 3.262507
-1.842588 1.074480
-1.717358 0.639644
-5.458791 0.698050
-7.039521 1.230050
-7.945045 4.982652
-8.414818 9.133834
-8.674770 9.394490
-6.352162 9.219683
-14.836291 3.270869
-10.853291 2.106423
-10.655979 1.774733
-11.397338 3.178759
-10.561701 2.963419
-12.353054 1.876821
-13.649782 0.524550
-15.014822 5.706555
-13.338987 10.633071
-8.993430 11.201196
-14.002741 8.489024
-13.544784 9.938184
-12.286279 10.181826
-10.820799 9.242855
-10.538836 9.265187
-13.943193 11.190235
-12.092539 9.046292
-12.160217 9.791102
-12.833111 9.570188
-12.904493 9.648976
-9.671238 9.083385
-6.555992 7.932184
-5.895296 8.188165
-13.158769 6.818661
-13.943794 5.346798
-12.683970 10.805720
-10.565767 8.762103
-6.831940 6.730006
-5.049982 6.740613
-5.525509 6.365669
-6.747092 6.902590
-6.005696 7.188408
-6.636596 7.192589
-6.524652 6.979830
-4.741472 6.732977
-1.481688 7.965936
-1.432874 0.593688
-4.334203 -2.747366
-3.848313 -0.289114
-4.263338 0.898377
-1.328362 1.254347
-1.103544 1.701781
1.492102 1.607841
-7.604522 3.903742
-7.489396 5.828429
-7.627783 5.351481
-9.866528 9.193234
-7.505046 9.164889
-6.846250 8.908629
-5.469544 7.309737
-7.243851 7.859266
-5.561988 6.535845
-5.389438 6.502455
-6.536031 7.977704
-8.944399 10.338041
-10.082187 9.021708
-10.845393 9.188152
-10.114505 10.474236
-3.767361 6.397815
-4.518417 6.766878
-5.122889 7.850519
-6.248693 8.487934
-6.859810 6.463719
-5.035565 8.049903
-5.590841 6.811204
-4.735929 6.313209
-6.629283 7.068318
-7.459522 7.777572
-7.895004 4.358592
-7.867522 5.686123
-7.371891 6.700809
-6.508126 7.636156
-6.462731 7.995056
-2.779603 6.989961
-1.721557 5.391706
-2.062057 4.004951
-0.662852 4.323369
-1.328610 5.105103
-2.120743 5.805981
-2.142543 6.074721
-1.980013 6.185133
-3.386723 6.746840
-4.533207 9.469813
-4.610459 6.523233
-4.324790 7.149626
-4.952170 8.472189
-5.254522 6.897488
-6.061844 7.197832
-4.904291 7.519042
-6.445664 9.884377
-4.436453 8.614376
-1.854473 7.237607
-5.423518 7.412887
-8.086790 10.381326
-5.886428 8.064471
-1.676185 7.413097
-3.014034 8.803772
-6.958557 8.142304
-6.207215 7.550869
-8.885901 8.783674
-7.770944 8.828088
-7.500465 4.308664
-7.885246 1.264509
-11.652542 2.497674
-8.430525 3.007135
-11.921194 1.987054
-9.466932 0.978681
-8.869320 -1.518019
-8.212677 -0.623723
-9.446369 1.703929
-9.369902 3.420051
-10.465437 8.917849
-9.565708 10.373375
-5.888173 6.987022
-7.323651 6.516899
-6.947566 6.352727
-7.373026 7.545649
-4.476680 6.535851
-4.295307 6.522388
-6.902636 8.335538
-9.537241 10.550803
-12.430819 8.616790
-8.798409 8.966322
-7.510323 4.692553
-7.873868 7.109959
-5.432960 8.766011
-7.435873 6.605366
-6.171493 6.361174
-5.272806 6.395731
-2.519862 7.647698
-1.933163 2.566918
-1.678207 3.939628
-1.426528 4.766428
-2.392297 4.675000
-0.575945 4.817029
-2.720512 8.464989
-5.738275 6.701116
-5.306399 7.815939
-6.109645 7.330698
-4.441104 6.640049
-5.008739 6.572267
-4.188083 7.841604
-1.114429 5.866620
0.344656 3.332125
0.217689 3.589762
-1.179670 4.404572
-1.684961 4.512821
-1.576114 3.750083
-0.932877 5.045073
-2.442027 3.364473
-2.137107 3.507847
-1.833050 0.834636
-1.090187 1.360080
-2.041708 0.979349
-1.699077 3.192413
-1.581041 2.073519
-1.579242 2.085367
-1.738715 0.286565
-6.153584 0.738337
-5.453322 0.365578
-4.365637 1.272854
-4.530542 1.027282
-3.595126 0.511480
-1.328570 1.530422
-1.218009 2.614154
-0.662376 1.990332
2.425414 1.753359
3.236722 1.568427
3.025065 1.378747
5.480242 2.303707
7.317621 0.809138
10.410308 4.255452
16.147921 4.331931
