6.269998 -6.167914
2.711276 -6.185293
0.200412 -6.798967
-7.395255 -8.977940
-7.308113 -6.036358
-7.708008 -6.777205
-7.814457 -8.227731
-10.546794 -8.055298
-9.073275 -10.375995
-8.800906 -8.103387
-10.841379 -8.243443
-10.478382 -9.442748
-9.375286 -10.013846
-11.373143 -9.305243
-14.423826 -9.364778
-12.926332 -8.772020
-18.643513 -5.441028
-13.297009 -3.539116
-13.817370 -6.842971
-13.341685 -7.327749
-13.059220 -6.697555
-8.946711 -8.346431
-10.221964 -10.097231
-12.202688 -8.289193
-13.319783 -11.208953
-13.093645 -10.727893
-9.259116 -8.210264
-5.060901 -8.461167
-5.668170 -8.906071
-6.774965 -7.266428
-6.743648 -6.995940
-7.714259 -6.752155
-7.735267 -10.064960
-7.745269 -7.419688
-7.573525 -6.586643
-7.706136 -5.871567
-6.444903 -6.639028
-4.322145 -8.638027
-8.403494 -8.412059
-9.121462 -11.585198
-7.287294 -7.467319
-7.498337 -8.092449
-10.206073 -10.347428
-9.348814 -8.186955
-8.026493 -9.208830
-10.223850 -8.506852
-11.815763 -9.587425
-9.976767 -8.841551
-3.789960 -7.964676
-4.545763 -6.273518
-5.059388 -7.088789
-7.836868 -5.784921
-9.857372 -2.904983
-11.848112 -2.370153
-12.239753 -2.989973
-9.817607 -2.918776
-10.788862 -1.538593
-8.194469 -0.671424
-10.685427 1.213254
-11.338559 -0.332126
-10.780331 -2.498419
-11.590882 -0.365780
-10.453835 0.692946
-7.738464 0.478903
-6.712000 -0.561188
-6.179653 -3.899931
-7.163034 -6.397964
-6.467563 -7.574534
-9.153611 -8.498496
-11.576385 -8.333205
-12.834787 -8.906856
-8.740544 -9.135250
-4.125940 -6.500234
-7.603186 -6.047867
-7.784462 -5.458115
-6.817768 -5.578895
-7.434631 -9.174199
-9.382679 -10.362260
-10.420046 -8.888882
-10.036467 -8.439281
-5.560910 -8.093221
-6.321417 -6.687754
-8.888193 -9.177380
-8.173351 -8.226871
-13.172136 -9.351902
-9.719700 -8.805436
-6.459562 -6.859680
-7.239549 -6.994189
-7.319697 -4.901474
-7.855690 -5.936095
-7.494119 -4.197226
-7.862356 -7.494030
-8.016279 -9.828395
-9.760136 -9.909425
-8.209358 -8.910775
-9.488556 -8.299794
-10.193947 -9.938823
-13.529539 -6.002222
-14.539608 -4.773200
-7.046822 -5.362963
-4.423159 -0.828211
-8.793261 -2.634612
-8.506681 -9.911789
-10.556959 -9.041739
-7.193320 -4.317306
-7.229878 -4.280326
-6.664820 -3.711859
-6.885288 -5.679403
-7.219110 -7.172389
-6.878499 -6.618343
-7.324408 -4.548215
-7.352268 -6.833836
-6.617341 -7.621204
-8.892783 -8.884711
-5.989839 -7.509620
-5.091095 -4.939368
-6.936792 -6.703753
-7.662467 -7.819110
-5.111064 -4.530990
-9.892934 -0.841099
-8.345379 -2.991024
-12.481371 -1.940593
-10.263760 -0.906297
-12.356270 2.903876
-13.998305 -9.643348
-10.467613 -8.974401
-8.681084 -8.655915
-6.860149 -9.507752
-8.858839 -9.247481
-6.622473 -10.965142
-7.759284 -6.976680
-7.353006 -8.208674
-6.228506 -7.746024
-6.933864 -7.200909
-7.255657 -5.315800
-5.688657 -5.578156
-7.799862 -6.166133
-7.685762 -5.349903
-5.191144 -7.607129
-8.322530 -8.091393
-2.979771 -7.567260
-6.264860 -7.461713
-7.140968 -6.621080
-7.343448 -6.138430
-6.977118 -6.713764
-5.972042 -6.103137
-6.746691 -4.287984
-8.705599 -2.931692
-6.244925 -1.612332
-12.667393 -1.418677
-14.611191 -6.053689
-6.545563 -7.456882
-7.307271 -6.841247
-10.623825 -8.328032
-6.912640 -7.653822
-8.192316 -9.375703
-10.279572 -10.313361
-7.616299 -7.758494
-9.944143 -10.624988
-10.499140 -9.680326
-9.642325 -8.932837
-7.757422 -9.374538
-7.823649 -6.816127
-6.252570 -4.835959
-4.970540 -7.271471
-5.000191 -6.684909
-7.910726 -9.010455
-7.505196 -6.769716
-5.693564 -7.202682
-7.343336 -5.261347
-6.928628 -9.766170
-14.499172 -8.131226
-18.563770 -5.153477
-11.868443 -10.047253
-10.392035 -2.283647
-14.829390 1.350608
-11.807871 -1.915948
-9.201806 0.465323
-11.596010 -2.179650
-12.074078 0.076816
-14.957938 -5.381843
-12.730647 -1.957595
-11.088703 -2.897398
-10.729164 -2.876581
-6.121549 -1.469549
-3.446858 -3.691384
-6.606678 -3.594640
-6.343764 -5.160204
-6.762761 -6.419942
-6.832768 -7.898785
-8.101155 -10.075320
-8.651785 -9.823472
-8.444474 -10.087467
-9.505512 -10.904719
-10.711040 -8.749035
-11.578729 -10.516680
-14.399317 -6.305319
-15.170712 -7.638361
-17.445049 -1.292621
