-1.707267 19.898092
-3.769497 10.938203
-4.637009 7.196752
-5.046818 4.678311
-5.021667 1.660979
-4.494935 0.421460
-4.363383 0.294399
-4.132194 -0.087793
-4.269626 0.025672
-4.570753 0.466823
-4.497071 0.421786
-4.367347 0.294648
-4.140120 -0.088140
-4.279320 0.024703
-4.582723 0.462278
-4.521594 0.400592
-4.418249 0.212833
-4.255931 -0.385380
-4.423972 -0.602053
-4.361399 -2.236946
-4.595959 -2.675057
-4.313461 -2.454650
-4.553126 -2.885052
-4.307860 -2.548971
-4.551051 -2.970311
-4.310835 -2.592983
-4.554992 -3.010639
-4.313962 -2.615178
-4.558507 -3.031129
-4.316113 -2.626901
-4.560808 -3.041912
-4.317386 -2.633263
-4.562123 -3.047713
-4.318096 -2.636678
-4.562851 -3.050824
-4.318488 -2.638508
-4.563250 -3.052493
-4.318700 -2.639489
-4.563466 -3.053391
-5.864827 -4.336839
-6.988703 -5.507532
-7.753645 -7.319497
-8.562193 -8.271974
-8.582143 -8.275550
-8.562190 -8.271974
-8.582137 -8.275550
-8.562179 -8.271972
-8.582114 -8.275548
-8.562128 -8.271968
-8.582022 -8.275542
-8.561934 -8.271943
-8.581665 -8.275499
-8.561191 -8.271807
-8.580301 -8.275260
-8.558353 -8.271102
-8.575121 -8.273999
-8.547646 -8.267576
-8.555671 -8.267643
-8.507726 -8.250382
-8.484611 -8.236415
-8.365095 -8.170636
-8.491907 -8.640561
-8.838228 -9.854308
-9.834889 -13.011780
