-19.329449 -4.907388
-14.093732 -6.331867
-9.889811 -8.069135
-9.983138 -8.016656
-9.772833 -8.137191
-9.870663 -8.078629
-9.953623 -8.027892
-9.835155 -8.101998
-9.889657 -8.069233
-9.982969 -8.016770
-9.772552 -8.137374
-9.870352 -8.078834
-9.953075 -8.028261
-9.834641 -8.102337
-9.888710 -8.069833
-9.981926 -8.017460
-9.770800 -8.138413
-9.868421 -8.079973
-9.949086 -8.029202
-9.830959 -8.103365
-9.875015 -8.058946
-9.771527 -8.125734
-9.066887 -8.063756
-0.341821 -11.858079
3.887484 -14.948102
