16.654303 -9.219012
11.252892 -8.415656
7.780929 -8.235741
7.049794 -8.323227
6.644770 -8.333614
6.438694 -8.319489
6.315848 -8.371050
5.753928 -6.977484
3.443363 -5.566957
-4.330752 -0.098122
-4.463202 -0.375350
-4.279185 -0.439258
-4.367135 -0.405103
-4.181713 -0.460664
-4.294797 -0.415336
-4.597490 -0.298821
-4.203994 -0.493497
-4.455406 -0.424378
-4.498942 -0.385094
-4.315275 -0.446249
-4.392226 -0.401845
-4.206763 -0.458379
-4.312408 -0.413048
-4.126850 -0.466516
-4.256145 -0.420332
-4.561357 -0.306537
-4.171984 -0.496732
-4.424032 -0.428698
-4.473682 -0.389188
-4.289623 -0.449558
-6.552434 1.776017
-8.163325 3.520365
-10.326647 4.734511
-15.744808 7.198409
