17.864906 -10.185406
11.734748 -6.932125
10.727265 -8.458396
10.713967 -8.460353
10.685172 -8.463881
10.622981 -8.469999
10.488579 -8.479488
10.199696 -8.487548
9.565479 -8.485431
8.006238 -8.454715
7.721057 -7.972639
7.197841 -8.351703
6.992137 -8.459860
6.861965 -8.479045
6.808657 -8.527640
6.776854 -8.496276
6.760400 -8.538252
6.754177 -8.498364
6.747375 -8.540111
6.747925 -8.498602
6.743663 -8.540501
6.746123 -8.498624
6.742579 -8.540597
6.745595 -8.498624
6.742260 -8.540623
6.745440 -8.498624
6.742167 -8.540630
6.124411 -7.377349
5.419011 -6.121144
4.722630 -4.308030
-4.446651 5.898595
-5.985285 7.335025
-7.907958 9.769489
-13.496241 16.283506
