-7.580861 18.464598
-2.684798 12.726511
-1.021514 10.174459
-1.496803 7.621892
-0.219796 4.783739
0.105969 4.724319
0.992130 4.996727
2.884296 4.846054
3.605560 5.131994
4.949361 6.045288
7.333025 5.094541
9.273173 4.853442
10.852775 3.730260
10.912187 3.689217
10.852797 3.730382
10.912231 3.689399
10.852886 3.730704
10.912403 3.689875
10.853230 3.731522
10.913032 3.691077
10.854456 3.733531
10.915219 3.694012
10.858673 3.738228
10.922585 3.700826
10.872775 3.748388
10.946856 3.715302
10.918959 3.767245
11.025230 3.741151
11.068640 3.788926
11.281908 3.764147
11.581013 3.741162
11.531494 3.780876
17.546291 6.989046
