-15.868218 5.474060
-13.474771 0.273134
-12.349570 -2.621103
-9.689972 -8.110086
-9.781122 -8.035728
-9.658519 -8.149743
-9.747904 -8.081861
-9.814743 -8.025277
-9.718414 -8.101562
-9.784552 -8.045913
-9.691092 -8.119717
-9.755091 -8.066169
-9.664534 -8.137452
-9.726239 -8.085666
-9.637972 -8.154885
-9.694212 -8.107270
-9.785839 -8.032515
-9.663912 -8.146152
-9.753796 -8.077835
-9.820659 -8.021256
-9.723836 -8.097960
-9.790709 -8.042746
-9.696615 -8.116875
-9.785624 -8.096678
-9.888072 -8.025712
-11.324278 -9.009403
-12.005313 -15.276390
