19.743584 -18.273775
8.841051 -13.154828
5.271572 -11.102026
2.618694 -10.109690
-5.918071 -8.445782
-9.775126 -8.113347
-9.886677 -8.037719
-9.840498 -8.078576
-9.741037 -8.142842
-9.926636 -8.027772
-9.820823 -8.095374
-9.780701 -8.119191
-9.884309 -8.052318
-9.834712 -8.082682
-9.941790 -8.012932
-9.875101 -8.055209
-9.772657 -8.121879
-9.745001 -8.142961
-9.845244 -8.078691
-9.801342 -8.105289
-9.906406 -8.037372
-9.850668 -8.071737
-9.750265 -8.136843
-9.933811 -8.022799
-9.827557 -8.090816
-13.688379 -6.475841
-18.863192 -5.399097
