-2.928436 3.472748
-0.926486 7.205501
-1.309676 5.129927
1.922743 4.775510
2.908464 4.760318
6.319024 7.550276
5.418814 6.366847
6.302814 5.918251
6.867768 4.383355
7.224381 5.656363
8.242506 4.609609
9.138168 5.335006
9.320776 3.451682
7.649204 3.807045
10.943540 5.639956
12.080834 4.970595
11.703218 6.490360
13.006734 1.712508
8.951956 3.666732
7.919816 4.045078
9.248461 2.382679
8.637363 4.023048
12.339918 1.752948
12.175118 4.558789
11.417715 4.020433
11.240518 5.122232
11.957317 5.464777
8.722013 4.445673
9.381227 4.588727
8.363888 4.639214
4.284749 5.599461
3.345344 4.328170
4.058814 2.700575
4.858183 9.495744
10.498352 10.691378
9.753247 11.104068
9.469769 10.704509
9.495177 10.821683
8.227035 2.239677
4.964004 5.103084
5.935153 7.750680
5.138899 7.752007
5.872561 6.342804
7.226530 2.594474
8.685708 3.814115
11.430806 5.163809
16.204121 9.010939
11.833942 7.941502
11.806002 9.644233
12.349916 7.334643
12.086384 6.496951
11.524668 4.098868
9.311195 5.430650
8.644443 5.639261
6.580914 4.150174
10.009894 4.938175
10.161384 5.380860
9.606195 4.466972
11.750062 3.773776
7.910156 3.754423
7.010382 3.778790
6.076264 5.948815
7.655740 4.954671
10.327518 5.647505
14.937719 3.198832
15.310914 7.191163
11.860445 6.234999
12.551447 6.488508
10.011924 3.076921
10.968328 4.196747
11.941823 4.276743
10.626988 4.627988
12.058041 2.390947
11.726901 6.929742
9.160675 11.304307
12.388374 14.749836
10.569687 4.532598
7.623145 5.624389
7.239933 3.685689
8.395372 3.322107
9.481143 4.206589
5.715765 4.754916
7.496708 3.891920
7.805171 2.366273
7.577138 4.693552
10.564528 1.990588
10.178926 5.013656
8.926959 4.222406
10.847212 3.365441
12.050003 4.288292
9.726666 4.592746
11.494407 4.820875
11.937902 7.035057
11.541985 4.848387
13.111156 8.384089
11.510350 12.631034
12.935265 9.028265
11.049733 3.711155
7.316170 4.948261
5.196941 6.801065
8.898867 2.894481
13.533604 6.473789
9.713387 4.483924
3.838167 5.263918
3.079329 5.163113
10.043940 5.388333
12.089327 5.011726
13.115393 7.265110
10.897224 10.742282
13.779692 0.614603
11.946920 5.697763
11.922239 7.242952
11.976119 8.502938
11.571629 9.300790
8.481317 5.494782
7.468222 4.524116
5.919056 3.857994
5.826105 5.615870
8.609079 5.311080
9.733607 4.660885
8.727550 2.293259
9.584846 3.431889
11.072567 4.052708
11.080084 4.295418
14.378265 6.432513
14.348259 6.986394
16.170698 8.141248
14.503750 8.826465
11.908669 7.168527
11.556737 7.363671
11.889565 5.990057
12.684603 5.969249
8.229606 4.041792
8.013895 4.795660
4.696785 2.750764
6.161640 6.066457
2.903928 5.310065
4.716712 2.503041
6.525908 7.566603
4.509193 7.443319
5.814946 3.616604
4.217531 2.892035
6.056461 5.688589
8.409021 4.675636
10.970897 4.381103
12.717955 7.828701
12.159976 6.027703
9.754229 3.510371
9.978881 5.047227
10.167628 5.250611
9.783770 4.508687
9.478219 4.243932
10.971266 3.328756
12.350895 4.352982
10.898591 1.615533
10.694160 4.780300
10.071657 4.375965
7.747639 3.210421
7.006135 1.965026
2.728941 3.691463
3.595138 3.482539
4.665325 6.375014
5.335383 10.622430
5.319308 5.174448
2.609169 5.868089
0.074770 5.370352
1.279141 4.714144
1.559530 4.346849
-1.060059 5.963315
-0.999081 9.580638
-1.202422 7.305997
-1.602983 8.880086
-0.871395 6.854967
-0.915822 5.683527
0.081304 5.420959
4.495658 5.865132
5.337780 6.254197
9.391065 1.909380
9.938416 4.700357
8.450985 5.050829
5.358070 4.123697
7.649009 3.802669
5.836671 3.892344
5.055935 10.887736
4.489141 10.648940
4.496936 8.212949
4.805169 7.792785
5.124835 6.856415
5.721459 6.915682
4.996130 3.309504
6.383573 10.179933
4.823859 4.594193
11.135365 3.621384
9.693789 3.628554
9.073376 5.238012
10.867650 4.573426
10.895348 3.084093
12.857725 3.958111
11.592936 7.590073
16.195503 13.233848
10.331327 11.270529
12.837376 12.389212
4.993355 8.516451
4.991120 9.669168
6.014915 8.414100
5.345507 6.623976
11.266847 5.367396
12.344802 6.257389
13.036847 6.431853
8.717031 3.623008
7.844494 3.036050
4.713247 4.945212
6.271354 6.583125
5.196296 5.910537
7.730958 4.541853
7.183517 2.272214
6.438288 1.032198
9.770095 2.975483
8.878325 3.606292
5.949368 2.413352
5.759356 6.107178
6.700678 3.653182
8.992465 5.078069
7.134139 4.070108
6.420799 2.909366
5.085829 6.735618
6.429757 7.188364
5.934391 5.278987
7.161982 5.082169
7.095733 3.894762
4.809263 10.406646
5.596317 10.006244
6.086039 9.036923
6.464325 9.160061
6.162308 7.271979
5.681074 4.671007
4.989623 6.286963
6.291253 6.613873
5.275998 5.302362
6.085293 6.647013
5.173853 5.159863
6.340392 8.548881
6.234483 7.538640
5.790221 4.264346
4.539228 5.427844
9.959630 4.840452
9.245949 4.479601
9.124118 3.676202
12.266630 6.139468
9.983779 3.215847
9.728571 5.511888
9.246791 5.420815
5.046166 1.827158
4.621494 2.155568
6.670437 2.159216
7.615924 3.233586
7.538379 3.526368
10.646423 4.981384
10.281775 5.212955
10.343616 4.710999
7.665063 3.771184
12.483856 8.482426
11.338829 11.221123
12.762508 10.561488
11.082699 13.242256
8.146950 11.212959
10.083758 12.509245
7.531510 10.696103
5.830742 7.070877
5.939781 8.080564
6.034287 4.792418
8.036670 3.805735
8.976607 4.117208
10.012067 3.192578
7.828100 4.863947
4.661034 4.377829
9.921455 4.063037
7.998350 4.193569
9.976627 5.284070
11.549024 5.588096
11.310297 4.168059
8.039383 3.803991
4.933874 1.597524
10.221207 5.540168
14.977576 4.539432
12.949045 9.150964
12.646032 9.211353
11.695208 8.117592
12.057937 7.534448
11.672723 5.843387
11.864804 2.212942
8.490560 3.702523
10.921459 4.983605
10.148723 4.920547
10.909565 2.253377
11.865227 4.737433
10.506098 4.559675
11.594215 5.348854
9.319531 3.171849
9.877067 5.573458
12.453118 5.626178
11.977696 10.238515
15.425200 7.066409
13.546494 10.372696
11.824784 11.870854
12.495625 14.293130
