11.865815 9.261332
12.203919 10.759013
12.587122 6.801919
13.840337 7.831240
11.914718 10.133889
13.099165 6.587045
12.455776 2.788011
11.291541 5.554089
9.020701 4.548923
9.906715 4.359702
7.776126 3.687897
7.775432 3.124989
6.876758 4.613882
8.766970 3.834527
7.991974 4.795430
10.108705 5.169979
10.836180 5.370458
8.703584 5.343788
7.693657 5.234050
7.596393 4.492433
4.039590 5.321990
6.358292 7.749918
5.964041 5.714036
5.294067 7.768972
4.137664 5.037091
4.553034 6.939525
4.358810 9.698056
5.068363 9.249272
6.096913 8.978634
5.660385 11.557271
9.514178 12.284249
4.359582 10.132895
4.381790 6.252146
8.217832 2.955307
6.441343 2.864485
3.089032 3.044943
3.001880 2.577427
2.255337 4.910525
0.897206 5.794398
0.591384 4.792120
1.830056 2.842903
2.355182 3.995096
0.841417 4.722146
3.511730 3.954205
4.490215 5.275615
4.977161 8.126338
6.462850 6.588418
5.521324 7.196256
6.009992 6.364558
4.487994 8.732226
6.402609 5.299708
13.781824 8.840779
11.763476 5.469228
11.503743 12.417754
10.680325 10.678528
9.398692 10.844346
8.203472 11.412707
6.590438 11.068229
6.994934 11.687067
4.817779 6.913474
4.596911 5.083193
1.423394 5.718784
3.930710 2.835197
2.375091 3.841139
-1.152692 5.506400
-2.819269 10.174783
-2.243619 12.826838
-1.013929 11.388566
-1.803965 13.928250
-1.730319 9.245290
-5.155208 12.130704
-8.080683 15.879889
