-17.257748 4.440827
-8.558369 5.355111
-6.113572 6.624620
-2.996082 7.852987
-3.197803 9.819149
-1.724217 11.192488
-0.882752 6.874179
-1.065233 4.595333
2.445309 5.129431
2.780707 4.257809
5.415328 6.701006
5.656261 9.679646
6.403101 6.310227
5.698484 5.260297
9.971200 5.213602
7.989007 4.159070
7.178803 4.243895
6.791718 4.906602
6.331131 5.705884
5.565260 6.538179
6.317899 9.111768
5.971223 7.092690
6.171381 7.957545
4.478151 6.229487
4.737696 8.324978
4.573324 9.668586
7.560908 12.094662
5.516892 9.520902
6.451344 8.223973
4.254140 11.154359
6.838756 11.047875
9.437978 12.470383
7.108442 11.576291
8.593640 15.726712
15.906281 19.873495
