-13.301343 6.191873
-9.417074 3.429630
-8.595847 2.039200
-9.261983 3.483647
-7.934154 1.629752
-8.814892 2.146102
-9.122757 1.834312
-6.929315 2.960696
-7.408458 1.949992
-7.057408 1.502102
-6.366744 2.808207
-2.919757 0.656967
-3.566924 -2.867918
-4.230651 -0.166342
-3.772505 -3.151300
-4.253011 -2.948656
-3.723451 -3.559562
-3.236024 -3.779472
-7.350582 -4.929315
-8.212376 -4.894411
-5.453264 -4.028818
-5.322016 -6.710614
-4.600822 -4.358537
-4.271172 -5.867280
-6.324873 -6.029160
-8.254942 -4.264294
-5.553772 -5.833409
1.187569 -9.744651
5.610132 -10.479516
8.452785 -10.609197
12.449209 -13.575317
