16.404627 19.880880
12.148950 16.258356
11.278740 16.770035
7.850985 13.579398
7.825780 10.765059
2.764832 11.157973
-0.203739 11.290881
-2.126174 10.334549
-1.571384 9.896962
-0.908167 9.321614
-3.788179 5.874130
-1.847622 7.279046
-0.870021 9.873339
-1.493860 7.880689
-1.746659 10.682921
-2.960241 7.275306
-1.584743 9.432631
-3.347041 7.172950
1.373187 4.387069
1.634004 5.652073
2.735848 5.481889
1.199818 5.452482
-0.123567 4.546094
0.317398 4.724052
1.478873 4.754347
3.269395 5.245990
1.482335 4.469171
-0.531016 4.890039
-1.390171 6.547381
-3.936303 9.812212
-5.772664 6.850187
