6.262683 -18.740541
-1.659057 -8.568936
-3.751869 -5.137630
-3.781251 -1.837018
-3.869518 1.060955
-6.553886 1.329111
-9.310251 1.210460
-6.053076 1.610344
-5.334629 1.491539
-3.919504 1.279551
-3.557758 -1.008797
-2.855249 -3.046921
-1.016920 -1.637167
-1.461598 -1.575710
-1.697753 -2.439883
-2.632025 -1.216579
-4.373615 -2.416565
-3.692532 1.481570
-6.232427 2.426088
-5.065697 1.586302
-4.835385 1.971860
-3.661447 -1.422526
-4.142472 -1.215345
-3.026273 -1.791571
-4.408103 -0.926838
-4.557257 -2.965602
-3.258949 -2.814507
-4.279912 -4.545961
-7.512638 -6.920189
-6.687434 -6.454658
-5.057691 -5.758643
-3.550625 -2.864821
-3.852116 -3.012709
-4.089915 -0.522942
-2.999632 -1.935660
-3.980076 2.136310
-5.097823 1.895449
-8.689520 3.409497
-9.408363 1.935406
-10.821661 4.801523
