-17.329079 -4.008368
-12.974916 -5.733979
-8.862434 -8.064367
-8.930561 -8.026451
-8.862436 -8.064366
-8.930563 -8.026450
-8.862440 -8.064366
-8.930568 -8.026450
-8.862451 -8.064361
-8.930580 -8.026443
-8.862495 -8.064341
-8.930628 -8.026421
-8.862659 -8.064264
-8.930812 -8.026338
-8.863267 -8.063989
-8.931492 -8.026031
-8.865520 -8.062959
-8.934019 -8.024879
-8.873899 -8.058969
-8.943430 -8.020370
-8.904093 -8.040721
-8.834494 -8.080024
-8.150423 -8.043417
-7.701968 -8.166133
-6.805218 -8.379807
-4.846367 -9.453016
-2.144653 -11.463163
