4.878692 3.415388
1.586246 1.683173
-0.636209 0.174446
-2.072486 -0.742113
-6.016288 -3.302169
-7.548618 -3.855817
-7.877871 -5.821799
-8.404066 -8.063742
-8.388470 -8.033492
-8.404066 -8.063742
-8.388470 -8.033491
-8.404068 -8.063741
-8.388472 -8.033492
-8.404079 -8.063742
-8.388486 -8.033492
-8.404145 -8.063757
-8.388569 -8.033511
-8.404528 -8.063924
-8.389044 -8.033742
-8.406525 -8.065999
-8.391465 -8.036602
-8.414341 -8.090987
-8.391692 -8.056504
-8.456205 -8.084580
-8.443842 -8.047862
-8.901796 -8.042729
-8.833122 -8.081176
-17.669348 -8.250196
