11.984269 -3.196253
11.487607 -1.735268
11.333413 -0.798029
11.343609 -1.563891
10.968725 -1.161195
10.442997 0.234135
9.907720 0.076754
8.950512 0.333860
7.806469 0.334984
6.853308 0.981582
6.074602 1.281933
6.019560 1.325440
5.992828 1.280795
5.938735 1.326884
5.903399 1.280571
5.848874 1.328804
5.803966 1.280849
5.747059 1.331656
5.692498 1.279965
5.630136 1.333791
5.564087 1.276379
5.493337 1.333672
5.413262 1.267905
5.334628 1.320814
5.226583 1.246250
5.133953 1.294270
4.968067 1.208450
4.838655 1.252387
4.556708 1.159972
4.316916 1.240375
3.797642 1.209594
3.247271 1.494822
2.403023 1.786263
1.220322 2.867457
-0.097127 5.178781
