-17.896976 -14.207856
-15.053696 -11.096414
-15.049856 -11.089530
-15.041985 -11.076005
-15.025751 -11.049561
-14.992018 -10.998157
-14.920991 -10.899199
-14.768651 -10.711382
-14.429444 -10.359034
-13.654044 -9.692937
-11.858700 -8.276483
-8.553429 -8.028950
-8.544125 -8.071026
-8.362206 -8.063045
-8.326349 -8.016759
-8.386292 -8.086928
-8.352948 -8.046338
-8.388077 -8.087659
-8.355028 -8.047233
-8.388198 -8.087680
-8.355172 -8.047258
-8.388206 -8.087680
-8.355182 -8.047258
-8.388207 -8.087681
-8.355183 -8.047259
-8.388207 -8.087681
-8.355183 -8.047259
-8.388207 -8.087681
-8.355183 -8.047259
-8.388207 -8.087681
-8.355183 -8.047259
-7.788826 -6.301041
-7.495005 -4.675129
-6.352672 -3.569818
-0.032993 5.910708
-0.940709 5.772795
-1.152192 6.433294
-1.243459 7.763978
-0.835115 7.958910
-1.577631 9.349385
-1.061500 9.540409
-0.739105 10.183414
-1.232559 10.045510
-0.801394 10.299587
-1.295126 10.139750
-1.294272 10.091966
-1.738682 9.949296
-0.788649 10.194741
-0.707933 10.351934
-1.081860 10.190536
-1.547514 10.038381
-0.687810 10.250463
-1.381969 10.042361
-1.820301 9.905025
-0.832216 10.168303
-0.733528 10.336832
-1.091342 10.184739
-1.555882 10.033435
1.059700 11.064574
2.924167 12.128092
