13.981951 -7.775295
9.016577 -9.496591
-8.826742 -11.473871
-10.295538 -11.380652
-12.858202 -11.853911
-13.377251 -11.892051
-12.870899 -10.916343
-12.625763 -10.473935
-13.074810 -10.959687
-13.915698 -11.856604
-14.058658 -12.009023
-13.298958 -11.011267
-12.943794 -10.547166
-13.302114 -11.045938
-14.016362 -11.905846
-14.126338 -12.049714
-13.342603 -11.038737
-12.976274 -10.568121
-13.326080 -11.063588
-14.027527 -11.914676
-14.134092 -12.056331
-13.347700 -11.043063
-12.980114 -10.571358
-13.328978 -11.066180
-14.028901 -11.915936
-14.135059 -12.057256
-13.348343 -11.043664
-12.980601 -10.571804
-17.483398 -16.755623
