-9.937573 -10.843659
-6.682191 -8.445178
-4.579010 -7.193630
-2.503098 -5.218843
-0.689068 -2.744202
0.972319 -1.223624
1.017421 0.707920
1.575422 0.838390
0.957015 0.672686
1.514067 0.799624
0.909673 0.646872
1.458478 0.775774
0.867875 0.624921
1.410664 0.756969
0.833132 0.607983
1.371436 0.742134
0.804227 0.593212
1.338174 0.729553
0.780713 0.580394
1.311326 0.718863
0.762379 0.570051
1.290261 0.710234
0.747990 0.561973
1.273903 0.703438
0.736359 0.555695
1.260642 0.698080
7.666424 0.599131
9.463183 0.017206
10.476901 0.241959
11.842656 -1.147925
