5.851091 1.797859
3.419959 1.206632
1.552773 0.874792
1.553358 0.874970
1.554479 0.875203
1.556632 0.875354
1.560791 0.874799
1.568888 0.871357
1.584513 0.858089
1.615288 0.813935
1.675752 0.675214
1.351923 0.178351
1.210972 -0.533431
0.795720 -1.944953
1.402652 -2.207522
1.024281 -2.916296
1.638350 -3.325461
1.675759 -3.299816
1.555491 -3.344663
1.645838 -3.301637
1.541107 -3.344533
1.640417 -3.300415
1.538453 -3.343729
1.639370 -3.299840
1.537930 -3.343404
1.639153 -3.299650
1.537819 -3.343301
1.639105 -3.299595
1.537794 -3.343271
1.639094 -3.299579
1.537788 -3.343263
1.639092 -3.299575
1.537787 -3.343261
2.947535 -4.085123
4.881498 -5.350680
5.759535 -7.145790
6.451766 -7.949637
7.124655 -8.347173
8.164449 -9.590201
9.191272 -11.200244
9.380281 -11.164016
9.936902 -12.835675
