-18.911089 -17.934580
-13.490862 -10.773049
-13.845373 -11.214808
-14.606864 -12.116300
-13.486173 -10.769595
-13.839075 -11.210223
-14.597243 -12.109593
-13.464735 -10.756108
-13.809995 -11.192584
-14.552815 -12.084170
-13.364573 -10.706618
-13.671627 -11.129485
-14.340889 -11.997396
-12.872560 -10.548617
-12.976161 -10.940427
-13.279705 -11.764142
-10.135200 -10.321507
-7.082360 -8.001012
-4.968263 -6.504812
-2.699625 -4.224834
0.235049 -1.229246
1.356670 -0.566213
0.903541 0.401901
1.508627 0.501589
0.974072 0.696465
1.526329 0.828467
1.260098 0.739455
0.768619 0.592054
1.805940 0.762204
1.337867 0.670829
1.132504 0.672536
1.761320 0.781233
1.417988 0.781672
0.903429 0.645669
0.849265 0.575050
1.435107 0.702533
1.194792 0.697688
0.710517 0.548205
1.757240 0.744709
1.295971 0.654046
1.106037 0.662715
1.731152 0.772879
6.830577 0.802776
8.847162 0.329285
11.317228 0.071093
