-15.613350 -4.934655
-14.535397 -6.444836
-13.655122 -6.772965
-14.438115 -2.939503
-15.019945 -1.071119
-10.659453 3.415726
-8.228292 4.802714
-7.953595 1.155713
-6.414706 1.158140
-8.315804 1.122275
-7.533344 2.080956
-7.266275 2.386406
-5.480464 1.498808
-5.023062 2.198425
-4.683384 1.681609
-3.711752 -1.417212
-4.401166 0.412424
-3.508642 -1.986111
-3.328954 -4.393750
-4.830553 -4.480702
-3.966937 -4.536145
-7.118971 -4.131481
-5.924473 -4.563614
-6.882576 -6.161586
-6.984241 -5.781513
-5.881639 -4.460988
-5.641461 -4.570251
-3.416367 -4.166294
-3.016379 -1.290177
-4.241612 -2.600708
-4.039530 -2.797875
-4.433750 -3.691556
-4.033352 -5.611215
-5.794850 -3.923460
-5.462299 -4.634343
-4.700742 -3.995428
-5.986462 -6.323816
-4.796359 -3.958598
-2.703347 -3.256458
-4.915887 -4.850470
-2.742217 -3.437097
-4.274816 -2.353021
-2.848405 -1.918897
-4.079296 -1.709218
-3.507011 -1.401324
-3.999531 -2.669592
-4.239589 -2.359529
-3.389625 1.236625
-6.194827 1.791819
-2.738216 0.662939
-3.745979 -1.281174
-3.964900 -0.219208
-4.280057 -1.169765
-4.330316 1.047068
-2.879409 0.814941
-2.764402 -1.055188
-4.088784 -2.478373
-4.020282 -4.871455
-6.505120 -4.337607
-4.615644 -4.084487
-3.508254 -0.372404
-2.979300 -2.478173
-3.726679 -1.182985
-4.485694 -3.548864
-3.046621 -4.247598
-4.614004 -5.022664
-4.077971 -0.942302
-4.380450 -1.232788
-4.584270 1.682889
-6.210886 3.247033
-6.535680 3.782448
-8.613822 1.410485
-7.330873 1.389027
-7.058357 2.663435
-6.962167 2.482016
-4.700945 1.583014
-4.057652 0.122545
-3.333740 -0.381249
-3.957841 -1.656350
-4.458409 -1.615063
-3.795353 -1.703638
-3.936145 -2.652007
-4.356490 3.377131
-4.528223 2.007186
-5.675364 1.999439
-5.097521 3.167358
-6.437449 2.016925
-7.330633 2.494684
-8.547862 1.117619
-8.956804 1.465488
-8.040977 1.279125
-8.362099 1.539839
-7.069095 2.531278
-5.982644 4.746718
-2.997128 0.173811
-3.792488 -3.338647
-3.240372 -1.031094
-3.790630 -3.393149
-3.254961 -3.019763
-4.521859 -2.126050
-4.206186 -3.341755
-3.943382 -5.555410
-5.976255 -4.500756
-6.322223 -5.309051
-5.687211 -4.017899
-7.556226 -6.673306
-7.057849 -6.292748
-7.425879 -8.512549
-6.053518 -7.847599
-7.374423 -7.719706
-7.406851 -10.501376
-9.842060 -8.545984
-7.484550 -7.907963
-9.665191 -10.142119
-10.743849 -11.141032
-14.439836 -6.770448
-12.059484 -9.201983
-10.147778 -8.923656
-8.954033 -9.439258
-9.798122 -10.678072
-8.986882 -9.011823
-11.583334 -8.189276
-8.386065 -10.659228
-12.922711 -4.405366
-11.979774 -9.268579
-7.828320 -6.350591
-9.766316 -1.676298
-10.468801 4.609678
-8.136255 3.463009
-10.900496 -2.208287
-10.624525 -2.602183
-11.082981 -0.529439
-11.266638 -2.034038
-11.575366 3.625124
-11.934304 3.835832
-8.254524 1.735006
-6.167607 1.630473
-5.618773 1.743687
-6.210828 3.234917
-5.777092 1.245383
-7.130010 2.197911
-6.203520 1.639732
-5.037630 1.533884
-4.839050 1.298177
-1.692162 0.535898
-4.060722 0.186676
-4.201675 -0.866852
-4.575470 -1.192529
-3.066271 -2.160526
-3.897255 -0.014448
-3.427887 -0.823465
-2.276896 -0.320659
-5.174997 1.928542
-6.832813 3.154104
-5.847311 1.459622
-7.997293 3.383310
-6.296853 4.699102
-7.385132 3.742046
-7.277848 1.143259
-3.935008 1.709110
-3.886170 1.472210
-3.170227 1.242543
-2.691535 -0.993864
-3.490437 0.035961
-3.418501 -1.625280
-4.415042 -2.397353
-4.290650 -3.035473
-4.221360 -0.390488
-3.406296 -4.717502
-6.778116 -5.330511
-7.655722 -7.032789
-6.336454 -8.821557
-8.904640 -9.249887
-12.236395 -8.930947
-9.742658 -8.581941
-5.918673 -7.418593
-6.405088 -6.579235
-7.550565 -5.719297
-7.963996 -8.468508
-9.245562 -9.728549
-8.687479 -8.556164
-8.200206 -8.748794
-8.067500 -12.107824
-16.842796 -5.195894
-13.612788 -5.312692
-8.334116 -15.432130
-9.686654 -8.615668
-9.087149 -8.932163
-5.067173 -8.306745
-5.815343 -6.502323
-5.113378 -7.547343
-4.837487 -10.079328
-4.219419 -10.029733
-11.479650 -8.643041
-7.776124 -8.273867
-1.945872 -2.573102
-4.067867 -4.923895
-6.961447 -6.732283
-6.633785 -5.990377
-6.361043 -6.626455
-3.025454 -1.967821
-4.461692 -1.432937
-4.555491 -2.312480
-4.233621 -1.077567
-3.511142 -0.919150
-3.302205 -2.740922
-4.036631 0.835778
-4.332539 1.821860
-7.130558 2.237307
-6.717754 2.220034
-8.194695 1.328578
-8.399836 1.423024
-7.409806 1.819592
-9.390561 1.383823
-9.013925 1.386150
-12.120381 3.798731
-11.240668 -1.831360
-10.965909 -2.969696
-12.419323 0.278294
-10.907230 0.237473
-12.590828 1.085389
-12.274442 0.064444
-10.957420 1.648864
-11.674780 3.729968
-7.924118 2.100702
-7.258815 2.346988
-5.263255 3.711983
-4.323019 0.205850
-2.975133 -3.253211
-2.379298 -2.511448
-4.322935 -2.204655
-3.727218 0.176638
-6.619930 1.852568
-5.528556 1.237448
-5.106106 1.509554
-2.264460 -0.135001
-3.632424 -0.008689
-3.834229 -0.772386
-4.539249 0.273992
-4.515798 0.197986
-2.570242 -3.111023
-4.786904 -4.704689
-7.120960 -4.621158
-7.349045 -7.996737
-4.165250 -4.377563
-5.753909 -6.033762
-3.469462 -3.879456
-5.575879 -5.321949
-5.181112 -4.021173
-7.131872 -4.044841
-7.144638 -5.855781
-6.076207 -4.323063
-7.446109 -6.216765
-6.571805 -7.249075
-7.665029 -8.980292
-9.698835 -9.555379
-7.460390 -12.587754
