5.751359 -19.199120
11.758715 -13.708787
6.842082 -13.221297
7.232902 -10.971719
5.618835 -10.559627
5.431034 -0.981864
4.778166 -5.499148
6.728341 -8.960152
8.416069 -8.857963
8.686620 -11.302103
7.080138 -11.879273
7.550354 -8.401528
6.298708 -8.908892
7.591351 -11.099939
7.280954 -7.867423
8.167781 -10.618051
8.362138 -9.478084
7.529395 -12.236004
6.286738 -9.166343
9.268475 -10.033166
1.923016 -10.843225
6.072227 -9.150230
4.790599 -7.564384
5.480651 -7.988028
6.224656 -8.806680
6.593561 -10.323096
7.775813 -15.208871
11.111678 -13.789380
5.692654 -12.495152
5.507262 -10.107312
8.867843 -9.502483
6.892190 -9.599843
8.167223 -12.632668
9.494283 -13.015361
10.350700 -16.496147
8.816273 -16.307499
8.521563 -9.426661
3.420909 -10.750589
12.670330 -5.014086
14.067086 -7.632288
13.918754 -7.014526
13.322020 -6.293381
15.545021 -8.415570
12.116295 -6.059286
11.914271 -5.505526
13.036224 -6.567625
14.672227 -7.556464
14.917980 1.255999
