19.310053 7.893436
13.439693 -7.236837
11.997416 -6.158517
11.798545 -7.599373
7.273699 -7.973091
8.074654 -9.191705
5.023200 -7.012748
4.374394 -8.391955
3.151834 -5.568675
3.267162 -8.278106
5.560261 -7.421113
5.097381 -4.863527
5.914474 -3.725661
5.744263 -5.522244
5.794793 -8.015689
6.025084 -6.678553
4.996350 -10.608249
7.508330 -11.274421
8.929367 -9.729920
8.008945 -8.444634
6.397349 -12.657206
9.035519 -10.108010
6.087481 -10.926591
6.822711 -10.610820
6.260093 -8.162003
5.691510 -8.134067
5.580684 -6.244455
5.155632 -10.603621
8.631908 -10.583890
13.026493 -7.028993
13.356421 -0.671778
12.246161 2.331918
7.492549 2.343906
8.844026 2.317409
9.000971 3.442872
4.606215 -1.225387
7.614807 1.847616
9.765154 1.358362
5.869498 -2.648178
5.126981 -3.089816
6.250642 -1.946396
6.264222 -2.744447
4.811052 -6.023913
5.724300 -5.466265
11.797276 -4.086281
11.580650 -4.496373
14.811308 -2.468237
14.681424 -3.955478
12.123176 -4.287186
13.293835 -7.540051
8.653491 -11.906390
8.174650 -8.881535
8.551475 -8.615611
7.566504 -9.145679
6.635666 -12.480952
8.890842 -11.272819
6.408985 -11.052032
16.754791 -19.364511
11.857272 -17.534304
16.037870 -13.068313
17.227314 -9.680992
15.014198 -7.364310
12.295123 -5.826813
8.379209 -10.016433
6.635695 -9.266822
9.006358 -11.078973
8.606828 -9.302505
6.215559 -9.106875
7.034964 -11.380601
6.581333 -9.072267
9.234897 -9.169440
8.747494 -13.047132
8.807407 -13.426451
15.540876 -12.787305
12.152734 -16.052420
11.042352 -13.833895
6.215284 -15.863717
13.548829 -14.556376
8.401709 -13.730197
7.638458 -11.107253
7.998076 -10.682933
6.033580 -10.357004
5.338264 -11.064042
4.794180 -10.739732
8.784917 -13.788009
15.735043 -13.935581
9.768492 -13.153245
9.047545 -12.770299
7.244308 -9.727673
8.483099 -10.411724
8.046831 -9.308135
7.678320 -8.945099
6.725662 -9.554742
6.449949 -10.780316
6.406081 -9.338498
9.108765 -8.005495
3.217444 -10.388822
8.211882 -8.496606
6.781025 -11.868262
4.299995 -9.290125
1.783304 -6.488510
5.743998 -8.058667
10.060080 -13.905585
14.460472 -13.862106
14.118871 -14.507936
12.370698 -19.093349
