-14.902763 -4.029543
-14.744593 -1.887388
-16.614502 -5.735359
-13.449049 -1.674285
-15.168262 3.035929
-16.075369 0.297736
-11.119218 -2.629161
-11.662444 -0.861956
-9.602078 -1.233570
-10.594674 -1.721544
-10.682181 -2.798255
-7.461053 -7.754957
-7.678427 -7.001431
-7.527151 -8.135587
-7.354842 -8.487223
-9.193193 -8.267064
-9.577003 -8.659094
-10.954198 -11.533885
-10.661145 -9.777815
-8.950562 -8.829637
-6.962448 -7.435980
-7.125185 -6.475949
-6.870567 -5.520095
-7.535640 -6.569868
-11.539850 -11.242758
-16.131165 -8.794818
-13.282969 -6.878038
-12.648415 -10.339722
-10.832644 -8.460159
-15.020665 -5.511221
-17.167007 0.352256
-10.981102 1.735366
-8.842266 2.010897
-10.167547 -0.413703
-4.072724 -2.828064
-5.322693 -5.228384
-6.343332 -4.608981
-7.071261 -7.401265
-6.485563 -6.882595
-7.705570 -5.526186
-7.307067 -4.440538
-7.784496 -7.299328
-5.914645 -7.058446
-5.133328 -8.337966
-9.604808 -8.330531
-6.504748 -8.534311
-8.775197 -8.420053
-10.811365 -8.020817
-5.909297 -8.836173
-7.585790 -8.003451
-5.558321 -5.926324
-6.221855 -5.071978
-3.625085 -3.748264
-3.825634 -0.887883
-3.353446 -0.266894
-3.958189 -1.184424
-3.561347 -1.028153
-4.154913 -1.460363
-2.994481 -2.150342
-3.767577 -3.514949
-6.028660 -4.003392
-7.071125 -4.420439
-7.205552 -5.416317
-7.737626 -6.746730
-5.795728 -5.975281
-6.983469 -6.417503
-6.719934 -8.945729
-7.815512 -8.064849
-10.164440 -9.294382
-9.977695 -9.691368
-7.768851 -9.000573
-7.134986 -8.193577
-5.926539 -9.690383
-10.132748 -8.992162
-10.656218 -11.507237
-15.056309 -6.435214
-13.131844 -4.072470
-16.291399 -3.316746
-14.338702 -1.726814
-11.660394 -2.413292
-16.125973 -1.505814
-16.630838 -7.220907
-14.787580 -6.464902
-12.093481 -10.128656
-9.604170 -10.473421
-12.085121 -9.421786
-9.041139 -8.240967
-10.293171 -10.175502
-9.173000 -8.090184
-6.579306 -10.438840
-4.532600 -9.051176
-6.802173 -7.741989
-7.396804 -5.490140
-7.590950 -6.194037
-7.869587 -7.083704
-4.580297 -7.893624
-8.805085 -8.373698
-7.161464 -8.553726
-7.565487 -4.363741
-4.758974 -5.104586
-5.339389 -5.734166
-6.915410 -8.817408
-7.662400 -9.007937
-9.577310 -9.232425
-8.127353 -9.345738
-6.844437 -7.401144
-7.112775 -8.030532
-6.838763 -7.791702
-4.553331 -6.422709
-6.684956 -7.623638
-6.767704 -8.088490
-5.457004 -7.530341
-8.944189 -10.047614
-15.537241 -10.316760
-16.449556 -5.998725
-14.515558 -0.699694
-10.628040 -2.486570
-11.164299 -1.332284
-9.688988 2.075550
-6.375325 1.523847
-4.264892 1.270424
-3.264881 -0.348551
-4.015458 -3.051546
-4.531948 -1.209048
-3.773097 0.270048
-4.164886 1.833840
-6.483883 2.604134
-6.556832 2.117934
-9.405331 2.677454
-8.846182 1.699126
-6.594274 1.228902
-9.424122 1.816001
-11.846016 4.538345
-9.687132 3.590524
-9.093811 2.023263
-10.702457 0.459934
-9.780676 -1.663427
-4.413789 -0.568128
-4.554091 -1.514459
-3.729577 -1.783934
-4.201100 0.245377
-3.660579 1.447654
-7.145081 3.642635
-6.438833 2.781101
-5.817859 2.563211
-4.847810 2.472609
-4.148375 0.050025
-4.133252 -0.569784
-4.408794 -2.888560
-4.081701 -3.526638
-3.322357 -2.859932
-4.377004 -2.092533
-3.129908 1.431785
-2.826966 1.017158
-5.381156 1.297143
-5.248677 2.513169
-8.185344 2.984906
-8.605645 3.945289
-6.477518 2.753755
-10.091753 2.088181
-7.660036 3.394657
-8.164325 2.457155
-10.432045 1.529982
-11.749625 -0.228503
-10.040220 2.831424
-8.515887 2.969153
-6.160765 2.498329
-5.734574 1.589930
-3.399082 0.653315
-3.317402 -0.623358
-2.597169 0.594583
-4.098835 0.122772
-3.394823 -0.587586
-1.493655 1.462817
-4.495330 -0.540265
-4.331633 -1.625079
-3.881428 -3.795750
-6.596786 -5.793516
-6.852174 -9.140614
-9.490860 -9.238087
0.137149 -10.202952
6.391524 -19.264860
