1.482077 -1.385491
1.719962 -0.470307
1.412337 -0.810085
-0.241293 -0.524197
-0.678919 -0.747879
-2.060613 0.077793
-4.144867 -2.394197
-4.162282 -2.882076
-4.505651 -0.526764
-4.059160 -1.058213
-4.313175 1.219913
-7.411407 1.192825
-8.456841 1.273665
-5.748350 2.512317
-3.091803 0.454858
-4.225485 -0.268396
-4.389233 -0.715038
-4.175663 -2.363962
-2.683989 -1.407264
-3.246590 0.548013
-0.748099 -0.815613
-7.421894 -8.253669
-7.279137 -6.539989
-7.170050 -4.039966
-7.847322 -6.025312
-4.943432 -4.362792
-2.727810 -5.061323
-4.624435 -4.579975
-7.223650 -3.938884
-6.577387 -4.774293
-5.587260 -6.246466
-8.533377 -9.235213
-11.234549 -8.416081
-11.991690 -9.695163
-17.885136 -3.044455
-11.250473 -0.817574
-10.872398 -1.247861
-10.135933 -0.563318
-11.420589 1.549280
-10.811802 1.407781
-10.845034 -1.201387
-10.916315 -2.150638
-12.695680 -1.662531
-11.993904 -2.427545
-17.932060 -2.850920
