17.405148 -10.314608
15.201197 -10.819965
15.104700 -11.969880
15.546753 -9.657719
14.811115 -14.092699
12.563253 -13.069249
3.068183 -6.074072
5.285569 -2.942233
8.373288 -8.749370
6.405511 -11.567702
8.802031 -9.011558
8.551681 -8.280505
7.921422 -13.846547
12.493526 -13.614635
11.999262 -12.934789
19.330492 -14.716940
16.464531 -9.891645
11.886772 -16.395815
8.147606 -13.291732
8.112796 -8.923449
5.757112 -9.769688
7.081480 -11.555671
9.505982 -13.045794
8.982153 -12.603650
8.092837 -9.929772
3.534128 -7.062621
4.316630 -6.754841
5.877325 -7.202290
5.200397 -9.656005
8.873699 -10.197021
7.940952 -8.145304
8.649204 -9.841890
8.891800 -9.449889
9.187338 -9.276273
8.182777 -9.289908
6.372531 -9.375945
5.130713 -4.893279
6.521454 -0.589249
7.132046 2.683662
8.319668 1.596401
9.518354 2.855779
9.486264 3.156954
10.441272 1.868572
8.304641 2.766036
5.910106 -0.887826
6.788368 -1.343545
7.337949 -0.637453
7.131323 0.875015
7.092899 -0.323301
6.775022 -1.206503
7.328881 -0.781527
5.321744 -1.084242
6.251338 -2.792992
3.241458 -2.624538
7.927075 2.153098
8.343141 6.705306
5.225706 10.349250
