-5.844162 -16.662008
-7.034811 -8.507921
-6.645930 -7.153825
-4.742045 -4.963193
-5.391944 -1.363480
-4.152839 -0.323753
-2.204020 -0.200973
-1.879561 4.740643
-2.365755 3.611102
-1.213752 5.650902
-2.878768 6.571987
-4.498644 7.305348
-6.236860 7.058491
-4.056458 6.967158
-4.578620 8.469567
-7.507134 9.622081
-7.355727 6.589959
-5.263465 6.972836
-7.110328 8.980865
-7.260594 8.929252
-8.532570 9.132146
-6.752562 8.954307
-12.197521 9.038568
-6.610129 9.495074
-7.706979 10.123864
-14.708059 11.238383
-11.745754 8.506707
-12.970057 8.834712
-13.500276 8.202331
-16.786755 18.188404
