-0.952860 -10.065145
-2.125471 -7.809136
-1.266812 -2.539677
-1.487731 -0.136074
-2.417394 1.308530
-2.246194 2.678405
-1.628830 7.189938
-3.440531 7.200911
-5.435559 7.367679
-5.003493 8.502037
-1.286497 6.434851
-1.826270 5.198006
-1.922308 2.956612
-1.054783 2.517862
-2.002841 4.197499
-0.908179 2.982215
0.060932 6.104253
-0.804201 4.204545
0.012488 1.698697
-1.873750 3.026461
-1.819690 4.514024
-0.796518 6.435532
-5.898797 6.494821
-4.118835 8.138955
-0.984028 6.047307
-0.476733 6.915198
-3.290755 8.624511
-4.884259 8.378260
-4.427433 7.195388
-3.809350 7.853376
-6.135813 11.289990
-8.767259 18.062748
