-14.679320 -15.017374
-13.620295 -4.788318
-13.772011 -7.902744
-13.737424 -5.907179
-15.541414 -8.705058
-11.996803 -0.618123
-10.902763 -0.351202
-12.137161 -1.825856
-8.666816 1.163963
-9.598506 2.506268
-8.195032 2.715699
-8.453480 2.785775
-9.059935 2.839185
-8.765766 2.209597
-11.020033 2.759119
-7.327290 -0.851965
-11.536022 3.465356
-10.781348 3.395132
-8.869823 2.919400
-9.949698 2.170379
-9.436532 0.547921
-8.463896 2.965368
-2.278821 0.824661
-3.253254 0.729550
-2.455119 4.211836
-1.555958 5.712501
-1.467979 5.587480
-1.467104 4.831934
-0.616578 6.463045
-1.937922 4.676479
-2.466499 4.409297
-2.766381 6.855958
-1.971533 6.507679
-4.118391 7.197385
-5.146513 8.178706
-2.901278 7.295425
-3.028112 7.882640
-2.670056 8.259409
-2.629737 7.529753
-2.539503 7.705803
-1.055090 3.428197
-1.135407 7.802803
-4.020455 6.762346
-5.165218 6.321651
-3.848154 6.716490
-1.059903 6.064420
-0.975344 6.417499
-1.977097 5.254040
-0.472123 5.623491
-1.173263 5.796445
-2.261848 7.602895
-5.358329 6.556532
-7.268207 6.906673
-6.174071 8.090383
-5.769080 6.529070
-6.470612 6.915534
-4.976325 8.195938
-6.715518 7.187328
-7.435867 9.433990
-9.004049 8.854883
-10.853613 12.548060
