14.266394 13.797894
7.056356 15.355395
4.556834 13.363297
-7.972373 9.109283
-9.354634 10.508767
-8.569448 10.270553
-8.956777 10.390162
-9.885133 9.556909
-10.783236 9.948196
-6.561230 8.803425
-7.467513 7.445627
-7.815428 6.657691
-7.787090 4.550172
-8.332622 1.098941
-6.600234 -2.525534
-8.448995 0.947679
-7.803466 3.745642
-7.808805 3.233440
-8.175620 3.041000
-8.477223 3.216131
-7.739267 1.434872
-6.560933 -0.165825
-5.870995 0.916988
-2.257186 3.050863
0.537750 3.764945
-1.826270 5.887680
-3.394201 7.162569
-4.996863 6.616350
-7.482536 6.401735
-7.783244 7.418914
-6.185740 6.402615
-1.342758 3.931354
-0.583092 4.482880
-2.385433 6.554630
-2.445169 4.838464
-2.145233 4.346861
0.104656 2.133504
-1.461725 3.548708
-0.654208 4.474375
-1.741178 7.611488
-3.774483 7.309568
-6.373850 8.284942
-4.998494 6.759536
-4.763790 6.445900
-6.665405 6.503874
-7.071563 6.409706
-6.886365 8.117594
-6.330709 8.121352
-7.193651 7.637660
-6.655002 10.336914
-5.205890 7.924325
-7.669394 6.143246
-7.414845 7.700052
-7.529583 6.136040
-0.518731 2.974232
-1.770238 3.783096
-1.750352 3.708871
-6.897877 6.692411
-3.840152 6.920137
-6.386853 7.757043
-6.968811 6.489449
-5.583922 6.386750
-5.111414 8.224837
-6.264674 6.730454
-5.316956 7.028143
-3.368821 7.478373
-3.135454 7.356412
-4.086043 6.768048
-2.618222 6.909436
-1.059516 2.903746
1.361822 3.878347
-1.700915 4.300149
-2.207237 4.040835
-0.023678 2.066850
-2.005586 1.615019
-1.015110 2.645686
-1.009603 4.230525
-2.760102 6.850410
-3.717036 7.656779
-5.932631 6.468741
-7.819968 2.841366
-8.826407 3.040421
-6.323716 7.118881
-7.876239 7.345283
-7.756748 5.744023
-7.562800 6.150175
-7.614944 6.113297
-7.724841 7.930089
-4.625384 7.397215
-4.339594 6.452805
-2.973914 6.507815
-1.117340 6.589551
-2.400412 5.052805
-0.909084 2.640851
-0.876068 4.886886
-0.812113 6.736996
-4.585041 7.035048
-3.973331 7.728981
-5.606049 6.596727
-3.836024 7.167421
-4.352014 6.960434
-6.761424 7.145925
-4.647945 6.492772
-6.063493 7.213648
-7.786617 7.140404
-4.073835 8.582000
-8.573555 8.787063
-6.400307 7.881825
-6.683915 9.143337
-8.363127 9.173116
-7.534538 7.957191
-5.688528 8.588067
-6.555596 7.919576
-5.464808 9.350135
-6.180475 6.875455
-1.982033 1.963729
-1.737981 0.876560
-0.912741 -0.323275
-1.372596 1.549991
-2.042804 -0.084946
-5.490513 1.087482
-8.414898 0.117597
-5.697416 -0.811340
-8.173490 1.354356
-7.515993 5.683132
-7.639325 3.437769
-8.354482 2.629689
-8.052364 2.814802
-7.649014 7.069095
-7.648628 8.088414
-7.885631 5.781817
-6.827882 7.605882
-5.176422 6.861488
-6.547525 6.942502
-7.643161 7.999537
-6.722649 6.472075
-7.018484 6.525840
-8.354540 0.449446
-8.023019 1.787396
-7.463548 7.526275
-5.672096 6.748254
-6.928161 7.056530
-9.271379 8.562537
-8.342536 8.570122
-7.367713 10.869370
-9.478303 10.329755
-14.308619 10.809324
-10.744944 10.157965
-5.765705 7.653580
-4.563900 7.611135
-3.163545 7.162868
-4.566819 7.768511
-5.275040 6.365860
-7.709545 7.975579
-7.713186 5.409688
-7.518958 7.631823
-7.612222 8.033408
-7.496008 9.487223
-5.744652 6.701410
-6.692448 7.041981
-5.809249 8.603992
-3.326665 6.929013
-8.025221 9.175554
-10.323019 9.457936
-7.065769 8.587198
-7.170277 7.304451
-7.106418 7.681691
-5.610187 9.370770
-10.530186 8.806939
-11.427689 9.332631
-7.493143 7.146534
-6.965981 7.582060
-6.305720 6.584897
-7.125612 6.845074
-5.081657 6.911166
-5.572734 7.849307
-5.505408 6.444263
-7.042360 6.418461
-11.464659 1.890156
-13.351721 2.192792
-11.349241 2.982705
-10.820221 1.356722
-10.106771 2.654720
-10.690071 2.583319
-17.077183 2.669247
-16.562983 10.859157
-12.265310 9.321511
-12.310953 8.636964
-9.818027 8.694659
-14.574039 10.560359
-13.202750 6.841109
-11.631008 9.889921
-7.345717 10.309415
-11.257448 12.036641
-9.860200 10.538419
-9.420407 8.615975
-10.337450 9.176628
-10.648516 9.971220
-12.547897 9.577371
-14.172447 7.872132
-14.230719 6.411453
