4.237722 -17.771751
5.611041 -10.689849
5.020836 -7.931273
4.853731 -7.431936
5.843444 -6.675095
5.862743 -5.727371
5.687677 -5.802579
5.985363 -5.278307
3.640042 -5.620193
1.508076 -4.370790
1.085914 -2.690516
0.097216 0.063340
-0.633012 -0.418701
1.661261 -0.606466
1.421815 -0.342983
1.352364 1.585384
2.997939 1.147354
4.931277 2.234511
3.237520 1.174934
3.083928 3.301444
2.516598 2.005996
5.098003 2.007898
4.757601 1.796552
8.331250 0.779305
7.647762 0.185861
11.469070 1.952526
7.412623 1.149445
3.168089 2.224651
4.193016 3.295726
3.811709 1.322033
2.011055 1.137693
1.263782 1.371693
1.448514 0.575427
1.225689 0.253050
1.589753 -1.497418
2.814722 2.306026
1.721975 3.123388
2.794520 3.005986
5.205771 2.460576
7.738886 4.185087
6.945441 0.796436
5.820735 1.976501
5.297240 1.451721
4.873630 2.266453
3.950546 3.621009
4.072159 1.798097
4.615700 2.391703
1.570547 1.507545
4.403129 1.124041
5.411537 1.162158
6.496052 3.533333
4.955839 1.120421
4.088387 1.316618
2.253912 1.491147
3.835222 1.547755
4.763770 1.198801
3.643509 2.810281
4.064639 1.270073
5.387094 1.934659
6.342757 1.788419
7.835830 2.655520
