-19.759701 16.812500
-12.638119 8.609278
-8.032553 9.277579
-10.401173 11.583005
-10.148146 10.249451
-9.309214 9.752959
-5.145411 6.318366
-1.164901 7.080184
-3.294191 7.689727
-1.762443 5.491720
-1.728020 3.482200
-1.971131 2.728141
-2.453502 4.398200
-1.209924 2.881471
-2.575047 0.242519
-2.286650 0.121292
-4.317959 0.827430
-4.578454 -1.340519
-4.558060 -0.167347
-3.138653 0.700624
-3.751469 -1.872732
-7.759697 1.422395
-9.169462 0.541301
-10.191142 2.315636
-14.374037 0.331207
-13.046577 2.143402
-11.531752 1.968992
-11.917242 3.471345
-8.046712 3.425088
-8.928858 2.125154
-7.525801 4.075961
-8.526261 2.134857
-6.487782 0.581965
-10.122503 0.157849
-9.435640 2.771676
-9.158911 8.569983
-7.731327 9.321048
-7.518795 6.518366
-7.761569 8.858895
-6.813865 7.935165
-4.326541 8.283626
-7.790720 9.728162
-6.286118 8.223783
-7.244153 11.097409
-6.619116 9.667833
-10.140079 13.029004
-11.144836 9.740964
-8.495782 8.910707
-9.697531 10.527799
-11.403305 9.193951
-5.109282 8.660084
-5.955568 6.774484
-5.575898 6.798158
-7.391043 8.440402
-7.432510 8.436103
-6.000508 0.823842
-6.376479 0.752200
-6.887275 -0.859671
-3.572709 -0.154985
-5.299131 0.340711
-13.334658 6.681988
-15.024535 1.382042
-15.303073 4.900357
-13.937140 4.072595
-14.106748 8.444373
-13.318626 7.854502
-13.917362 4.783276
-11.567370 1.099519
-8.453427 3.173888
-9.714247 3.249987
-8.410079 -2.143836
-5.396230 0.844286
-6.531905 1.207167
-9.818127 1.484417
-10.217256 0.654489
-10.147795 1.958175
-10.259435 2.186617
-7.538691 2.524662
-7.725371 5.521583
-7.446788 8.609866
-4.942410 7.090517
-6.899719 6.422987
-8.271887 9.115908
-6.723477 8.651006
-5.387535 6.539850
-4.167732 6.971043
-4.774413 6.995031
-4.708210 6.437155
-3.686715 6.449681
-4.426641 7.459633
-3.268660 6.983701
-1.670906 5.839738
-1.820865 3.280637
-0.825180 3.556509
-1.446160 2.612429
-1.274402 3.878654
-0.813812 3.845022
-2.714599 6.781266
-6.442774 6.745286
-7.519974 7.858385
-4.675240 7.216972
-4.044671 7.130460
-4.805765 6.414983
-2.998965 6.724449
-6.905828 7.281162
-6.835957 8.594911
-6.739738 9.021111
-7.128722 8.006536
-7.649501 5.674596
-7.767818 1.446533
-6.594529 0.600180
-4.816353 0.325486
-4.757925 1.170530
-2.794282 -1.524112
-3.715871 -0.356545
-1.969110 1.229589
-0.866996 3.617772
-1.095578 1.598716
-1.575408 3.958386
-1.342450 3.377646
-1.270085 3.917416
-1.043011 3.708580
-2.374467 4.170607
-0.671847 4.783423
-5.773372 6.722412
-4.980159 8.060945
-6.614914 6.366880
-5.953698 7.386167
-4.614828 6.804082
-5.944014 7.171488
-4.955935 6.719126
-3.983513 6.924845
-1.718245 2.668063
-1.863994 4.145396
-2.816646 7.909925
-4.331847 8.127101
-5.175014 6.805058
-6.996939 7.997169
-2.308346 3.524456
-2.081818 2.835480
-7.717832 2.964089
-8.534621 1.110561
-9.376614 1.583900
-7.733987 2.345632
-10.655692 1.986927
-10.833334 2.890667
-9.746853 0.710348
-5.709960 -9.177040
-3.333288 -13.764876
-0.935536 -16.092592
