2.980281 -14.016215
5.443393 -15.178742
8.297750 -11.158105
9.057808 -9.389148
6.150039 -10.416467
5.381670 -9.372120
10.953008 -7.026628
9.403587 -7.308932
7.995353 -11.701512
8.291041 -13.030044
11.705237 -12.855035
13.437589 -12.954739
10.717720 -12.925179
7.767693 -13.248731
7.797288 -9.376135
4.149908 -14.693782
9.034342 -11.153470
7.575604 -10.339149
7.578745 -8.283917
11.866735 -6.653604
15.058693 -7.646341
8.143875 -6.927337
5.580231 -11.388967
8.596251 -6.944727
7.222895 -9.769438
5.806386 -5.603904
6.303951 -7.231202
7.442544 -7.475293
5.801053 -7.587681
5.202126 -4.612301
7.937265 -8.474208
7.856163 -10.615244
5.263928 -8.637636
8.328923 -8.536748
14.540945 -7.999898
14.604716 -6.611586
10.108432 -7.353642
7.789432 -6.659162
5.695351 -9.759243
5.891523 -8.847195
7.812952 -8.084389
5.381968 -7.541115
4.140672 -5.799334
2.048042 -4.908405
1.048604 -2.305056
1.000165 -1.620436
1.006655 -1.729826
2.132432 2.674564
3.460808 2.694257
4.389555 2.616045
3.194358 2.706209
3.344227 1.559357
6.868454 2.819344
6.821272 0.551169
7.245862 0.834629
9.044417 1.703682
3.353619 1.138637
3.687437 1.458674
3.190853 1.569151
5.780774 2.493641
3.591164 2.576126
10.661434 0.696464
8.656919 2.701794
7.961427 1.190627
7.235084 0.092542
8.493817 1.374280
6.129636 1.068042
3.586058 2.544894
2.801328 3.451118
4.641117 1.545419
5.353826 1.275573
5.047267 1.183184
7.041581 2.982013
7.612178 0.840416
7.403832 0.478627
8.321418 0.203469
7.983601 2.531510
9.790745 3.328631
8.690740 2.698196
5.310633 1.812452
4.908572 1.399139
4.312299 1.177907
2.917781 1.352775
3.439327 1.425129
0.519373 1.002764
-0.515344 -0.342322
1.310778 0.531650
1.627773 -0.306116
1.748200 1.695318
3.291012 1.172747
1.694438 2.764943
1.041173 -0.042411
1.201375 1.077824
0.864179 -1.472894
1.371354 -1.298139
1.716380 0.328000
0.531848 0.605537
4.525064 2.102541
4.369567 1.116463
5.342434 1.415777
4.202806 1.164102
3.891636 1.711100
1.489357 -3.168313
1.793035 -1.103225
1.792550 -0.979391
4.736068 -5.392362
1.906117 -5.002151
3.571665 -6.135488
6.365108 -6.801594
5.853737 -8.127074
7.944401 -9.358609
6.556942 -9.023902
8.842141 -9.383767
9.162643 -9.871638
7.892387 -8.424826
6.715877 -11.997165
5.046062 -10.148179
13.074588 -7.392179
9.423468 -7.031445
13.250382 -6.668583
11.995710 -4.938629
11.872639 -5.544868
13.763289 -3.645615
15.799170 -2.811022
