-0.805367 5.557819
-1.890131 3.566924
-2.445876 1.535917
-3.234424 0.105978
-4.026672 -0.447570
-4.568637 -0.666433
-4.301393 -0.882026
-4.227907 -0.902196
-9.275801 1.259452
-9.077841 1.138198
-8.955517 1.132664
-9.196666 1.280167
-9.192805 1.253336
-8.993006 1.136518
-9.071909 1.221952
-8.881478 1.126538
-8.350142 1.129421
-9.279840 1.316153
-9.095950 1.210746
-9.119868 1.261209
-8.932333 1.163998
-8.384298 1.152937
-9.325321 1.341238
-9.150417 1.240969
-9.172239 1.185893
-9.364641 1.306222
-8.920076 1.143919
-9.184919 1.305193
-8.668021 1.125070
-9.750785 1.227992
-9.623098 1.110119
-9.938164 -1.632600
-12.640282 -2.743268
-18.828545 -5.664555
