-10.514400 -8.724566
-10.051680 -8.059714
-9.908247 -8.175324
-9.856802 -8.068299
-9.746967 -8.181797
-9.814776 -8.096272
-9.711205 -8.204478
-9.802386 -8.105151
-9.700635 -8.211661
-9.798832 -8.107602
-9.697583 -8.213691
-9.797810 -8.108296
-9.696703 -8.214270
-9.797524 -8.108491
-9.696457 -8.214433
-9.797443 -8.108544
-9.696386 -8.214478
-9.797421 -8.108560
-9.696367 -8.214490
-9.797415 -8.108564
-9.696363 -8.214494
-11.386969 -2.671134
-11.435120 -1.331651
-12.124104 0.710228
-13.506947 6.799126
-18.229282 15.702557
