-10.250518 -19.597652
-10.488007 -10.316001
-9.843370 -8.229064
-9.977530 -8.124869
-9.887188 -8.034717
-9.773527 -8.154498
-9.828130 -8.074682
-9.722801 -8.187339
-9.809462 -8.087984
-9.707009 -8.197967
-9.803794 -8.091998
-9.702191 -8.201200
-9.802111 -8.093187
-9.700753 -8.202165
-9.801611 -8.093541
-9.700326 -8.202451
-9.801463 -8.093646
-9.700199 -8.202537
-9.801418 -8.093677
-9.700161 -8.202561
-9.801405 -8.093689
-9.700150 -8.202571
-9.801401 -8.093690
-9.700147 -8.202572
-11.277466 -2.605893
-11.155960 -1.635934
-11.284471 -0.159039
-12.327391 2.170002
-14.887486 6.162488
