-14.139426 -12.180845
-10.638063 -9.000995
-9.614397 -8.459111
-9.145082 -8.285522
-8.695196 -8.111012
-8.670617 -8.141687
-8.603895 -8.101285
-8.622088 -8.136751
-8.594472 -8.101436
-8.617126 -8.136743
-8.593506 -8.101519
-8.616617 -8.136771
-8.593406 -8.101532
-8.616565 -8.136774
-8.593395 -8.101534
-8.616560 -8.136775
-8.593394 -8.101534
-8.616558 -8.136776
-8.593394 -8.101534
-8.616558 -8.136776
-8.593394 -8.101534
-8.616558 -8.136776
-7.867015 -6.523436
-6.099091 -5.066609
-5.094259 -4.298945
-4.583297 -3.947850
-4.458410 -3.706826
-4.257716 -3.265279
-4.083768 -2.910774
0.371721 3.397779
1.713019 6.505400
3.268367 9.374558
3.950970 10.287927
4.431000 11.040119
4.420156 12.871386
