13.249109 -6.969214
10.072529 -5.416845
10.240657 0.202893
10.186374 -0.057670
10.236150 0.194005
10.181891 -0.066545
10.226725 0.177219
10.172303 -0.083753
10.205200 0.145389
10.149834 -0.117870
10.149152 0.088793
10.090167 -0.177835
9.976962 0.023141
10.053919 0.297168
9.299450 0.150076
9.165805 -0.087646
6.695237 -0.125775
6.493028 0.009290
5.464164 0.022169
5.452576 -0.249503
5.470880 -0.951279
5.041765 -0.749869
4.831983 -0.371032
5.210926 -0.479339
5.147613 -0.841891
5.442845 -1.008926
4.668843 0.112899
3.846999 1.938964
