-16.331844 2.140857
-10.471840 2.767246
-8.564568 2.646048
-3.947832 -0.713627
-4.191506 -0.674614
-4.547619 -0.322411
-3.952703 -0.860389
-4.279285 -0.837787
-4.601134 -0.651536
-4.194662 -0.758645
-4.260318 -0.783444
-4.540243 -0.716352
-4.374537 -0.692025
-4.589500 -0.621412
-4.162391 -0.788371
-4.449297 -0.732080
-4.343284 -0.696346
-4.561583 -0.625782
-4.148501 -0.793625
-4.436111 -0.740033
-4.359542 -0.833464
-4.014655 -0.866263
-4.572481 -0.220922
-4.233032 -0.263706
-4.213922 -0.043438
-3.767724 0.066974
-3.091599 0.149919
-2.259182 0.281886
-1.915494 0.386329
-1.597439 0.902974
-0.732872 1.337122
0.893175 1.906170
3.976566 2.650520
7.452347 3.183237
