-17.599993 -9.431333
-11.693328 -5.739888
-8.896361 -4.569004
-4.069548 -1.530115
-4.329710 -1.741102
-4.278651 -1.707250
-4.535660 -1.946508
-4.551855 -1.935114
-4.591498 -1.990860
-3.947299 -1.434588
-4.206777 -1.633137
-4.095253 -1.552479
-4.355126 -1.767505
-4.314128 -1.741078
-4.570241 -1.983992
-4.594602 -1.974300
-4.158641 -1.592062
-4.017459 -1.492073
-4.279233 -1.697693
-4.202610 -1.649897
-4.461050 -1.881652
-4.454853 -1.874131
-4.491089 -1.926565
-4.495037 -1.962850
-3.776158 -1.357846
1.089406 3.177462
3.324919 6.050376
5.222743 8.452476
6.797745 10.730089
