-10.128707 12.136269
-8.231220 8.823529
-7.558454 8.166279
-7.656261 8.112901
-7.788224 7.459077
-6.810015 5.209599
-6.002817 2.690153
-3.743333 -0.142364
-3.692737 -0.168395
-3.743239 -0.142370
-3.692613 -0.168406
-3.743056 -0.142382
-3.692371 -0.168427
-3.742700 -0.142406
-3.691904 -0.168469
-3.742010 -0.142450
-3.690997 -0.168549
-3.740673 -0.142542
-3.689234 -0.168728
-3.738084 -0.142817
-3.685783 -0.169297
-3.733073 -0.144147
-3.678924 -0.172337
-3.723415 -0.152730
-3.664662 -0.192814
-3.706004 -0.214261
-3.631162 -0.350627
-3.679328 -0.679485
-3.492196 -1.761089
-3.636903 -4.206671
-3.331816 -7.564499
-1.983934 -11.019992
1.227536 -18.935183
