-13.360306 13.754143
-9.485150 9.072980
-7.508430 7.991737
-7.644579 8.035975
-7.889487 8.157267
-7.509482 7.991225
-7.645907 8.035330
-7.891858 8.156064
-7.514188 7.988903
-7.651825 8.032397
-7.902315 8.150619
-7.534893 7.978298
-7.678084 8.018713
-7.948517 8.124622
-7.627235 7.925742
-7.795284 7.949411
-7.837337 6.796015
-7.698295 6.902219
-7.782992 6.479766
-7.882148 6.348670
-7.836716 6.401975
-7.932612 6.271788
-7.765320 6.496636
-7.864358 6.364296
-7.807510 6.441578
-7.904383 6.311309
-7.894748 6.323781
-7.797525 6.454352
-7.853991 6.379692
-7.949730 6.249346
-7.806453 6.442297
-7.903255 6.311961
-7.893414 6.325566
-7.796106 6.456213
-7.850765 6.384051
-7.946554 6.253761
-10.952383 2.289117
-11.786974 0.161571
-13.064577 -4.424771
-14.928151 -11.429255
