19.697948 -0.848625
13.216789 -0.368606
12.501693 1.393009
12.367887 1.406470
12.007966 1.453607
11.003892 1.761207
10.215629 1.517164
9.066033 1.311383
9.184101 1.415699
9.085233 1.412796
8.724351 1.285188
8.918056 1.356643
9.059114 1.444580
9.047740 1.405885
8.690219 1.280102
8.901263 1.352450
9.044672 1.440534
9.043283 1.404279
8.686151 1.278835
8.899260 1.351868
9.042944 1.439989
9.042747 1.404078
8.685663 1.278676
8.899018 1.351797
9.042737 1.439924
9.042683 1.404053
8.685605 1.278657
7.147180 0.286964
5.997985 -0.602448
4.775683 -1.837192
3.675841 -3.237820
-4.151301 -7.670217
-6.100686 -8.708577
-9.097768 -11.100885
-10.477322 -11.397185
-10.937473 -10.797896
-11.351486 -10.517773
-12.180300 -11.103353
-12.092585 -10.642591
-12.101839 -10.474988
-12.728819 -11.142218
-12.456906 -10.678117
-12.358461 -10.507681
-12.919259 -11.189755
-12.585902 -10.709472
-12.451048 -10.531696
-12.987129 -11.217484
-12.632639 -10.727260
-12.485128 -10.544363
-13.011856 -11.230990
-12.649958 -10.735835
-12.497896 -10.550328
-13.021239 -11.236898
-12.656586 -10.739579
-12.502815 -10.552910
-13.024889 -11.239371
-12.659173 -10.741143
-12.504745 -10.553983
-13.026327 -11.240382
-12.660198 -10.741782
-12.505508 -10.554421
-13.026897 -11.240794
-12.660603 -10.742043
-12.505811 -10.554599
-17.549038 -18.218988
