-18.518637 -4.512590
-11.665117 -2.209690
-8.730967 -0.692140
-6.031296 -0.074537
7.771529 4.961150
9.563800 5.285592
10.486942 5.316528
11.134923 5.533729
11.313371 5.479042
11.398204 5.606999
11.421147 5.513788
11.432137 5.621232
11.434513 5.520713
11.436211 5.623971
11.436028 5.522111
11.436643 5.624508
11.436165 5.522387
11.436675 5.624612
11.436172 5.522439
11.436674 5.624631
11.436170 5.522449
11.436672 5.624634
11.436168 5.522452
11.436671 5.624636
11.436167 5.522452
11.436671 5.624635
11.748857 6.365198
14.363148 8.074762
