16.423431 -10.997511
12.014540 -6.650826
10.647134 -8.254131
10.645770 -8.255481
10.642655 -8.257993
10.635554 -8.262610
10.619399 -8.270917
10.582800 -8.285565
10.498506 -8.311941
10.302397 -8.358532
9.839949 -8.431184
8.671587 -8.564864
8.709475 -8.084704
8.033788 -8.455731
7.948623 -7.896577
7.864145 -7.835823
7.918921 -8.377220
7.881577 -8.589342
7.730036 -8.145388
7.752531 -8.271613
7.874202 -8.649081
7.687703 -7.974061
7.744991 -8.403888
7.813074 -8.567079
7.654521 -8.115382
7.701923 -8.213407
7.823367 -8.599805
7.672272 -7.880533
7.716494 -8.345658
7.788918 -8.502963
7.640416 -8.014832
7.554836 -1.395898
4.054254 4.025657
3.337127 7.554098
2.502739 9.930795
1.736417 10.770581
0.849753 10.629101
0.221593 10.616948
-1.286312 10.874804
-0.915801 12.439030
-1.431470 12.212553
-1.317746 12.891406
-1.799249 12.486697
-0.916424 13.710714
-1.400424 12.956782
-1.872108 12.524086
-0.943469 13.727047
-1.419148 12.963997
-1.888525 12.527016
-0.950590 13.727828
-1.424287 12.963804
-1.893006 12.526254
-0.952859 13.727212
-1.426004 12.963227
-1.894510 12.525631
-0.953692 13.726811
-1.426652 12.962913
-1.895079 12.525325
-0.954023 13.726624
-1.426909 12.962770
-1.895305 12.525190
-0.954156 13.726542
-1.427014 12.962708
-1.895397 12.525134
1.591839 18.154991
