-18.759882 19.381485
-9.862201 10.433915
-6.892671 7.581457
-7.298335 6.745645
-7.429080 6.565131
-7.667289 5.739247
-7.670905 5.048266
-7.559929 3.342367
-7.813750 3.246545
-7.868603 2.059809
-7.710182 1.444103
-7.755386 1.217933
-6.720139 0.988525
-5.681417 0.561528
-4.867517 0.447657
-4.847749 0.733094
-3.168142 0.625786
-3.268211 1.113842
-2.621293 0.645578
-2.392823 1.705307
-2.461583 1.889767
-2.119069 1.947175
-1.260590 1.108740
2.012565 -2.673579
4.781147 -4.825420
5.892081 -7.147036
6.332982 -8.548084
6.657074 -8.525769
7.296241 -8.560856
8.196226 -8.549272
8.531752 -8.231986
9.694102 -8.488273
12.496923 -7.239477
