-3.872863 -14.785773
-4.168787 -8.652095
-3.532130 -4.745308
-2.483343 -1.517952
-2.223673 2.947771
-2.134636 4.245562
-2.407729 5.401656
-3.539623 6.433283
-3.569685 6.508569
-3.720102 6.603042
-3.586183 6.520095
-3.383606 6.362778
-3.522453 6.422896
-3.551065 6.496602
-3.699266 6.589601
-3.567162 6.508030
-3.367446 6.352201
-3.503419 6.411480
-3.530463 6.483487
-3.675462 6.575010
-3.545124 6.495141
-3.348111 6.341631
-3.478673 6.401553
-3.502492 6.473454
-3.635576 6.568985
-3.502157 6.494970
-3.293524 6.358267
-3.368484 6.456958
-3.242991 6.404917
-3.019639 6.333367
-2.892120 6.545029
-2.442138 10.494420
