-12.689879 9.692344
-6.364733 8.687354
-5.608801 7.923809
-7.920092 6.261343
-7.449041 6.770498
-7.470616 6.627896
-6.475096 6.637030
-6.764491 6.629904
-5.859738 6.063971
-3.264358 7.339265
-2.268692 5.621756
-4.927341 6.548514
-5.380651 7.889847
-4.341706 7.752041
-7.114413 7.578499
-7.675680 8.601024
-6.801026 6.278053
-6.219944 6.342061
-3.916342 8.950286
-2.196657 4.845198
-2.607915 3.041254
-2.807078 1.993271
-2.485260 1.003916
-4.595013 0.065778
-5.747817 0.153087
-3.581430 -0.361915
-3.393187 -0.405892
-2.842260 1.060319
-4.672424 -0.050722
-3.732918 0.795059
-6.286858 7.053082
-6.058112 6.730174
-7.115897 5.977301
-6.721193 6.153237
-7.130893 6.652828
-7.652823 7.428198
-5.297707 7.100535
-2.565529 2.306787
-7.949132 7.133666
-7.156845 7.575099
-7.101969 7.268448
-6.397473 7.055520
-1.420695 3.002540
0.292819 2.622051
0.154014 2.594543
-1.656602 1.818693
-4.301382 0.497238
-3.105364 0.956858
-2.750182 2.219028
-3.045522 2.262158
-3.013628 1.947210
-3.166518 3.680081
-1.443152 1.778932
-2.411067 4.559982
-1.818311 6.187840
-1.945618 3.697978
-2.172818 2.867975
-2.412159 2.655348
-3.019964 -1.222599
-3.173008 0.770070
-2.664295 -1.123483
-5.194483 0.807634
-5.445884 -0.565765
-5.192676 0.720841
-7.321265 0.135549
-10.419902 -0.474786
-5.432167 -0.055844
-3.786200 -2.781227
-4.789340 -5.942390
-6.699661 -6.388326
-8.165646 -10.517214
