15.551109 -19.334671
2.071327 -14.615529
5.547257 -15.227775
2.674439 -13.243618
2.266833 -8.686373
-1.553888 -7.892481
2.288647 -9.405141
2.437206 -8.284371
0.946912 -9.527381
-0.792924 -9.165514
1.216520 -11.849044
1.937093 -14.364705
2.399642 -14.325370
0.292511 -11.264245
-0.163563 -13.771302
3.953213 -13.928294
5.599738 -8.037045
5.604486 -7.332302
6.136423 -8.016701
2.256802 -9.511291
0.784724 -8.689692
6.670680 -13.316899
0.789289 -11.725324
1.827094 -9.189823
0.330333 -12.626954
4.791779 -13.223346
8.251577 -10.429675
7.792595 -7.901105
7.984928 -7.836589
7.966478 -10.155833
8.163975 -13.290211
10.146256 -14.433949
9.570757 -9.151681
6.882092 -7.859868
6.746873 -7.887489
8.743620 -10.007794
2.637172 -8.265759
5.631246 -8.023318
6.392102 -8.091755
8.697526 -9.653741
9.470543 -10.312051
2.823019 -10.186013
-0.559426 -11.920838
0.343235 -9.417041
3.337618 -14.009905
8.041068 -10.649858
8.150362 -9.427514
12.286407 -11.445549
8.392025 -12.461225
9.500834 -10.281900
8.066516 -8.855842
4.349751 -6.840353
3.728385 -7.328745
2.683998 -6.672307
1.065353 -11.740798
1.932892 -11.573153
2.116230 -10.143413
2.784889 -8.522573
3.138829 -7.125745
4.260852 -6.493340
5.838423 -6.549054
-2.563920 -12.652307
1.411263 -10.115552
6.725387 -13.357263
6.600059 -13.481701
10.207207 -14.748974
9.742179 -15.577435
12.438187 -10.889701
8.610575 -8.277655
6.912985 -8.142323
8.738794 -8.245330
8.754045 -11.023089
10.414400 -10.644335
9.288902 -11.089447
8.102102 -8.410207
11.357219 -11.603844
10.500668 -11.485764
9.522212 -8.146597
2.589945 -7.565929
0.930570 -7.717814
1.764935 -9.029256
0.867429 -8.017882
2.231884 -9.357278
2.424662 -9.578683
1.313602 -7.073037
-0.253565 -9.002273
0.902758 -8.402683
0.424281 -9.451070
2.248992 -9.300784
0.026508 -10.122376
1.728987 -9.900855
1.973786 -11.024883
2.765347 -6.885479
3.266641 -7.965528
4.712558 -8.093111
6.591662 -7.936511
3.840252 -7.273220
1.391699 -9.197320
0.828683 -8.934482
2.815455 -9.080667
1.312429 -15.010472
5.724793 -15.378243
7.990908 -10.866008
10.745840 -13.924512
9.475111 -10.080376
8.052134 -8.408577
9.984840 -10.526481
9.198295 -11.318013
9.007242 -12.420905
10.969467 -16.385239
8.481553 -11.164035
10.957660 -11.190571
2.039931 -11.077510
-0.803243 -11.103597
-2.321792 -13.948848
6.089536 -6.953308
1.263096 -10.234321
0.087565 -10.892871
-3.076117 -11.784608
1.832911 -13.615484
2.453188 -10.124205
2.662563 -12.084068
0.665432 -10.443179
1.618797 -10.984801
2.103874 -14.933931
8.866062 -15.183293
10.941078 -16.256004
8.062440 -11.914446
7.954129 -11.599836
11.149163 -16.020479
9.915503 -14.243102
9.058104 -8.334666
9.031662 -10.910632
7.786124 -7.830106
9.831204 -9.367059
12.618976 -6.697276
8.506863 -8.680886
9.019321 -10.266371
10.031504 -12.696711
6.645093 -8.024787
3.863359 -7.856933
5.249950 -7.152540
4.962063 -8.138633
0.111955 -12.335870
-0.321394 -14.124660
8.830756 -11.072983
7.844828 -9.296033
8.880273 -7.997397
9.028154 -9.056839
11.552424 -12.523386
10.034497 -15.644217
6.212608 -13.626382
-0.112469 -12.831734
-0.749996 -10.575339
5.531716 -6.242141
4.858145 -5.095918
2.039397 -6.206340
2.229877 -9.314580
1.893964 -7.734246
3.825301 -7.653825
1.264823 -9.231807
1.728654 -8.618274
0.692117 -7.162264
5.534960 -7.794646
8.107242 -10.517279
8.548896 -14.056715
8.366216 -11.228590
8.244701 -11.246310
7.962830 -9.629886
2.385500 -12.736388
2.152598 -12.732255
1.725960 -10.184145
0.903053 -9.647693
0.717040 -10.627285
3.096040 -5.285102
3.192310 -5.306030
4.557100 -4.890911
5.116473 -7.679761
5.668116 -7.811383
6.877247 -7.907924
5.544115 -7.245693
3.855458 -5.392562
2.519363 -7.662252
8.083302 -10.299867
-0.402484 -9.236657
2.449764 -9.451638
9.075745 -8.538301
8.287367 -9.289213
9.055711 -7.901866
9.601556 -9.708143
2.463292 -7.969757
2.530334 -4.573458
1.704153 -7.065867
5.466367 -4.120408
9.073424 -2.767878
8.628373 -1.008572
6.430779 -8.113086
5.733050 -7.085088
4.891085 -7.559171
5.933926 -7.338129
4.871104 -6.273927
3.412319 -7.050407
0.802101 -8.188379
2.798820 -9.962486
3.273805 -8.184830
2.289402 -8.130293
3.067536 -5.831623
1.117510 -6.412210
1.628840 -3.274099
8.130798 -7.933543
6.825467 -8.071830
5.022175 -7.487200
5.392087 -5.564770
5.510842 -7.716641
3.905006 -7.754734
5.113466 -5.518997
4.783462 -6.268200
3.162107 -6.278214
5.889410 -8.085799
7.901775 -7.925188
9.335030 -8.895762
9.932278 -12.741984
5.059127 -14.168044
6.015104 -14.908442
3.545494 -13.295587
2.244853 -13.784015
2.401762 -12.732850
1.168363 -8.933213
-0.425973 -9.329257
2.772546 -8.332134
1.282722 -10.952578
0.669240 -9.730517
0.790215 -9.803710
3.669786 -6.837689
3.668234 -8.124843
-0.915473 -7.766838
-3.728434 9.344697
-7.417588 11.055101
-9.187006 15.168343
-11.732899 19.220421
