-0.767019 -9.165444
2.938239 -5.174288
3.731552 -5.235477
2.356325 -5.114484
3.751263 -3.997033
4.188586 -4.701416
4.296471 -5.333427
4.502089 -7.078227
2.259956 -5.917847
4.531348 -6.386000
6.142646 -4.645872
5.104485 -4.055355
5.928430 -7.986101
8.505057 -7.866918
10.396982 -10.851298
9.543674 -9.725784
13.968088 -9.462570
15.173353 -2.549926
12.199747 -1.549968
8.466692 -1.997258
7.607442 -1.353099
8.281552 -1.923186
7.027025 -0.802932
9.397818 -2.668599
7.443965 -0.665525
6.756868 1.286293
7.726207 0.579461
9.658089 2.693575
8.145136 1.958340
7.922297 0.740725
8.654659 -1.489261
14.109609 4.790436
13.789625 4.803524
18.467754 1.592842
