-17.748659 -8.436350
-8.930857 -8.384070
-8.495796 -6.553583
-4.387767 -8.021312
4.821452 -4.813520
3.610297 -5.335703
3.138659 -6.627692
3.152591 -4.651579
1.955115 -4.718203
0.908249 -3.441725
-1.139816 0.360624
2.262534 1.822543
2.445986 3.064887
3.704493 1.342256
6.658514 2.336404
7.486821 2.187436
7.271664 1.841575
8.579255 3.372832
10.162934 4.743900
6.847734 2.586926
6.825608 0.790434
8.786764 -0.969334
6.853830 -2.702324
7.439971 -0.562322
7.263624 -1.425275
7.727925 1.808954
7.313917 3.570374
6.121445 1.635777
6.690658 1.310448
6.260779 2.065088
8.748806 1.416931
7.128814 0.970995
7.052527 -2.786827
6.853698 -1.603050
7.489799 1.222572
7.073850 -1.698733
7.285489 1.839424
17.562386 -6.748895
