-16.319040 15.674804
-12.875638 10.168976
-8.276707 10.881037
-7.550808 7.611053
-3.685892 6.713827
-1.418679 5.589480
-2.114750 2.774866
-1.464951 1.403630
0.240247 2.167871
-0.474082 0.319289
1.561795 1.229425
5.837320 1.328327
6.868609 1.546104
6.866764 2.768334
6.342031 2.121961
1.969544 2.302715
0.012435 1.481415
1.694276 0.223552
1.235817 0.837563
1.175927 -1.166567
0.543209 -1.545568
1.377696 -1.047971
1.709923 -3.820378
0.824733 0.280770
1.796057 -1.615963
1.661938 -2.492784
1.659287 -1.051774
0.727015 -0.612728
-0.050948 1.140359
2.329669 1.548163
1.501755 1.353932
0.963810 0.316243
-0.330693 -0.426888
2.268643 1.465364
3.921988 2.025091
3.408214 2.873468
3.907161 1.263535
5.046842 3.173176
6.126873 1.103105
4.566678 1.534819
1.297996 2.728361
5.732007 1.241630
6.373535 1.230855
6.863380 1.863487
3.530160 1.226940
5.804080 1.228952
2.454711 1.500603
1.974433 1.138153
-0.392402 1.303781
1.525346 0.638083
0.267345 -1.054456
1.331785 -2.057397
1.026209 -2.046594
0.546146 -0.498102
1.998672 1.420011
5.483664 1.078861
5.493997 1.615770
8.267458 2.364210
7.787933 -0.631332
6.374293 1.937252
5.260178 1.585825
4.152244 2.116043
4.035502 1.568946
4.666420 1.631670
5.020694 1.088348
1.096308 1.800946
1.688734 -0.044619
1.217211 -0.958328
1.106340 -1.356486
1.570650 -1.100329
1.797281 -0.522078
1.363726 -3.509385
1.365465 -4.954708
1.780841 -4.279912
2.208674 -4.319775
1.489361 -3.718489
1.552981 -3.950325
0.920095 -1.282526
0.030582 -1.336068
1.727839 -0.389104
0.964387 0.150807
0.616729 0.405234
0.685497 -2.122338
0.336633 -0.828817
0.567122 0.706113
-0.461836 0.646516
1.678667 0.137539
0.014269 1.604806
1.640015 1.198226
4.631953 1.145847
5.166784 1.107646
8.749024 2.723646
5.967290 1.769111
9.347529 0.902741
6.821657 -0.211438
6.963737 0.983715
5.797771 2.183534
1.752797 1.370175
1.531405 1.111271
0.144150 -2.009035
1.199884 -1.732265
0.395065 -1.422338
1.078763 -2.275636
1.976307 -5.095447
3.011317 -5.087921
1.377367 -6.146757
3.691253 -4.011767
3.825791 -5.126619
4.589380 -5.165991
4.315471 -5.326270
6.080824 -5.048617
4.478947 -6.437628
3.665962 -6.619715
5.591267 -6.378350
4.052456 -7.401706
3.513274 -6.550513
5.533137 -4.758220
5.665806 -5.985384
5.800916 -5.158568
3.340226 -6.659947
4.351071 -5.828368
5.677090 -7.375061
2.718357 -6.864321
4.345160 -7.380480
5.880727 -6.276713
4.409021 -5.246248
5.494823 -5.840667
5.528186 -4.798265
6.120377 -7.430245
8.184106 -8.195779
11.078283 -11.800729
11.047226 -10.368094
8.766847 -9.946592
8.989721 -11.928424
8.723955 -9.342607
7.988487 -9.414594
11.025967 -13.268802
17.718649 -13.947993
