-2.007114 -9.641531
0.146181 -9.725942
2.226308 -9.970620
8.381186 -11.629240
8.150795 -11.566249
7.842025 -11.482643
8.163527 -11.563846
7.881785 -11.478120
8.197612 -11.562156
7.997256 -11.490176
8.295342 -11.576735
8.381351 -11.629165
8.150988 -11.566154
7.842554 -11.482299
8.163992 -11.563590
7.883055 -11.477124
8.198760 -11.561397
8.000329 -11.487046
8.298264 -11.574248
8.388996 -11.617419
8.159531 -11.551927
7.855009 -11.416671
8.178458 -11.509488
7.881377 -11.219146
8.210309 -11.347481
7.939721 -10.382322
15.540491 -9.265780
