15.082677 -9.547587
9.331266 -11.155135
7.961194 -12.166368
8.209410 -12.132111
8.110595 -11.974747
8.342916 -11.973195
8.212289 -11.940576
7.951541 -11.939522
7.998417 -11.991772
8.246867 -11.985211
8.165640 -11.951476
7.897397 -11.954478
7.949317 -12.006768
8.204619 -11.996493
8.143292 -11.957135
7.871487 -11.962008
7.924320 -12.014221
8.183454 -12.001973
8.131334 -11.960462
7.857779 -11.966013
7.910781 -12.017951
8.171930 -12.004718
2.614498 -11.467074
0.511010 -11.507998
-2.450808 -11.011391
-4.976165 -11.212755
-9.316249 -12.671146
-18.982328 -18.309286
