-5.758056 14.094473
-5.874051 8.451364
-6.664420 6.705654
-6.943888 6.362550
-6.973448 6.325549
-6.943694 6.363958
-6.973377 6.326979
-6.942629 6.365285
-6.972304 6.328302
-6.941436 6.366765
-6.971099 6.329774
-6.940106 6.368416
-6.969760 6.331419
-7.485147 5.584607
-7.495100 5.575051
-7.525177 5.280108
-7.499567 5.262952
-7.591043 4.635481
-7.516149 4.678133
-7.714329 2.179843
-7.486283 2.399587
-7.527125 1.464062
-7.752584 1.087096
-7.402884 1.050848
-6.910191 1.147068
-5.835161 0.661449
-5.806396 0.818534
-5.711318 1.264271
-5.491527 0.580082
-5.669975 -1.430876
-6.619341 -4.716040
