-10.653259 1.885051
-7.989738 0.797392
-5.391651 -0.637358
-2.869030 -1.679422
-1.029784 -2.714163
3.714829 -8.098876
8.343888 -11.212207
8.140848 -11.088388
7.856344 -10.948967
8.250366 -11.159362
8.343885 -11.212197
8.140846 -11.088378
7.856347 -10.948920
8.250370 -11.159324
8.343915 -11.212005
8.140897 -11.088150
7.856653 -10.947887
8.250667 -11.158488
8.345594 -11.207749
8.143288 -11.083055
7.868097 -10.924312
8.261196 -11.139977
8.403953 -11.109555
8.223002 -10.965502
8.399439 -10.256560
9.138330 -10.062715
15.037115 -8.206834
