3.543395 4.480385
2.926355 0.861073
2.590075 -1.557879
2.699066 -3.696342
3.050231 -5.964440
3.358761 -8.119289
8.322023 -11.244893
8.125917 -11.133401
8.322025 -11.244893
8.125918 -11.133402
8.322025 -11.244895
8.125918 -11.133403
8.322025 -11.244897
8.125918 -11.133407
8.322028 -11.244910
8.125920 -11.133420
8.322037 -11.244975
8.125926 -11.133496
8.322063 -11.245326
8.125923 -11.133910
8.322021 -11.247216
8.125669 -11.136143
8.320598 -11.257550
8.122793 -11.148503
8.306554 -11.315078
8.100204 -11.218165
8.230934 -11.641460
7.961954 -11.582179
10.760876 -18.485239
