-10.935994 16.021441
-7.328291 9.158340
-5.884881 6.376513
-7.550031 4.916225
-7.486133 4.958735
-7.493031 4.468987
-7.620024 4.299578
-7.517962 3.860906
-7.680924 3.457194
-7.923565 2.355870
-7.790384 2.419240
-7.469437 1.005947
-7.309869 1.126342
-6.088303 1.203771
-6.019244 0.717632
-5.513607 0.834413
-5.454304 1.003842
-4.970040 0.618987
-4.919587 0.770535
-4.788363 1.246408
-4.384568 0.493716
-4.337141 0.642636
-4.200505 1.149186
-3.698031 0.491555
-3.639318 0.627128
-3.500022 1.115427
-2.874797 0.487180
-0.799029 -5.008876
0.644037 -7.716830
2.538174 -10.046997
2.636419 -12.956919
2.384642 -13.016831
2.605304 -13.189883
3.242091 -13.295183
4.220723 -13.628316
