0.640658 -3.369880
0.944275 -3.483683
1.077590 -0.520473
1.532963 1.233749
4.819744 2.878112
7.240143 2.072048
5.109072 1.298264
6.620315 1.467650
5.265966 1.275043
3.366073 2.374143
4.285837 2.070289
4.875953 3.066211
6.622290 1.578987
5.743570 1.989337
4.910971 1.365137
1.830437 1.917032
5.135895 1.267711
11.088482 2.984175
14.012142 3.207829
12.965950 3.155375
12.253135 2.340075
8.799227 4.234011
7.071415 4.028738
4.716947 5.655906
6.168992 9.318328
6.380757 8.009545
5.779297 8.110050
3.536093 4.316798
4.383725 2.783134
9.466814 2.790290
8.746425 3.836663
8.854669 5.355448
7.742136 3.729556
3.049907 2.368723
3.012929 3.948735
9.293707 4.559340
8.421566 4.588811
9.404487 3.725334
7.998680 4.165884
5.437382 6.389486
4.172441 6.561297
6.484758 6.907466
10.279962 2.902187
13.059622 9.529161
12.621362 3.395572
12.353540 2.844516
9.025249 4.617618
10.768902 3.453011
11.379066 1.305753
9.456553 5.164708
12.116632 3.516057
8.836635 4.975583
8.809413 3.786287
6.518045 6.126039
13.333394 9.584899
13.464928 3.412670
9.230799 4.820499
8.608177 3.323708
5.615950 3.548119
7.787895 5.499622
4.444194 8.080318
6.075037 13.026245
8.204048 12.880685
3.554032 9.082997
3.923590 3.598902
3.561273 3.694562
7.589132 5.636769
5.873471 7.677321
4.870330 7.029016
6.469702 8.338122
12.754635 9.835098
12.176566 8.993970
12.465282 1.828957
10.402087 1.385643
10.207989 3.396879
10.960933 2.556252
12.304584 3.590431
14.623398 10.374351
11.824474 10.582273
14.795543 9.209158
13.172000 11.892243
7.299350 10.902568
6.490241 8.780799
5.885120 5.428803
5.992610 8.275662
6.369889 5.532626
7.733961 3.609990
7.823460 5.450976
9.595187 5.423758
9.488318 3.659342
11.034445 2.553631
10.061131 3.307758
12.419827 2.361663
7.871946 4.204575
6.372377 3.991095
6.162624 8.939734
5.412617 6.760714
3.124149 8.395694
4.103113 7.543728
4.657727 6.453981
9.542609 10.983864
8.786135 11.727284
8.704971 10.672650
5.428141 11.127866
4.686688 9.444217
5.699074 8.864200
7.578125 10.946401
6.406989 9.032630
6.402485 7.945898
6.453712 8.589265
14.246342 13.325714
16.037292 9.260245
18.168789 12.745764
14.948215 14.073394
15.517574 6.720281
14.906271 8.377519
15.955777 4.902857
13.436983 0.086063
12.742507 0.982567
11.032030 3.453443
8.688608 3.759048
5.247556 6.500102
8.005737 2.585125
8.058046 2.127285
9.970484 1.873750
9.908154 1.834365
8.823466 3.258879
6.714760 4.215681
8.013416 4.744187
9.738946 5.312115
9.159459 2.752630
11.046427 2.417323
10.007307 3.780375
16.421661 3.303195
14.747034 11.553102
13.711639 11.767330
13.274857 9.949336
9.790714 11.786080
8.060338 11.139689
10.081898 11.579886
8.844761 10.907536
6.039114 8.448745
4.917113 4.179726
6.766643 4.659865
8.687190 5.464506
5.112979 4.315960
5.628375 6.554559
5.965207 6.018627
6.038157 4.995274
9.157179 5.056322
8.985840 5.570221
9.620986 3.096682
8.866603 1.593273
7.230431 1.640096
7.715988 4.048528
8.716159 3.468584
11.686268 2.097739
16.162939 8.223132
15.483630 3.559571
15.926346 2.069796
13.455996 0.968158
10.903725 3.184961
15.749088 7.448357
18.336346 11.092519
10.017941 10.665794
6.499961 6.364831
5.591204 4.377109
5.959811 3.718436
6.404816 5.845992
3.771762 5.414367
9.321005 4.397829
8.393977 4.150729
11.124092 1.990092
10.647450 3.694751
9.347303 5.614615
7.649798 4.296001
9.353344 5.565196
6.988570 5.611137
9.691912 5.593590
6.838980 4.993510
6.134187 10.273875
5.881046 8.785277
5.914248 9.842694
14.061174 9.727084
13.381889 9.560893
16.310692 8.144287
13.331093 9.721589
11.947677 3.643786
15.421435 2.433605
10.777791 1.835025
8.889401 2.196333
7.059622 4.006150
8.100162 4.611079
5.294009 5.118025
8.362360 5.230775
7.478461 3.106332
8.829377 3.766559
10.820316 3.353778
9.259432 2.014488
5.123707 5.639915
2.916999 5.267528
1.503891 4.036834
5.713938 5.583527
5.571261 8.206820
5.846589 9.308528
5.986690 8.624295
6.368471 7.549242
4.586165 3.489527
6.119312 4.750944
9.177663 4.438152
9.730014 4.515018
8.845808 12.507455
10.748121 12.636292
5.436825 10.773257
9.762184 10.697707
12.373189 12.843680
11.384393 10.707871
9.447197 11.784650
8.286692 13.024737
6.243789 9.233919
5.597719 9.520915
5.568604 7.762571
6.432852 10.634331
6.128283 7.671138
6.839117 3.918394
9.214574 3.582298
9.178771 5.428063
8.399997 4.894420
8.721263 4.106033
7.461840 4.966502
8.909568 3.392411
9.693761 5.006195
9.106063 3.140295
6.653996 5.574275
3.616985 4.222270
6.138908 6.071375
5.711977 8.365194
4.519321 7.036204
5.599631 7.033529
6.337029 10.619968
6.109271 6.991471
3.669922 7.714883
5.439038 3.877354
4.817789 5.285599
7.140668 3.539535
8.457411 5.468529
7.808402 5.169418
8.068122 5.417264
9.068032 2.643007
7.159519 2.126074
7.985242 1.800582
7.143610 3.837719
9.645232 3.338218
11.348248 3.683001
9.713231 2.747615
9.678401 3.286520
8.257727 3.087791
7.716815 3.063164
2.804988 5.568120
6.198524 8.391933
6.342728 9.798526
5.854026 10.364368
6.814016 11.232350
6.748767 10.695260
5.149490 10.403018
-0.045999 7.745710
4.516080 8.467299
5.636666 7.903140
5.676805 10.240520
5.180537 7.956481
7.143206 13.055209
7.089113 14.673654
7.786201 12.416107
6.077064 11.972202
3.190259 6.253259
6.998656 3.871318
8.870981 3.938265
7.917812 4.866965
6.475932 6.066189
6.287937 13.550234
8.798674 11.507600
6.508927 8.678321
5.337583 8.646419
3.703023 9.475653
4.635288 6.390241
5.493476 3.925742
4.954643 5.556443
12.328102 10.378388
12.467452 9.146586
12.462017 9.102425
11.806251 9.379319
11.610754 17.020563
9.104528 11.172063
6.821469 11.428132
5.545754 9.305218
4.552674 9.833339
6.409431 7.241502
6.127746 7.770305
6.735072 3.002581
8.449403 3.224287
9.191884 2.526096
8.832335 3.274970
7.324862 4.562167
9.759990 4.596871
9.646346 5.398317
8.582574 3.885680
9.841649 4.092153
9.240920 2.518494
10.369805 1.413843
9.099859 4.613232
6.795238 3.525021
7.189659 3.527169
8.107307 4.140218
8.583903 4.971547
5.600922 4.861884
6.095571 9.018510
6.474905 7.221192
4.241867 4.489825
4.756310 5.273757
5.817005 3.881907
9.570143 4.637951
14.862017 6.055590
11.862316 3.383448
11.250033 3.697417
13.201226 10.013276
9.307701 12.496833
10.027683 13.566798
8.172419 11.170022
4.083923 11.690972
6.263053 11.879369
6.526289 8.663692
5.493531 8.306776
6.074435 7.936928
5.622066 5.836691
3.811959 5.209775
8.364480 5.475675
6.662598 3.439041
11.368915 2.922538
9.392157 3.139168
10.013191 3.560807
14.240041 3.363742
14.160988 2.121484
12.558796 0.381598
12.799236 -0.075011
7.573931 1.873139
9.339735 3.881755
10.290449 1.828865
10.418449 3.637121
9.790612 1.712150
9.448849 5.289777
9.582124 3.372311
10.265611 3.384917
15.431322 5.530309
15.382479 11.695698
13.993147 9.012999
15.507618 9.943410
15.530269 -0.459630
13.973218 -0.598999
13.424012 3.527145
10.827115 1.984665
9.531814 4.177118
9.816512 4.941682
9.494473 4.549464
9.370009 4.330561
9.152031 4.922817
5.905663 5.403022
6.417902 5.279870
6.466659 5.953336
6.101169 11.040704
7.385686 12.616731
12.454253 12.784778
11.213737 11.017233
15.782286 13.037115
10.196342 11.113196
19.496759 12.976583
