13.118727 -14.471991
12.034128 -12.218833
10.872211 -7.614443
10.033976 -9.206208
11.520329 -4.864927
8.758220 -6.331507
11.389158 -6.460089
13.418403 -1.848996
13.982133 -2.073325
14.176003 -0.574552
7.535364 1.308446
7.999915 2.744465
6.610192 1.887548
10.291205 2.162030
9.471699 1.501342
6.793955 1.239055
6.298941 1.125206
6.464169 1.791188
10.365768 1.845685
7.111169 1.594718
7.695535 1.786715
8.333238 3.000952
9.714073 3.781729
7.571037 2.713011
7.406776 -0.144579
6.941335 1.617393
5.629575 2.256368
7.860057 2.940225
5.941154 1.514357
7.798832 2.659044
9.922050 3.377775
8.623276 1.301722
9.282791 1.995288
10.867447 3.163290
10.223317 2.830340
11.031385 2.609930
10.955193 1.481698
9.887112 3.046600
12.091591 1.365993
8.241162 1.570690
10.625560 1.295782
12.467696 2.566480
11.098566 1.848257
9.637435 2.190609
9.378551 1.503273
9.124858 1.745013
8.661136 5.619191
4.947913 5.152484
4.363390 7.671845
5.270699 7.960971
7.444778 13.450359
