16.652393 -0.956061
13.168917 -2.611932
13.051383 2.745155
11.973768 2.254306
8.878663 4.340939
10.165185 2.794207
11.394455 1.289400
11.686655 2.554316
12.937109 0.771005
15.259170 -0.436706
13.828329 0.033015
12.693570 -0.121429
12.505635 0.063303
13.847575 0.944137
12.792774 2.222549
11.425921 2.334666
12.042051 1.432897
12.428795 3.400908
9.436967 1.557723
11.521470 2.966071
6.032717 2.532516
4.000949 2.817837
2.627689 1.529053
2.386571 1.318948
0.689347 1.206481
1.395634 0.296806
1.464578 1.347779
1.183110 -0.580549
-0.875168 -1.426692
-3.170540 -2.713256
-4.472120 -2.120299
-6.844300 -1.360897
