16.202988 3.279070
12.607959 1.525817
6.714218 1.883105
9.547248 1.342137
9.428988 1.573244
9.621827 2.523280
13.527431 1.072015
11.403295 2.837716
10.144058 1.470285
6.799685 1.541534
9.145258 3.164185
9.199358 2.946065
9.115529 1.343323
8.974123 1.902467
5.558713 1.897392
8.221547 1.885413
6.902840 0.984889
7.994945 1.992956
5.245142 2.299403
4.013995 1.534322
2.790163 1.868959
0.506950 0.875668
2.530272 1.353947
2.052844 1.893925
1.321777 -0.279159
0.338180 -0.229517
1.326143 -0.909615
-2.475294 -2.455523
-0.371270 -0.938384
1.552771 0.422657
1.173611 -0.116778
1.046001 1.042584
2.416745 1.417027
2.720436 1.204245
4.056187 1.249861
2.183540 2.771391
3.022318 1.412560
2.380841 2.294282
3.748460 1.096593
1.192443 -0.402324
0.606949 -0.662275
1.484106 -2.166492
0.837263 -3.208353
1.475395 -3.615999
1.384613 -3.764196
1.310024 -4.363478
0.216578 -5.616272
3.143213 -4.097657
2.913360 -4.498018
1.650214 -3.998502
2.415587 -6.269470
2.419597 -5.296005
4.778727 -6.093026
4.299434 -7.036965
5.297487 -6.841967
7.815944 -7.897015
9.236002 -11.804513
8.769224 -9.710263
8.777649 -11.465844
8.856792 -8.296218
5.983778 -7.519267
5.451723 -7.028772
2.983434 -8.035412
-1.410473 -12.638558
-0.242196 -10.420651
2.455235 -10.384807
-3.233022 -18.179750
