-16.458178 -9.046178
-9.308045 -13.579561
-4.288129 -12.156954
-1.812990 -11.394449
0.405443 -11.193377
0.239372 -9.867989
1.811684 -8.624162
2.696516 -11.449956
2.504119 -9.574036
2.005306 -9.555992
1.687404 -7.110319
4.077682 -7.598692
4.065853 -7.302118
4.932741 -7.675910
6.917984 -7.974407
3.202705 -7.771982
1.826144 -8.353160
7.374631 -5.313445
-0.729356 -9.305532
0.859768 -9.855919
-0.155131 -10.373900
1.725260 -10.039224
2.155633 -10.180390
1.638620 -11.259479
0.605143 -8.685254
1.217176 -9.651983
2.172463 -12.154325
2.451372 -8.646747
4.469340 -7.685657
6.622424 -6.933549
9.838596 -7.560553
8.071695 -13.515710
4.618472 -16.554398
4.120485 -13.904925
3.710585 -13.234142
-0.595815 -14.381506
2.638992 -11.542935
2.162328 -10.183681
0.889384 -9.054100
2.429612 -6.527052
6.703215 -5.535688
2.951276 -4.841206
2.967573 -7.561578
3.753753 -5.434184
6.158231 -7.804220
8.165491 -7.022058
7.989244 -10.372350
8.983092 -9.475487
9.888861 -9.322617
10.027619 -10.238991
8.886278 -6.543378
6.689508 -7.624593
6.378299 -5.244119
3.282414 -7.918557
2.241494 -6.991485
2.151066 -9.340499
2.245133 -9.047153
2.691515 -10.023536
2.652983 -9.196992
2.707679 -9.187405
2.040728 -7.800068
0.430776 -8.975112
8.187916 -10.281587
9.552423 -11.221587
9.243758 -9.140611
8.515926 -9.778604
8.640398 -12.320643
8.084068 -12.904449
6.049790 -8.177107
4.053684 -7.870525
7.542133 -13.361201
7.927711 -11.508446
8.263760 -11.788946
9.526344 -10.119909
11.394753 -9.645262
9.014749 -11.618432
1.876973 -10.128136
2.563238 -9.709427
2.616543 -8.943568
1.459051 -5.347310
7.476719 -8.185463
8.657346 -6.674120
4.559027 -6.777971
4.475137 -8.070194
6.194865 -7.551349
2.033310 -5.833138
0.710569 -9.742507
0.598009 -8.885401
0.699961 -9.282104
2.260856 -8.375070
2.108463 -7.837067
2.732321 -9.807197
1.805529 -7.835069
5.729371 -5.597894
8.314509 -13.554889
8.485966 -9.458167
8.299681 -8.041649
8.769920 -10.779482
8.159292 -10.629495
12.968492 -19.987452
8.704527 -13.711656
7.874825 -11.565856
9.434431 -12.834395
12.046530 -9.287057
8.154675 -9.501101
7.961091 -12.242110
8.235169 -9.105530
10.895300 -9.319016
8.284289 -10.220457
10.006993 -9.709067
9.841828 -8.654091
8.319427 -8.682254
8.743870 -10.757291
8.088428 -9.903104
4.896538 -7.929314
3.302736 -8.166985
1.175216 -9.027724
5.163085 -7.710237
1.779310 -9.834636
5.280837 -7.483338
3.410414 -7.872569
-1.945823 -9.089809
0.976434 -11.047117
0.989251 -11.162400
0.176037 -9.794372
1.757052 -10.782469
2.713152 -12.143595
1.557628 -10.440371
-0.750829 -11.186025
3.074495 -7.906277
6.169135 -7.109863
5.321022 -7.452518
4.096257 -13.302827
3.762483 -13.551867
6.303308 -6.583620
7.696572 -7.540649
7.951139 -9.353334
4.408017 -7.650228
9.418355 -9.052209
1.849699 -11.060977
1.357513 -9.770753
-0.473996 -9.347039
0.719621 -9.519586
-0.231251 -13.424232
2.356365 -10.376639
2.417361 -12.888500
0.967545 -9.131216
2.979718 -8.050429
8.036729 -7.437555
8.617383 -10.198582
9.060294 -13.691087
9.224669 -13.114005
2.777662 -13.865722
8.946069 -13.167305
8.642878 -11.083328
10.573401 -8.903640
10.734694 -8.348810
8.433862 -10.690463
7.943887 -8.635585
2.604916 -8.298269
2.433923 -9.158566
1.884637 -9.213819
6.691953 -7.477868
7.401967 -6.823699
11.042559 -7.192168
6.960976 -8.068805
5.319151 -7.887290
3.337089 -6.914069
1.396266 -8.448741
0.224938 -11.863056
3.874448 -14.700913
6.436114 -13.771047
4.341424 -13.889285
5.105128 -16.002108
6.582728 -16.466410
5.468819 -17.006443
10.570990 -14.061954
8.064697 -9.500134
8.702300 -7.886239
6.547457 -7.001784
7.927363 -6.956847
7.548978 -13.507786
5.906135 -13.262094
2.614874 -12.631614
1.567487 -12.564079
1.119574 -7.857068
-1.045591 -9.665957
1.035250 -10.041053
1.960126 -11.670785
0.881324 -11.224421
1.760194 -12.523760
0.552931 -10.335696
-0.794873 -11.281476
-0.726404 -8.039831
6.360716 -7.460632
4.851209 -7.585312
4.619867 -7.061282
1.995564 -5.910877
1.833215 -9.011260
2.671728 -11.709153
2.235162 -10.323492
-1.126145 -12.748589
-0.135201 -13.646241
4.968629 -13.326914
9.560467 -14.511134
9.103480 -9.722000
11.983729 -12.407372
9.001459 -8.045062
7.022799 -7.061591
1.102825 -8.524493
1.154719 -11.477548
-2.911620 -18.163387
-0.516298 -11.825719
2.352278 -13.750261
-1.953599 -15.764539
2.706033 -11.186057
1.989321 -8.804653
3.865364 -5.447178
7.211596 -7.945207
7.587928 -7.179885
8.414598 -9.237383
9.389418 -9.217786
18.103218 -8.518215
