-6.485829 -3.203338
-3.037353 -3.520209
0.551469 -3.630312
-0.477502 -3.573312
1.232248 -1.758937
0.938279 -3.095269
1.770088 -1.690323
1.566420 -1.220227
1.516377 0.069354
1.521056 -1.050611
1.380398 1.074783
2.324171 1.184372
4.166267 1.117714
4.951074 1.732980
5.411687 1.456130
3.733867 1.149630
2.273479 2.163975
0.916086 0.813176
1.661810 -1.855457
1.400914 -1.727962
1.597662 -3.087385
0.225978 -2.438599
0.694053 -4.790840
0.623762 -3.692802
2.117869 -4.072017
2.498956 -4.023145
5.493381 -7.850630
8.348482 -6.926715
9.185579 -10.122123
7.616340 -13.817556
10.722849 -14.505739
10.505057 -15.506182
