-1.648038 -12.581550
2.360715 -9.548554
-0.543473 -12.759122
1.922277 -12.058301
1.014916 -11.729423
0.767498 -9.652307
-0.781747 -11.867927
2.696575 -9.373982
-0.621553 -6.932983
5.557749 -7.853140
5.017324 -5.164333
3.788796 -5.796515
7.153026 -6.643625
8.557465 -8.051494
8.439128 -10.699790
7.369872 -5.816356
8.200629 -8.733506
10.337359 -6.947946
8.599463 -14.972151
6.323592 -15.008443
0.586337 -19.378506
1.168689 -13.193850
-0.357116 -9.561666
1.280788 -5.881987
5.761294 -7.093623
8.096388 -7.556094
8.532974 -11.701825
11.519281 -18.908358
7.843887 -8.940160
10.053149 -12.013646
8.782076 -11.153488
10.371830 -8.576550
8.398752 -7.939246
6.505485 -5.251781
5.380497 -5.689062
1.607373 -7.967468
1.833712 -11.183128
-1.730383 -11.521237
-1.224781 -11.729175
7.129402 -14.930695
11.718553 -10.245801
7.867479 -12.625834
9.495134 -12.096475
8.604321 -9.474092
8.940544 -8.220788
5.882036 -6.000775
6.198542 -6.838280
5.415884 -7.478697
