17.670765 10.526975
11.749051 11.513974
11.773020 9.386100
15.230085 10.907779
12.112354 11.083377
13.322453 11.729688
7.377872 11.026006
6.000083 10.427382
4.659456 7.686601
5.680837 10.338470
6.116302 10.183798
6.227095 7.474551
6.650662 4.632350
5.682373 5.442317
6.643038 5.302596
6.086668 3.816087
12.178717 3.351353
9.842410 2.862400
16.216259 3.426355
14.183267 1.620960
16.416508 2.839720
15.245146 8.733017
5.327937 6.056255
6.002303 5.242833
8.053703 4.698590
9.817374 5.045374
6.502624 6.438208
6.190628 4.382488
9.385205 1.390854
9.345291 2.305335
12.844318 2.033410
8.554278 2.178133
9.364149 1.191278
8.607743 1.010414
10.606131 2.509464
10.394396 3.647096
9.407373 2.927130
7.486666 5.368084
7.814448 3.320193
6.505900 5.622002
5.493256 6.208098
6.065487 4.707838
7.251807 4.553818
6.600864 3.461018
6.861278 4.618978
5.379484 4.788108
7.323547 4.551511
8.407798 5.644703
9.426279 5.370176
9.558017 -0.258270
10.252491 3.572791
8.868749 1.175881
9.221543 2.763570
9.745385 0.868910
8.828801 2.198190
6.337556 3.049409
6.957539 1.739260
6.119884 3.334283
8.284414 5.295447
-1.964155 -9.667004
-8.701671 -17.708849
