-4.999986 0.630309
-0.683498 0.832528
0.314043 2.805270
-1.093069 5.023034
0.644854 5.879117
-1.263103 6.253407
-2.962588 6.374372
-4.157508 7.002638
-2.914146 7.070283
-5.041980 6.941988
-6.375946 8.724025
-6.549183 8.455984
-4.654584 7.628889
-6.490149 6.361328
-7.637199 6.007212
-7.603642 4.879895
-7.888251 7.345834
-7.161439 7.056457
-5.650290 6.421220
-6.380763 7.598547
-5.453631 6.442685
-5.826855 9.423979
-4.338935 6.448674
-6.205098 6.870193
0.044827 2.653836
-1.095204 3.952425
-6.137405 6.969149
-2.424067 3.478048
-1.791434 2.352952
-0.333788 4.377442
-4.322268 8.015537
-6.020747 7.174937
-4.918784 7.130180
-6.476967 6.564609
-7.507564 6.822215
-7.739373 3.681621
-9.616528 2.067032
-7.963549 3.379052
-8.048828 2.394766
-8.338459 3.096256
-10.905499 0.705235
-11.368441 8.511121
-5.860601 7.339895
-7.337528 8.590189
-7.212831 6.879935
-12.750584 9.000619
-10.969419 10.076530
-11.190494 10.140265
-5.922400 7.469418
-5.871696 7.241777
-6.551205 7.289789
-4.653173 9.418846
-6.817599 9.591804
-8.437042 10.865194
-7.487215 5.263135
-6.184155 6.789639
-7.159592 6.582279
-5.858251 8.916438
-5.973584 6.529658
-7.454218 7.609972
-6.700939 8.678033
-7.710999 9.079419
-9.213149 8.582672
-5.003412 8.368629
-3.384094 6.706358
-7.552970 6.931247
-7.831941 5.050754
-7.571399 8.134275
-2.774442 6.585504
0.119854 6.073348
-1.925367 4.031372
-0.945958 2.309869
-0.475566 3.564488
-1.423926 4.397151
-1.829238 4.763850
-1.156348 2.803161
-2.320681 1.200070
-2.174056 2.241882
-1.143306 2.007656
-1.156168 3.697726
-0.788305 2.857566
-2.058780 5.712224
-5.465380 6.590194
-3.012594 6.537549
-3.579833 7.050794
-5.989918 6.675046
-3.206837 8.319539
-5.792627 8.401420
-7.282696 7.917137
-5.792674 6.895452
-4.488134 6.969355
-5.583123 6.984192
-6.076094 7.551640
-6.014197 6.698907
-5.644996 7.022169
0.691857 5.464242
-1.891600 6.330263
-2.129631 2.992940
-1.084647 2.050377
-1.713926 3.981079
0.872296 4.978312
-1.353272 3.685157
-1.448443 4.310618
-2.073756 3.276121
-3.004423 6.647005
-2.905548 8.675387
-6.660934 7.657373
-1.095537 4.487874
-0.580485 4.594776
-1.426352 3.943579
-6.667412 0.754921
-6.825968 0.199040
-3.258522 0.455284
-7.732015 1.232441
-6.898264 1.149752
-5.149977 1.257766
-2.478816 0.955762
-3.715218 0.714914
-8.074869 2.639523
-8.957245 3.157977
-9.075636 3.373615
-9.808651 3.284464
-9.418957 3.343554
-9.875578 3.059011
-6.820511 0.823655
-5.678226 0.136064
-6.101283 0.576965
-6.895772 1.155959
-8.235219 -0.223011
-7.701709 2.528586
-9.726941 3.249483
-9.079022 -2.340374
-10.068869 0.396756
-7.657805 3.933285
-7.792640 4.551350
-7.643544 1.623968
-8.102507 1.525170
-7.193229 0.645127
-10.543142 0.439360
-7.490503 3.556137
-9.690571 0.462230
-8.549213 1.906970
-6.509318 0.562782
-4.320483 0.647371
-0.476763 1.408022
-2.059238 2.251468
-2.092195 5.449031
-1.904540 3.547480
-2.118336 2.096178
-1.902059 0.804614
-6.041581 0.952046
-6.769402 1.102059
-4.937724 1.132227
-1.939319 2.694836
-2.147521 3.535234
-0.995679 2.396409
-1.297397 3.098313
-2.337562 1.979032
-1.918423 2.506043
-1.931956 2.665033
-2.416682 2.048050
-4.016601 0.433849
-2.851617 0.448553
-8.151013 -2.074003
-6.256791 -1.193553
-6.634270 -0.687215
-7.814768 -0.146180
-7.566803 1.670943
-8.691389 2.049236
-6.042882 -0.786477
-8.851968 2.127330
-7.643089 4.383937
-7.555659 7.090009
-7.539622 5.060781
-7.614688 3.694497
-7.937098 5.457911
-7.604918 8.273277
-7.921586 10.343218
-5.487746 6.951159
-5.989606 7.382767
-6.153174 7.358115
-6.832765 7.593322
-7.667760 8.504065
-8.739748 8.955331
-4.817932 10.129327
-7.185833 7.867588
-5.622513 6.348254
-6.568635 7.356144
-4.182104 6.407542
-7.520766 7.450237
-6.121262 7.884371
-7.053984 7.199306
-7.190641 6.621552
-6.127127 6.920024
-5.844789 6.511171
-2.600479 1.005444
-3.366007 -0.038238
-4.703534 0.883559
-3.581591 -0.284523
-4.734629 1.152801
-6.724507 0.993607
-10.189379 0.050149
-8.421957 3.217615
-8.049127 2.074749
-7.530278 5.875331
-6.951637 8.577615
-5.823944 8.385819
-5.737961 6.833001
-4.758063 7.525565
-4.895604 6.929503
-6.240819 6.994915
-6.825722 8.617686
-8.721414 8.544410
-11.821478 9.449750
-9.241537 9.021051
-5.253175 7.684140
-5.116675 7.044438
-6.339591 6.532705
-7.642315 7.327318
-7.608916 5.562345
-5.920925 8.822517
-2.327923 6.842440
-1.575310 3.877477
-7.578286 4.839980
-7.680690 3.667723
-7.527220 5.316492
-7.711553 6.602851
-6.892687 7.224268
-7.314004 7.265722
-6.471137 8.820619
-7.841913 8.229025
-7.901038 3.549623
-9.301071 2.562380
-7.758810 0.215091
-4.408287 0.249265
-7.068274 0.557889
-6.057012 0.760493
-7.257113 0.250179
-4.345556 0.011683
-1.227267 1.885314
-1.595497 6.009693
-0.134551 3.902886
-2.775075 6.949337
-5.433397 7.816183
-5.962592 6.993577
-7.481177 6.880368
-4.894968 6.365185
-6.250907 7.369830
-6.956264 6.930479
-6.043120 8.890058
-7.275641 8.463047
-7.934311 5.040790
-7.953276 3.737516
-7.750100 4.545363
-7.649489 5.098473
-6.708809 6.787792
-4.830637 9.186091
-3.745910 7.185229
-6.046249 6.681897
-8.259447 2.477236
-11.690901 0.626192
-9.800199 2.738312
-5.329382 6.665692
-4.577834 8.115910
-3.225378 7.161428
-2.509297 8.113767
-4.514956 6.319663
-5.230019 8.268635
-7.649739 8.489782
-6.208845 6.836145
-7.587613 6.348924
-7.492722 4.112777
-11.263767 3.282579
-11.021851 1.396815
-9.827227 3.257525
-9.288438 2.878531
-8.458055 3.178434
-7.806927 1.405111
-7.779758 4.165522
-8.006511 0.986097
-10.508064 0.529984
-8.366261 2.344214
-7.274945 0.291891
-7.894970 0.486895
-7.370222 -1.632387
-9.449135 0.712223
-7.820399 2.453120
-7.827605 3.947010
-7.608414 1.306438
-6.310828 -0.273749
-8.047667 -1.931991
-5.828672 0.841170
-5.239158 1.077131
-7.241352 0.515478
-8.249545 2.673041
-7.464185 -0.082436
-7.749767 2.121896
-7.930704 3.526431
-8.553347 -1.115336
-5.124837 0.766920
-1.894083 0.616444
-2.353858 2.598670
-0.791464 2.908065
0.708616 2.008903
-0.145266 5.396254
-2.024553 3.077249
-1.154921 1.684527
-0.626218 2.326064
-3.555188 -0.145831
-3.066884 -0.090399
-2.916791 1.023232
-5.178738 -0.524701
-6.906038 0.697919
-7.028527 -0.237294
-6.732487 -0.628438
-8.069067 -0.348254
-7.642949 2.326174
-7.535595 3.269656
-7.835170 2.657507
-8.838237 2.102329
-7.124971 0.488265
-6.925402 0.992334
-3.865257 -0.033049
-2.373498 1.411117
-1.743995 1.662117
-2.093133 3.850991
-1.554305 0.459722
-2.182221 1.458615
-2.129756 5.254777
-2.582022 7.189334
-4.602370 8.696994
-3.119281 8.055295
-1.975659 5.863307
-1.962455 5.282910
-0.819794 4.014447
-0.814074 2.270156
-1.985656 6.312264
-1.464863 7.891077
-4.713362 6.513598
-4.632868 6.457838
-4.018612 7.145976
-5.792631 7.355590
-5.209620 8.623824
-5.077568 7.970697
-11.201269 9.988030
-10.567966 11.795863
-9.529256 10.503359
-6.880929 8.759165
-6.425532 8.230344
-7.637341 6.156241
-7.577845 5.165312
-4.391675 7.263154
-4.437065 7.921999
-4.238685 6.803116
-5.098299 7.008228
-4.751901 6.937743
-7.001410 6.344474
-7.323270 7.733220
-6.263038 6.761917
-2.306394 6.674741
0.166803 2.759317
-0.232390 1.999591
-4.293650 0.754493
-7.071153 0.611572
-8.493772 1.923114
-6.933307 0.908573
-3.875927 1.112501
-3.457727 0.957414
-2.379144 -0.230105
-3.528299 0.900750
-5.684042 0.774266
-7.756519 -1.486476
-8.229581 0.866729
-5.300521 0.275647
-3.524020 -1.143111
-4.658351 0.136330
-1.028946 1.777653
-1.834408 3.138543
1.881690 3.906219
-2.591367 6.678376
-2.855141 7.391164
-3.084921 7.615872
-5.713703 7.470243
-5.845470 7.961365
-6.588171 9.102178
-7.263620 7.797103
-5.274738 6.785198
-5.464390 8.188194
-6.264805 6.568868
-1.709074 6.719408
-2.417289 5.096014
-3.801627 7.729516
-6.330019 6.581083
-6.592706 6.826900
-6.306427 7.342492
-4.792772 9.405017
-6.832827 7.448165
-7.512512 5.771507
-7.535322 4.399823
-7.051534 7.723175
-3.918384 6.518342
-3.631554 7.319134
-3.973896 7.418715
-6.992775 6.817506
-5.364759 6.994333
-4.042601 7.314728
-3.810919 6.727706
-5.311818 6.929211
-5.424752 6.851193
-6.495603 6.879591
-7.231817 7.499686
-7.844762 6.429407
-5.744317 7.182100
-3.595988 8.430037
-2.646906 6.488765
-0.678148 5.260331
-2.014119 4.418149
-1.495727 6.443456
-4.606767 7.523674
-6.289615 7.496255
-7.244821 8.686617
-7.307637 7.002655
-7.216215 6.493902
-5.534544 6.912976
-5.043632 6.444335
-6.105923 8.529799
-5.575543 6.519456
-3.369596 6.351277
-2.663979 6.726832
-2.397443 6.341290
-1.579396 5.295432
-1.652037 4.822155
-1.656167 2.692707
-1.024744 5.408697
0.108169 5.773511
-4.318519 7.097663
-7.124905 7.139555
-5.626796 6.538518
-5.275357 7.103202
-5.902658 6.496434
-5.890820 9.192019
-4.082201 10.325058
-7.566056 3.467736
-9.517870 2.824979
-7.564073 2.783126
-5.720631 8.084797
-5.061064 7.263113
-11.496781 10.178861
-8.416199 8.835782
-9.014150 8.596929
-7.851367 7.071026
-6.807390 7.661981
-8.766836 9.234404
-7.317866 8.854014
-7.712760 6.455391
-7.721516 6.060772
-3.630406 9.012327
-6.536924 6.335594
-8.807974 9.930280
-15.585652 8.186037
-17.721601 4.855662
-7.747352 7.422715
-4.371167 7.831663
-4.083832 9.251907
-4.398878 8.865607
-5.837296 8.151594
-6.795456 7.544356
-6.007355 7.422741
-6.359977 6.541626
-7.344148 7.017747
-7.859601 7.442324
-7.092238 6.406317
-5.472109 7.964231
-6.858552 8.242919
-7.407976 6.676604
-7.852537 5.543910
-1.872502 5.069244
-0.386743 5.954978
-2.099460 3.371717
-1.042385 0.898575
-1.993446 3.653790
-4.747324 0.754342
-5.219985 0.570767
-5.320096 -2.305835
-6.418202 0.452105
-3.180977 1.089679
-1.477705 -0.133518
-2.720560 -0.054497
-0.419318 4.239108
-0.788169 5.439225
-2.475017 8.387816
-4.019184 6.907204
-1.939752 7.333154
0.483347 4.536329
-1.804729 4.045117
-1.900711 2.811888
-1.677019 0.896968
-2.579549 0.862914
-4.903797 6.809632
-7.214124 8.119268
-7.877392 6.039054
-7.752560 3.660358
-8.045259 2.683975
-7.948109 2.235466
-8.255273 2.503421
-9.152232 1.742065
-6.842146 0.802193
-8.378598 0.939545
-9.093648 2.026582
-10.366401 2.936483
-10.927987 0.295743
-11.250553 -0.127314
-9.134150 2.703616
-9.556160 2.111330
-7.067956 0.547287
-5.713344 0.854976
-3.345048 -0.498284
-2.168227 0.529790
-2.329607 1.961931
-2.439991 -0.332142
-2.916708 1.036932
-0.876149 1.938980
-0.508502 2.650082
-0.446591 4.085763
-1.733550 4.661930
-0.845992 4.866601
-0.616954 4.980268
-3.631741 7.306881
-5.210843 7.253682
-2.384001 7.953912
-2.351216 5.778049
-2.131192 4.982087
-2.205193 3.067577
-1.950490 3.439395
-1.134731 4.865568
-2.577420 6.623343
-2.658364 6.335187
-3.881970 6.462471
-5.378229 6.364912
-6.174600 6.693461
-6.914750 8.508728
-7.263538 7.330154
-3.424645 6.316658
-7.582607 6.534335
-7.600677 5.500569
-4.641898 7.261799
-6.856646 8.158267
-6.865618 9.086849
-5.139231 8.569623
-6.743893 6.529959
-5.688690 7.257713
-6.441532 9.516809
-7.493265 7.832698
-7.483141 5.463912
-7.597961 5.037662
-7.775169 3.807760
-7.592352 4.423138
-7.970878 3.146735
-8.543315 3.312022
-13.003771 3.222452
-14.681738 6.460626
-14.134912 5.782550
-5.986717 6.808137
-6.277877 6.924941
-7.621408 5.197721
-7.718502 8.242738
-5.276942 7.400296
-7.951142 6.442153
-6.644788 6.345357
-7.530052 7.451276
-5.654522 7.620191
-4.251785 6.855208
-4.512632 6.812098
-7.897803 7.261654
-8.541819 0.287713
-9.035124 1.037177
-10.099140 -1.995586
-9.923365 2.516492
-8.843997 3.003270
-6.628727 7.039029
-6.818925 6.637442
-7.570307 4.739690
-2.141623 3.692942
-2.426815 5.534237
-1.836753 3.469587
-0.713478 1.290407
-2.364148 6.079824
-4.030655 6.666582
-3.393822 6.527066
-6.504661 6.927518
-3.050543 6.992824
-1.368501 6.305919
-2.099847 7.137597
-10.712080 9.201815
-12.421047 10.325755
-8.488823 15.625781
-7.823890 7.963167
-6.601303 6.358303
-7.655382 6.576013
-9.357924 2.684865
-6.579016 6.621627
-4.991112 6.808532
-5.671798 6.340506
-13.352259 5.231321
-17.446449 -4.501930
-12.059207 -1.778531
-10.308420 0.233003
-10.618380 2.513246
-9.936949 2.298866
-14.599441 3.296975
-12.708818 10.248514
-12.496172 8.780543
-11.184750 9.081111
-11.216393 10.177090
-6.892969 7.963211
-7.615066 7.074730
-5.037836 7.215073
-5.717775 7.584714
-7.299241 8.845357
-6.665444 7.667736
-7.050784 8.203336
-6.222923 10.783296
-3.666927 9.237126
-2.426311 8.269514
-3.425220 7.920003
-7.032604 6.663790
-6.258896 7.354152
-5.897054 8.177142
-5.363456 8.051396
-1.386011 3.632346
-1.357487 4.223259
-2.029037 2.982907
-1.297320 2.664182
-1.217545 2.876879
-0.613529 1.856173
-1.230826 5.439116
-1.778562 5.902133
-1.350700 5.238921
-1.227467 7.939492
-5.176228 8.066438
-7.103043 7.652848
-4.239388 7.084940
-4.480132 7.510104
-6.120115 6.423564
-7.686492 4.220296
-7.805174 5.202985
-7.377500 6.455812
-6.219025 7.336516
-8.231191 1.544059
-8.163719 2.501479
-12.248220 2.248415
-15.981405 4.265258
-11.939573 3.105897
-13.046017 0.369801
-12.972411 4.642397
-15.902699 5.008586
-14.458328 7.084006
-15.964491 15.622214
-10.860533 9.763996
-9.235831 9.510823
-10.727479 10.367631
-9.067610 8.936126
-11.755203 11.431594
-6.434823 7.909359
-5.707349 6.325941
-7.173929 7.999561
-5.857937 7.397059
-6.959335 6.686962
-7.830470 8.574780
-6.128273 7.634920
-7.118896 9.006942
-7.937101 7.922397
-7.769494 4.073458
-5.821276 1.249879
-6.845841 0.643905
-5.119558 0.013350
-5.661303 7.684731
-6.262297 6.859564
-7.695374 5.141517
-7.608524 6.396174
-5.739976 6.364411
-6.021604 7.955284
-7.382161 6.559454
-9.545540 8.879181
-11.348033 -0.514863
-8.837523 -1.236177
-8.161932 2.612409
-8.639801 3.011141
-9.751982 2.981083
-10.060551 3.248859
-11.419688 3.422046
-7.497412 5.352871
-5.377386 7.620252
-6.202025 6.686575
-5.660273 7.277636
-6.916632 8.140819
-5.995011 8.977100
-9.802755 9.026770
-2.006539 6.304017
-4.977113 7.695017
-4.955749 7.365983
-4.120344 6.373419
-9.041997 9.982026
-9.288505 8.685528
-9.744905 8.582045
-5.142631 9.651589
-7.558424 6.317144
-7.603316 4.671053
-7.919211 4.408981
-7.911404 7.859608
-6.819504 6.733947
-5.486474 7.535453
-6.047770 7.198320
-3.710353 6.404510
-4.682446 7.285206
-5.609648 7.658562
-7.806911 6.960198
-6.208929 7.968346
-7.199086 6.749165
-6.664454 8.317979
-7.071254 7.023884
-6.939815 7.879588
-7.462360 6.523441
-7.754921 4.943450
-4.027880 0.402288
-3.272709 1.033468
-1.932012 0.743401
-8.011955 3.328277
-1.587618 2.650960
0.339870 2.947155
-0.933590 3.121641
-0.732426 3.734020
-0.557102 3.528817
-0.971306 4.463614
-0.811876 5.794042
0.024976 4.042610
-2.098481 3.102429
-3.469642 1.309614
-3.509124 0.297133
-2.189333 0.056855
-2.219358 -0.357275
-2.775563 0.469257
-7.343904 0.706626
-8.312519 0.374159
-10.198402 1.945430
-10.104496 2.715496
-12.517187 2.489974
-12.272551 -0.835691
-10.107690 1.031659
-8.595171 0.913287
-9.344658 -4.385849
-12.202663 -0.131394
-9.747046 1.099302
-9.703619 0.824315
-9.284261 2.161162
-8.446182 0.771877
-10.497822 0.967298
-8.850389 1.188277
-11.865773 0.229134
-10.877380 2.847351
-9.828787 2.822671
-8.269723 2.499722
-7.672964 1.003734
-4.291321 0.860128
-1.828563 1.046453
-2.232741 3.027322
-2.180833 2.135731
-2.390952 3.462737
0.645211 7.264672
-3.017102 8.174017
-0.280582 5.527812
-4.192873 7.001698
-2.482965 6.475001
-6.184858 7.974785
-5.510456 6.480388
-7.004575 6.998423
-6.464329 6.693760
-6.714453 10.357625
-7.060911 7.295422
-7.176167 6.992615
-5.307537 6.508164
-6.724029 7.776082
-5.352894 7.100842
-4.743728 7.213432
-7.827353 6.436523
-5.780772 7.798279
-6.008985 6.903135
-6.888289 7.423971
-5.465675 6.818665
-6.363644 6.932413
-4.488328 7.823749
-4.806015 6.656415
-6.860332 8.186032
-9.527649 9.408031
-10.597588 9.011008
-9.008940 8.913121
-3.687710 8.470071
-6.222830 9.220160
-7.686095 6.022877
-5.693908 8.153499
-7.076563 7.227499
-7.681623 5.573254
-7.711881 7.787350
-7.107723 7.752464
-5.858325 7.313583
-6.522492 7.307293
-4.458345 6.452097
-5.026316 7.000955
-6.357228 7.187727
-5.260862 0.721573
-2.527871 1.204281
-1.801106 1.101756
-1.079851 -0.257428
-2.430919 -0.827728
-3.125129 1.100408
-2.422302 7.781124
-4.066126 6.932951
-2.668400 7.134187
-6.047744 9.666650
-4.280142 6.872624
-6.762918 7.009300
-6.972782 6.542682
-5.979105 6.790460
-4.908648 6.873849
-2.992695 7.773599
-1.752418 5.841498
-1.532070 6.139116
-2.368444 2.046032
-2.459718 0.702714
-3.799573 -0.087054
-6.430761 0.115209
-6.663945 1.302097
-7.754395 3.573911
-7.698553 5.039694
-10.494942 10.163426
-13.678514 11.156970
-13.844091 1.692446
-9.155563 1.326741
-9.799566 0.332521
-12.584916 0.360537
-12.054724 2.731667
-12.641899 2.476351
-7.822806 2.925009
-7.811896 4.962130
-5.770106 6.362890
-5.388842 7.036432
-7.064500 6.766661
-6.268238 6.539704
-4.511899 7.521340
-8.823334 9.490314
-10.367880 10.562324
-12.834064 8.538827
-8.471857 9.560233
-14.770012 8.535857
-12.987473 7.014319
-7.552769 8.871245
-7.588668 7.152077
-7.281239 8.551930
-11.033190 8.829436
-10.507738 11.926654
-7.591416 8.892468
-4.859988 7.110325
-5.754956 8.319480
-7.527689 6.428830
-7.944887 5.016836
-4.850182 1.260967
-2.808781 -0.955902
-8.389917 1.803964
-8.197878 0.334746
-9.340329 1.550948
-8.747745 3.031818
-10.792250 2.657652
-10.392572 2.031751
-7.498731 5.009655
-3.547276 7.489728
-3.086633 8.596255
-5.121550 6.366004
-6.582860 7.753509
-6.919805 7.639942
-6.201078 7.713398
-6.852719 10.532325
-6.177666 11.983916
-6.735497 7.787231
-5.813211 6.348042
-7.139370 7.655673
-7.674529 5.384014
-7.655428 5.475329
-7.939931 7.123505
-4.572948 6.934157
-4.294191 7.122281
-4.972300 7.424888
-6.943563 7.752413
-6.764774 8.190307
-7.870826 10.280152
-7.795425 9.856082
-11.092951 9.145496
-13.585625 8.292851
-13.100332 9.148328
-13.244821 4.396451
-13.588110 5.446062
-16.995174 3.176495
-8.555205 0.921527
-8.015345 1.044048
-8.145981 2.358538
-7.768951 3.245649
-7.669342 4.710203
-7.506489 3.572783
-8.342690 2.960636
-7.191929 0.033087
-7.653609 1.402691
-8.237642 2.569739
-10.896694 2.895813
-12.366081 -0.470777
-12.711388 2.781945
-13.120255 3.595031
-13.836542 5.647404
-7.680351 4.305514
-10.060335 3.404571
-9.286964 3.327329
-11.082228 9.030530
-9.234524 9.425822
-4.966883 7.055626
-7.493624 5.270937
-6.845832 7.173809
-5.763337 8.313888
-7.015527 6.494896
-10.133970 2.186257
-10.218007 0.410753
-8.393473 -0.685286
-10.246133 0.906168
-13.692744 6.942255
-5.685187 7.877002
-8.978701 9.454910
-11.068319 9.082144
-8.112010 9.494458
-7.454838 7.658043
-7.886835 5.698705
-7.952241 4.751523
-11.454192 3.403475
-17.991505 -2.432258
-15.184947 3.800160
-11.491225 9.019410
-8.547901 9.508646
-5.648981 9.192094
-6.807796 7.528587
-6.742577 7.571517
-6.312145 7.017788
-5.831236 7.200351
-7.521899 7.876672
-3.511079 9.497797
-7.355266 10.865040
-9.202715 9.434223
-8.757360 9.590141
-5.912629 6.844008
-4.806938 8.460386
-6.457785 8.697881
-5.853453 6.997245
-5.598219 7.136460
-6.810325 6.518346
-5.589238 6.415830
-2.971085 8.917933
-3.790765 7.720272
-4.394527 7.015498
-2.883303 6.732267
-2.721385 6.624276
-4.173892 9.474285
-6.654101 8.393187
-3.565811 6.724973
-1.970335 5.042634
-2.418508 5.804465
-1.529032 4.138629
-2.451797 4.703463
-1.595408 5.228745
-0.679355 2.867263
-2.028336 0.456018
-4.273312 0.688794
-7.805984 1.065442
-7.043907 0.253014
-4.205373 -0.432840
-6.333623 1.271976
-4.041007 1.258386
-7.722100 1.221832
-8.623638 0.409646
-8.005404 2.270747
-8.301743 0.829561
-2.193913 1.001761
-1.581501 1.291424
-0.930112 3.709374
-2.213554 5.129629
-0.518832 4.672545
-1.406408 5.350458
-2.281958 6.851550
-5.533308 6.967700
-7.321638 9.822701
-8.671294 8.696996
-8.289495 9.019414
-6.223522 8.841217
-4.596344 7.232249
-6.929639 8.426289
-7.352262 8.155528
-7.775205 8.496409
-8.064924 9.727509
-8.240720 9.494029
-6.381644 9.011473
-9.774193 12.185416
-10.176987 11.605400
-8.734297 11.685043
-6.619061 10.498333
-7.825246 5.968188
-9.466587 9.856029
-9.868328 9.409657
-9.724545 8.544919
-5.776622 11.547919
-6.352908 7.602392
-6.872523 7.878375
-5.874659 7.565300
-7.417739 7.773485
-5.099498 6.513741
-5.872973 6.343851
-9.402438 10.033933
-6.638078 7.939099
-6.449696 7.911906
-6.102668 8.454644
-7.577694 3.614689
-7.495475 5.080976
-7.665923 3.711627
-8.255524 2.571220
-8.040856 -0.639717
-8.314033 -1.867111
-8.011651 0.619808
-6.688577 0.479498
-7.922602 -2.711814
-7.593253 -1.796169
-12.289005 -3.767238
-10.253981 1.752933
-12.635781 0.927682
-9.996904 1.960517
-15.348119 3.466177
-8.521626 2.633060
-12.281882 1.513767
-13.021975 2.911012
-16.122511 7.166598
