19.910213 19.824539
14.827366 9.382139
12.542608 9.211637
10.646479 11.957850
9.719065 11.190688
10.836836 12.751973
6.515867 5.264847
4.239080 2.255520
4.756425 2.979842
7.565810 3.698909
9.080640 4.941161
9.034678 5.323206
9.502036 1.703436
8.798510 4.871804
7.733412 4.366605
6.595416 4.767038
7.179771 4.998679
9.536399 4.893510
8.266959 4.678147
7.741085 5.261005
4.499757 4.213662
5.914481 6.508126
3.810100 9.426394
6.107553 7.621047
1.886127 5.314229
6.286559 2.894021
4.832340 2.253686
3.524432 2.693704
5.385785 5.398065
9.339655 3.019291
7.845259 3.146484
10.602208 2.654222
9.093560 2.779042
11.203907 3.473469
10.502530 0.425502
11.315397 -0.721020
12.563468 -4.026724
11.748324 -6.284642
11.236345 -7.748466
9.200584 -6.859030
8.480267 -9.393488
8.508282 -9.475425
4.961984 -6.162196
5.981692 -3.561734
4.873281 -2.077082
7.155217 -0.797359
5.525255 2.238582
6.000559 -0.202530
6.588136 -1.194166
4.988909 -1.043664
4.878013 -4.775300
4.766880 -4.064512
3.414485 -6.351995
5.406762 -5.546385
10.551551 -0.808686
9.774203 0.203036
10.330569 -7.117901
10.069426 -7.008211
7.148201 -7.771453
8.975945 -9.840873
8.417101 -12.533378
6.056542 -10.227262
7.577505 -8.159847
10.005599 -7.404833
8.102595 -8.621745
8.036049 -7.814243
7.261646 -8.654090
7.996111 -10.763348
8.730332 -10.102186
4.360193 -10.587169
6.921644 -8.809560
7.988894 -7.960411
8.369042 -12.036542
6.962798 -11.197086
7.077807 -13.376498
16.515541 -13.262556
