0.415042 9.664326
3.622022 7.712209
4.709987 7.123168
4.198782 5.561666
8.525040 5.115509
9.184727 5.377246
9.231499 5.189285
8.541376 5.322295
8.996170 4.033963
9.264569 4.307495
10.963572 1.612808
7.695295 0.315390
6.043807 6.548117
6.369560 6.846061
3.105256 7.298934
6.506865 10.079349
4.534842 10.610248
5.071507 9.491225
4.282369 8.042505
6.976795 4.131436
8.238785 5.197821
9.139153 5.353409
6.238136 5.568229
8.229719 4.966275
5.810514 5.780949
5.945599 11.586285
8.504316 12.724751
7.408210 12.813601
4.918119 6.694472
6.440843 9.590436
6.044872 9.151340
5.939065 7.059029
7.638967 3.868662
10.761805 3.400471
7.639071 4.607213
8.385457 3.379825
8.092980 5.355093
8.799505 5.274012
9.495064 3.849906
7.175850 5.541061
8.916533 3.652629
8.607698 4.648540
4.563178 4.804497
6.448346 9.500934
6.288340 8.598617
6.405170 9.734992
6.011703 12.351364
7.115160 11.874386
7.995597 10.662438
7.869276 11.878019
7.267946 13.256520
4.291934 10.036765
5.177135 11.063405
6.271469 9.085622
5.551392 7.023104
3.733858 6.812713
5.812554 10.649783
6.136098 9.135607
6.171145 6.909218
5.415728 7.359702
6.405119 8.580855
5.602071 5.474865
7.107385 5.333756
9.357843 2.783928
8.679348 4.600524
9.968878 0.732205
8.995977 2.649823
7.056325 5.248418
9.218988 5.381773
9.712133 3.317964
10.489117 3.732114
8.856133 2.505825
10.847629 3.315122
8.050396 1.705472
8.259860 4.918729
8.521695 5.086773
9.571553 5.624039
9.541721 4.818957
7.675722 5.528581
6.706079 3.665690
8.185307 5.320780
8.619546 4.548150
9.434794 5.449099
8.450992 3.870848
11.003721 3.407050
11.432463 3.435635
10.522381 3.010659
13.533781 3.107435
9.193083 -0.271969
11.165877 1.786957
8.820436 3.899602
9.413155 5.349880
10.002737 1.220878
8.749619 2.862092
9.288862 5.608478
8.440495 4.100234
11.865875 1.002807
13.322394 3.407104
9.788687 4.439479
11.614560 3.617523
11.444640 3.125394
8.112905 3.709688
8.039495 3.910304
9.631878 3.956419
12.037394 8.801573
15.394501 5.274729
17.841370 11.730300
19.798727 5.008259
15.764681 4.715341
16.759327 4.144106
14.966919 3.544847
15.058522 6.487058
16.158882 2.932559
10.052481 3.593207
10.249506 3.146399
10.655834 0.564569
12.140253 2.462082
11.056952 2.990130
11.451097 2.780909
12.138803 1.360758
11.411240 2.888025
11.207329 2.767676
11.113122 1.663203
12.215841 1.948370
10.411301 2.361857
8.323153 2.994052
9.710166 4.159917
8.675963 1.705314
9.300661 2.873321
7.922775 0.652074
6.738309 2.985958
6.782919 3.192458
7.190007 3.577213
5.240068 3.658377
7.481338 3.792494
5.796034 6.682608
4.670284 5.363034
4.277567 5.967831
13.307296 9.969394
14.754688 11.081722
12.212853 9.596507
16.443954 9.231101
14.889841 6.568250
12.825083 3.563992
11.269441 1.499774
7.556369 2.220311
8.799219 1.734295
8.893845 2.714789
12.037307 1.390040
10.232337 0.761918
9.854633 2.089935
8.554617 -1.401392
8.203973 4.764587
9.679097 4.396152
8.174153 5.157337
9.612549 4.657641
5.600322 4.895067
5.856871 2.931034
12.458761 2.239519
12.047834 3.418460
9.397482 3.487121
7.094051 2.026437
9.179286 4.480098
7.008387 3.722813
9.484924 3.739066
9.818745 2.789237
9.724348 3.560194
10.622649 3.136692
10.286977 3.117243
11.252059 2.060720
9.139856 2.804445
9.318961 2.138350
8.415618 2.280382
8.385105 3.703176
9.406181 4.474501
8.355780 4.911885
9.022242 5.315367
8.211493 5.392583
7.824947 5.081350
8.202527 4.936749
7.264185 3.757416
4.989058 5.445292
4.902942 10.792279
3.603389 10.055505
2.266129 10.930476
1.298617 7.424809
5.226777 8.729131
4.034321 2.770684
9.714832 5.201416
8.378294 3.705956
8.144676 5.255475
9.666906 4.164176
8.044731 4.670916
9.858791 2.641670
11.522039 2.785422
12.092046 3.377885
15.629042 3.543168
15.030621 3.849416
16.745981 6.092553
5.710608 7.037649
3.463086 2.394912
6.635348 5.570985
9.352759 3.643478
8.298914 5.516700
8.350700 4.052085
8.562305 3.593594
5.880899 3.122489
5.299473 6.587154
3.152775 7.428037
4.019707 7.537339
7.274770 10.741538
5.342994 11.965775
4.660648 8.807281
4.501796 7.612038
6.462745 7.640610
11.223129 3.229995
10.356791 3.708631
7.470583 5.469538
4.671529 5.181430
5.849842 5.857090
5.216166 8.917586
5.473487 5.901371
7.102534 4.040799
8.582165 4.283461
10.456239 2.201708
9.547255 4.514575
9.461486 2.145773
8.040560 4.541873
6.274124 4.218054
6.308390 8.182778
5.753157 2.672971
8.758999 5.274450
7.220671 4.673513
10.152770 2.791995
10.745168 3.681854
9.571351 1.496825
9.282403 5.358454
7.394906 4.272512
9.634963 5.623066
8.492984 4.784176
6.176205 2.776462
8.471865 4.198923
9.258506 3.938415
5.521969 2.879851
6.478441 4.971413
7.170304 4.965842
5.556572 5.363691
6.005977 8.559029
5.828688 11.665893
8.283125 12.026963
7.855337 11.404683
9.852001 13.847425
9.541788 13.046361
5.407014 9.829986
6.329450 9.781740
6.141746 10.211168
7.046371 5.450817
6.862663 5.081852
9.019622 3.436699
8.294638 4.234198
7.416694 4.855403
10.209331 2.958146
8.739962 5.623183
8.587852 3.509069
11.153621 2.338896
9.691410 3.632440
10.517730 3.569722
9.836475 2.633182
8.291766 3.145328
8.720432 5.288406
8.445184 3.289050
9.515673 4.860918
7.597744 3.282166
7.533229 4.643439
4.997305 3.810662
5.421494 8.407181
5.347332 7.097761
5.043061 7.478101
5.815248 8.653520
5.325202 10.517161
6.044455 10.442703
5.465247 8.604585
8.233696 12.316567
9.681221 12.405068
8.623734 11.360133
8.012180 10.824222
14.484024 11.668806
12.081143 9.402890
6.107438 7.402924
4.629853 5.129910
5.865369 5.466379
5.723811 3.746418
5.638311 4.021808
7.977753 4.800536
6.331677 4.685133
8.117402 5.636758
6.616532 4.991065
4.160444 3.538980
3.181533 4.500336
3.694540 7.477669
5.640724 5.700526
5.909361 5.754711
6.464583 6.754910
4.978076 5.738524
4.636888 6.049188
3.951771 9.561606
2.845955 8.440557
5.745463 10.857057
5.857640 8.546245
6.205693 5.601155
5.960249 9.467431
5.778209 9.859989
4.703138 6.201043
5.889381 7.471117
6.022996 7.156210
6.019978 4.385941
8.514750 5.579624
8.543553 4.250002
9.158054 3.929596
9.414770 5.115536
8.108510 4.941858
8.383350 5.408062
5.494188 3.296392
4.060159 7.998167
4.402582 8.681821
3.492594 9.090917
5.644537 8.132611
5.418036 9.898694
6.396583 11.863763
8.770401 10.894076
8.033117 11.556282
9.854904 10.690721
11.936832 10.124439
12.700606 10.337090
11.451076 11.907090
6.545144 5.496974
5.683382 5.320961
7.580744 3.955558
15.866041 -0.125066
15.655524 2.687779
15.015455 6.954369
14.554913 3.293254
11.107339 2.579658
9.219341 4.506718
8.487722 3.172558
8.960993 3.131195
4.494179 5.338590
6.685828 4.580406
4.699679 6.104908
11.932775 10.329643
13.933563 9.342614
11.062246 13.078136
12.113432 12.801665
12.168474 8.972510
12.683181 9.310214
11.721297 10.653988
10.496772 10.835675
9.226434 4.677086
8.101058 2.649346
7.784760 4.075179
9.815196 2.918918
8.715161 3.672569
5.284756 6.583961
6.295169 4.628328
3.902521 5.527536
7.153992 5.494899
4.551922 4.601478
5.427890 7.919650
3.473736 8.202671
6.364847 7.668194
6.350598 7.111302
6.462414 5.309704
4.431934 2.575942
8.686888 4.468914
8.285048 3.400839
5.369236 3.673499
6.074916 8.053593
6.108356 2.811135
9.148563 2.867123
7.147251 2.957141
5.724062 5.147371
6.545681 3.537159
8.613398 -0.121866
8.122818 3.687333
10.725953 3.152735
11.965128 3.209381
9.453677 2.175253
7.045024 0.885684
10.672836 1.427725
10.230810 3.247888
13.901938 3.777588
10.151498 3.653621
8.694242 3.037281
9.831824 5.342597
8.404175 5.216913
9.662361 3.917522
9.231510 4.807992
6.621407 4.394156
7.461998 5.483358
6.931052 3.724687
8.801956 3.611619
9.027427 5.034853
9.401886 3.028399
9.461283 5.432555
9.770265 3.202907
11.675978 3.233941
9.422457 1.741148
8.719035 4.805977
9.115725 5.116821
6.157933 11.077668
6.025867 9.222224
8.189595 10.905225
10.004414 10.968809
11.977584 9.427475
6.203761 8.659789
8.067081 5.563883
8.240251 3.040863
7.067688 1.479678
8.578164 4.374006
9.571875 5.363506
8.387268 5.183899
6.615015 4.514703
7.549684 4.601552
5.872558 7.085683
5.561577 6.399162
4.801114 5.385787
5.302401 6.932621
7.878600 5.523804
7.257653 4.371735
8.100332 2.632485
4.351460 2.120525
5.499964 2.972241
6.723765 3.882472
4.613325 3.198618
9.522507 4.607038
7.423984 2.857790
10.729702 3.279563
10.469431 3.239802
8.492852 2.809617
4.773333 1.900949
7.200346 4.979671
7.612918 5.347591
7.794599 4.192820
8.169844 5.250512
8.247995 1.098047
8.325082 -0.964126
10.363380 0.453762
13.175891 -3.810964
9.642808 2.131670
9.460559 4.023699
9.478853 5.316659
7.200208 3.626393
11.396324 3.070236
14.888928 4.024406
10.288990 2.826357
7.422365 4.045896
5.507036 4.853683
6.784904 4.923392
8.011932 5.059298
5.406920 4.750686
5.945634 7.827916
6.259374 8.480193
7.551354 4.155868
9.193189 5.200523
8.557487 5.578743
9.733660 3.821093
12.119586 1.367850
11.825884 1.295851
13.716402 -2.766144
15.052837 1.021092
9.385303 1.072069
9.399551 0.345358
10.260223 3.499992
9.345991 2.751208
13.710462 9.128260
15.440639 12.495097
15.038064 6.843075
13.234878 9.493217
7.059575 1.763671
7.069952 2.727179
10.299328 3.541511
6.351299 4.865981
7.239600 4.402977
7.132883 2.756167
7.213884 4.263585
6.362106 4.150796
7.226558 4.804426
9.202792 5.120780
3.471231 5.183617
6.145164 3.868265
6.447459 5.721552
6.545993 5.272976
8.903992 2.673127
8.881723 5.410003
8.177385 5.168472
7.511692 5.396008
3.785870 5.549054
4.579460 6.513462
6.526992 6.237872
4.123021 7.260005
5.418520 4.819744
5.206144 3.332364
5.763435 3.663076
5.320471 6.567037
6.120823 8.200020
6.519551 6.622754
6.067021 5.134953
8.288417 5.527979
10.765839 1.803312
10.135698 3.047415
8.735643 5.478241
7.266086 3.011178
9.167626 4.636459
8.624352 2.105191
6.294693 4.943430
6.509478 6.706923
5.928832 4.974061
6.647795 2.535160
10.426613 3.502448
10.616338 3.468424
9.325933 1.777610
8.467877 4.003678
7.620176 3.440369
8.021510 4.954539
4.418715 6.321012
6.460268 6.220649
5.931497 7.099678
6.227967 7.026341
6.351775 4.597378
7.605505 3.932359
7.462156 4.468945
7.133590 4.548702
7.366601 4.176283
7.755306 3.700097
7.094256 5.319072
6.966497 5.507384
8.118153 5.551818
8.566134 3.622480
9.839306 4.257886
7.837706 3.627210
8.964229 5.610491
7.956153 5.198469
7.102903 3.068346
6.655346 2.855086
8.334654 4.354063
4.941909 2.965610
6.237010 6.240542
3.953720 7.714654
2.798449 8.304515
5.942521 6.265967
5.310942 7.656665
4.877526 2.971319
6.625299 2.337640
8.009989 3.928448
4.973674 2.549815
4.385372 4.591184
5.458363 7.308863
6.528613 7.386213
2.007997 9.777037
7.466781 11.434752
9.231363 11.481536
10.177744 11.720582
13.572929 9.241557
13.852019 8.916787
8.505715 5.163857
6.743499 4.671067
7.770402 4.108272
8.747385 3.911217
9.262444 0.807793
9.910965 3.340107
9.392925 0.828111
6.591404 3.875807
5.965825 4.454823
10.006874 2.827118
12.509260 2.523923
10.701501 -1.412986
11.389517 1.105976
11.994371 2.484415
9.486398 2.619775
9.821657 3.542511
11.538548 3.662808
9.274127 1.322626
12.394190 1.805084
17.078976 0.398263
18.487801 7.726758
13.731091 9.846332
15.517703 3.137145
11.526520 2.416841
10.579513 0.021536
9.336928 5.351340
9.612771 4.918745
8.197860 5.204976
10.713375 1.192075
7.265949 4.323259
7.508813 4.900962
8.706768 5.428747
8.458962 4.437913
10.819469 3.109717
7.545017 4.644742
5.456760 5.820218
9.107228 5.458853
6.087101 6.531066
4.465869 7.424947
4.699098 7.297775
6.160177 7.244051
4.884336 8.256063
9.692586 10.917794
11.967601 3.762118
12.600055 3.075681
9.436669 4.644553
7.123580 11.589511
5.580330 10.405681
5.847967 14.428832
5.770954 8.414033
5.448279 3.848734
5.661086 2.789998
8.453356 4.774749
7.435309 2.975465
9.356833 3.666927
9.453325 4.711301
9.522444 2.701069
11.093434 3.025287
12.895339 2.367731
9.691413 2.825593
9.287722 5.625087
9.748643 4.404971
9.880320 2.883415
12.708330 3.772645
12.513425 2.355172
12.416624 1.575492
17.652475 3.636726
14.571268 -0.782757
13.703796 0.441202
12.653913 1.715036
13.186764 2.645076
19.012711 3.330932
7.751286 3.464622
11.329248 2.513045
11.734703 1.147678
13.265867 2.734117
12.705488 9.361005
13.578461 8.929146
14.577111 10.423229
17.231293 7.193851
12.573789 -1.845141
11.996437 1.366766
12.221262 1.441090
9.756905 3.550038
10.339944 2.896806
14.950298 2.464427
15.971144 4.614116
15.101339 -0.985671
10.912222 3.568140
10.282791 2.937943
9.431696 4.204225
7.720673 4.515746
8.346723 3.120696
5.689209 2.989076
5.864492 4.422883
9.707663 5.306041
9.286539 5.533383
8.154893 5.389167
8.853376 5.220677
7.962154 4.918822
9.510359 4.345140
11.974193 8.883080
13.902664 9.646216
10.837895 3.783100
15.295547 2.712310
16.816315 9.235557
6.072194 6.206774
7.347897 4.423384
4.430248 3.993827
9.095221 4.034414
10.403532 3.486615
8.901535 3.235415
12.001004 9.882205
15.081937 9.886364
15.765696 2.981944
9.834838 2.786967
8.899673 3.851912
5.551628 5.343379
6.191634 4.520133
9.274137 3.520298
12.008624 3.631927
9.318747 3.269003
8.169288 4.903443
8.225931 4.949407
7.029952 4.768598
5.377860 5.612894
6.094720 6.425563
5.349820 9.995591
6.333098 6.628168
12.143117 10.977792
13.978850 12.316381
13.032538 11.052743
10.855472 10.694791
8.450782 11.566373
10.364389 13.756698
10.728781 12.298024
7.879079 11.069846
8.214090 11.723641
5.930548 9.895851
5.147397 7.563775
3.085722 8.268104
6.348712 11.016866
5.935537 9.034936
4.113278 7.922738
5.434319 6.771741
6.305959 10.297565
5.647460 9.684770
9.065420 11.037992
8.287980 11.235164
9.593651 14.081956
12.490634 9.844235
5.546322 7.759036
9.475507 5.429368
8.981958 3.713651
15.916257 7.400597
14.311375 11.851767
8.164365 4.312487
7.929722 5.236547
8.760992 3.854088
9.334994 4.193772
10.748775 2.753592
9.016255 4.100773
16.052345 6.913789
14.895592 6.185587
15.138716 9.247428
15.056475 9.717221
8.988729 3.380135
8.421367 3.706144
7.421907 4.160963
11.738856 1.122418
10.381627 3.100839
7.035173 4.739384
11.477136 2.249793
12.435956 0.680406
10.783831 2.043480
11.429846 2.386223
11.832058 3.321622
11.383889 2.423262
12.292474 2.186000
9.841928 3.453846
8.565829 5.143285
7.718909 5.366041
9.258664 3.388601
3.925578 6.771127
6.218918 6.095759
6.390139 8.166891
4.372312 8.049234
5.598976 9.512500
7.304077 12.891848
10.109847 11.776165
13.784439 14.010249
11.715767 9.873302
11.678912 8.991839
12.747721 10.792142
12.866786 8.844400
12.406601 9.179465
13.586308 9.873459
12.086197 9.152411
9.540548 4.487107
9.810947 3.586352
9.405559 4.173730
10.735038 2.902782
8.375520 4.257024
12.012403 2.163786
15.220714 2.413119
11.841571 2.292061
12.288377 2.150192
10.935462 1.447888
9.584730 4.196601
9.144874 2.861079
8.358598 4.227874
9.452528 3.738715
7.665988 4.328638
8.466558 5.179025
6.303078 3.361182
3.367913 1.929605
5.791597 6.726817
6.332513 6.260899
6.085270 9.635543
6.444350 7.612809
6.515954 7.779803
5.324796 10.394374
10.423666 16.656065
11.378922 11.054253
13.252753 14.674959
11.749217 9.005952
13.148466 3.694264
8.634502 3.496729
7.989347 3.050491
9.468200 4.445713
11.302575 1.577549
8.096834 5.614714
3.229450 5.333776
4.455839 7.350023
5.557960 8.044234
5.525771 8.665282
5.810347 3.380129
7.846016 4.429862
9.582789 5.623743
9.341635 4.422284
6.409765 3.750176
5.419960 3.502835
5.021249 10.321308
5.743459 8.002425
4.369094 7.513144
6.028450 4.926917
7.883845 4.476247
6.244572 3.882659
3.774814 4.502255
3.931304 4.803193
5.592466 3.511586
4.745672 5.495201
11.820887 10.144970
7.715749 4.902420
3.206565 7.487929
4.965761 11.094231
10.585094 11.274495
11.124892 11.151172
9.872479 11.551654
10.169459 10.756630
10.616274 11.109012
5.547994 3.516541
8.149429 4.130374
7.795400 5.469481
8.530871 4.093328
9.237900 2.762838
11.182558 2.849492
12.611322 0.893766
9.825474 2.589197
9.652691 3.254171
7.620768 4.685060
8.461649 4.615723
7.761752 3.361643
5.833251 3.630077
5.356307 10.528330
9.190421 12.152139
13.953060 14.812469
10.787825 11.653172
11.008305 12.186548
7.442142 5.132712
2.572705 7.369688
6.342299 9.744964
5.194139 10.603880
4.618547 9.179603
6.446521 8.584492
6.107722 9.691046
5.059022 8.297038
3.345438 5.610780
9.056808 5.075882
10.973289 1.565982
10.608977 3.125154
7.161718 3.857130
9.266443 4.715174
8.614487 4.645617
8.051500 5.305823
7.047487 4.360736
5.745445 4.494648
5.017554 7.249987
4.858566 6.485701
7.246517 4.904038
6.636386 5.132990
7.194189 4.248143
7.594246 5.655910
5.494767 2.898079
4.637002 6.049386
6.012798 8.048184
5.195178 7.924834
5.949964 5.778034
8.424613 4.758821
6.494474 4.840274
7.557393 5.427651
8.799683 4.636653
7.545138 5.174470
8.856732 4.097919
7.490912 5.261788
8.317203 4.280682
8.908525 4.996090
10.949361 3.775506
13.249128 2.428365
11.775908 3.690642
15.744637 5.716931
14.146126 11.886004
15.112024 11.391271
8.809534 2.736264
9.499981 5.532649
5.663523 2.998359
9.011805 4.160525
10.366574 3.649522
10.380200 3.761389
6.112926 5.708516
9.705503 4.920196
6.183285 7.999084
5.152535 6.543564
2.685088 4.624960
7.005374 5.478314
4.305400 5.602892
3.828432 8.473603
4.017130 11.298661
6.228988 11.183015
13.704114 12.028750
12.857402 14.041737
14.317756 11.849513
13.768928 12.187207
11.995495 12.713571
12.836823 12.559014
13.663033 12.038268
9.311403 11.358153
7.063146 5.277538
8.789396 5.106873
7.799170 2.173129
9.395558 3.576186
7.172490 3.550219
9.582729 4.679229
9.323221 5.196391
9.040633 4.641744
9.624546 5.462846
7.427999 4.500000
10.317430 3.206676
7.671240 4.727468
9.370083 5.059752
9.909126 1.696733
11.421949 3.198169
12.880080 9.741874
12.694903 9.986476
12.894398 9.084104
11.676728 9.208780
8.603342 4.560358
8.595783 5.264287
10.728866 3.415792
10.004036 2.963105
9.392529 4.004582
9.632940 3.149183
9.263515 5.542876
7.088919 4.533380
8.736435 3.300889
6.515014 3.292487
6.150721 6.164343
6.247826 5.617419
3.979815 7.720252
2.996050 6.766189
4.541833 6.045275
4.844346 6.431089
5.829773 5.357777
5.433439 5.447508
2.768763 8.255010
3.202844 8.466428
6.976429 11.382253
8.230606 10.845328
11.386986 10.657762
10.994892 10.960242
12.717155 10.008559
13.945402 12.886424
12.685387 10.428134
12.620463 9.229864
14.326494 13.579391
16.359613 6.270708
17.504337 5.255462
15.872678 7.054986
14.122762 -0.924467
14.370819 -0.398077
12.286251 2.196337
9.821083 3.114561
9.797707 1.537204
11.493425 2.760134
11.430023 3.789062
8.740118 2.934735
9.921621 1.767449
9.472832 5.225981
9.307293 4.375090
8.856115 5.391582
11.756612 1.943232
12.464326 1.611569
16.282145 11.275689
14.951425 6.911189
15.744712 4.289725
10.531232 1.133603
10.254378 2.053299
8.840139 2.354439
9.176968 2.586486
9.076783 4.598371
5.841245 3.766783
5.730981 2.435487
13.105160 2.143307
14.884912 3.928069
14.966173 5.824617
9.444962 4.743160
12.478415 9.046676
12.968630 11.356017
10.638779 13.142591
15.773744 9.191731
15.444603 6.754372
9.436587 3.649167
8.754777 2.707001
9.148299 4.715143
9.226910 4.759715
8.120961 2.282260
6.124353 6.373462
4.314575 8.640194
5.226214 7.853741
6.657310 5.100272
6.126794 8.175243
7.440584 5.201819
6.589060 5.138984
7.794322 12.169595
13.606277 12.319253
14.805342 12.142217
9.904554 15.257358
7.231356 10.906726
9.391631 13.482388
8.752172 12.829560
15.240734 6.039433
9.020658 4.783490
14.557970 13.704658
12.889793 11.342659
7.884469 5.025351
5.703664 4.691304
10.623677 2.626842
8.781691 5.439210
5.220247 6.802492
4.703164 6.110442
8.288286 5.420890
9.204792 5.439498
8.533129 2.607857
13.282948 3.476477
4.313716 9.260490
6.172101 8.293408
5.899717 7.851662
5.205461 7.271565
6.152812 10.983333
8.292106 10.666093
8.187662 12.165471
10.271399 13.607385
9.110762 11.273090
9.965501 10.971435
9.870205 3.510261
6.383481 3.319330
8.730190 2.312247
11.350423 2.342286
9.822810 2.958894
8.528802 3.126094
4.105908 4.763784
2.744136 6.837566
5.123608 11.051663
7.697273 10.802960
9.729136 4.303410
8.325235 5.631137
5.809500 9.808309
2.840499 8.839605
5.619287 8.242497
5.542650 6.715943
5.055522 8.814122
6.318511 6.185454
5.835723 4.676976
7.022944 5.467963
8.738344 4.843812
9.511015 5.241009
7.192629 5.238874
7.647609 4.515750
8.968549 5.427901
9.671385 5.261249
9.318438 4.692585
9.243329 3.338339
11.125859 2.335767
9.825649 3.695233
10.220236 3.060996
8.418954 0.838272
8.151120 2.857660
9.660422 3.022664
7.565227 3.990223
8.166060 2.794644
6.762908 4.858882
8.689366 5.248168
8.195470 5.620902
3.510046 3.935585
7.238565 5.415693
7.047313 5.125345
5.430665 6.008744
5.496977 5.820179
8.300426 5.405682
8.667531 5.013228
6.479004 8.220024
5.073301 6.818268
5.679117 6.673469
8.942024 4.503335
9.065492 3.268240
12.932877 9.676490
11.157965 11.069783
15.301969 14.563701
10.911089 12.747819
5.753587 11.136945
10.811240 13.031657
12.146153 9.951215
7.971443 4.355953
9.469378 3.599023
11.411100 3.458052
9.717122 1.418910
8.143477 4.258626
8.218999 3.543136
8.367735 4.418083
9.536031 3.799242
11.824249 3.547056
11.471973 3.396528
12.794568 3.557971
11.931674 1.110162
9.241439 3.881076
9.864632 3.473062
9.711703 3.487706
10.219645 3.061794
9.846571 2.869700
11.899039 0.045329
15.271764 -0.330857
15.025883 4.401126
16.714859 8.164239
14.435620 12.581694
16.043709 5.883728
17.584473 8.408600
13.332878 9.178418
11.782689 11.719345
9.886953 10.934014
9.246214 4.574463
7.864285 4.442763
8.310061 3.221504
8.418545 3.944245
8.271448 0.876526
8.733746 0.793715
12.411977 0.862167
12.137922 2.055137
10.400085 3.334888
11.602737 0.394927
9.626548 0.614972
12.494061 0.686856
8.905798 2.689071
8.601013 5.004448
8.734101 5.063924
6.702668 4.798537
6.259141 6.291540
6.094473 8.198048
6.476416 9.698539
6.408882 8.012589
8.580685 4.226197
7.421461 4.216647
6.676530 5.195782
5.284171 5.169652
7.168674 5.228921
3.980381 3.619513
4.410064 4.955038
5.665869 4.876053
8.459462 3.440059
6.395548 2.782312
7.872277 3.653107
9.281138 5.087780
13.495893 18.503494
12.617888 15.762731
11.344757 13.261382
10.651721 14.169513
12.398867 9.886368
10.969842 11.217071
11.220134 13.829930
12.640414 9.444638
11.802330 8.795064
15.024897 12.252463
12.797232 9.013486
12.193569 9.335849
4.459334 7.273023
5.726459 9.505224
5.485580 9.372153
5.643077 7.413191
8.930487 4.114444
9.649919 4.327744
8.847826 5.644144
7.567246 5.341952
10.915602 1.733661
12.555907 0.983498
8.959472 2.511863
9.800461 -1.309253
7.106522 2.331427
10.214802 3.457527
14.472187 3.644817
10.829319 2.347775
12.522455 0.353092
15.548572 -2.673220
15.644415 8.005386
17.631788 9.465528
13.994576 9.088036
13.831152 8.821102
16.380770 10.146744
