-12.618892 18.006224
-14.386787 13.084604
-10.909356 10.092818
-10.496841 9.019898
-6.888990 9.400439
-7.836093 9.422271
-8.764082 9.405703
-12.111428 9.814176
-13.519131 9.143547
-12.977823 6.728975
-14.968088 4.741006
-17.472244 10.101089
-16.201456 8.930516
-18.449295 9.029373
-11.892069 1.611537
-16.049770 0.664037
-10.937250 0.090285
-5.626881 0.342205
-3.576982 0.316441
-4.407827 0.092809
-5.883604 0.281346
-4.597179 1.254552
-7.221109 1.027511
-4.375605 -0.012162
-5.534747 -1.563687
-6.698657 -0.923897
-6.431547 0.065163
-7.301600 -1.071469
-7.984961 -0.070432
-8.513992 0.232398
-7.593073 4.162192
-7.920833 4.670761
-7.922401 5.894318
-7.390471 7.541677
-7.322446 7.272033
-6.437201 6.451653
-4.620259 6.502338
-7.954719 7.472568
-10.103395 8.897292
-11.029947 13.587276
-13.305281 7.850832
-7.667722 1.068956
-7.952956 3.385686
-7.620622 5.317820
-2.336722 1.262764
-2.138648 1.324838
-2.298353 3.814375
-8.874092 2.422091
-9.858337 3.041511
-10.853928 2.227448
-5.967625 -1.581765
-6.692038 0.353473
-5.130752 0.734461
-3.336947 1.303771
-4.079458 0.624854
-4.040316 0.878655
-5.849993 -0.042551
-9.551972 2.393015
-8.139265 1.483443
-8.349372 2.397552
-10.233849 1.562978
-6.035623 0.921348
-3.893620 0.345868
-3.165261 0.443343
-3.447025 0.900992
-2.393848 -0.648665
-1.676699 2.317317
-0.982464 2.587639
-2.473828 7.258319
-2.265149 4.776222
-2.538958 7.131507
-4.991285 6.671785
-3.323012 6.549632
-4.618140 7.155250
-4.845778 7.644703
-5.831932 6.938720
-7.838707 7.138378
-7.878332 4.037921
-7.866990 4.608937
-7.618949 8.159969
-7.716706 1.107475
-6.386072 1.109016
-5.143874 0.452027
-10.117079 2.162660
-8.444948 2.756513
-10.341706 0.284622
-7.133869 10.069695
-5.719466 6.658918
-6.092956 7.152223
-4.264816 7.528155
-2.182276 8.111341
-0.738369 3.215048
-2.466865 6.525451
-6.462296 8.033326
-10.333063 8.680587
-6.889534 7.086350
-6.224074 7.723226
-6.285719 7.979950
-5.747301 6.657225
-5.628427 6.730595
-7.913236 7.193547
-6.310058 6.369917
-7.717155 8.281294
-7.744852 6.117910
-6.616049 9.100213
-8.058203 8.837314
-8.789953 8.580083
-10.876101 9.519115
-6.210038 8.141031
-7.044693 6.573513
-7.258556 7.048923
-7.765971 6.422817
-7.745992 2.765364
-7.722200 -0.661980
-6.879142 -0.094765
-7.054320 0.240750
-6.394457 0.668406
-4.744640 -1.186879
-2.094066 -0.648398
-2.807355 0.290490
-4.688729 0.633061
-3.342571 1.052787
-0.223127 -0.279129
-1.067529 -0.417280
-3.267463 0.549769
-2.859168 1.235339
-1.106760 0.652382
-2.141714 0.970250
1.336533 -4.194836
2.268924 -9.100424
3.758237 -11.901599
6.066953 -16.638248
