-14.957901 -10.177473
-12.717203 -5.596911
-13.918700 -1.623618
-7.727050 1.759486
-7.563301 1.347921
-7.548095 2.506786
-7.784226 0.689989
-5.251136 1.214176
-4.894617 0.446522
-4.988657 0.604029
-3.671436 0.065554
-2.831634 0.156434
-2.133664 0.856124
-2.466515 1.811336
-2.113307 1.719440
-1.215700 3.025477
-1.037080 4.643157
-0.036612 2.055740
-2.353388 4.393469
-2.432240 5.523873
-1.001993 7.626117
-3.045687 6.727992
-4.822245 6.437827
-3.965810 6.376384
-4.156514 6.529887
-5.590969 6.636362
-5.262552 7.893341
-4.945302 6.758788
-4.243800 11.147928
0.682799 18.548241
