-14.893071 11.635774
-10.100221 9.699538
-7.935835 8.716885
-8.229635 11.027169
-11.122652 8.947577
-11.212318 8.590355
-8.434352 9.318405
-4.170238 6.484878
-7.077644 6.699464
-1.348238 1.206135
-1.013769 1.091094
-5.462769 1.265058
-2.773985 1.038031
-4.625978 -0.433048
-4.924701 -2.963415
-7.156139 0.797454
-6.856604 -1.224780
-5.149333 -1.282038
-3.735690 -1.960247
-5.778999 0.445913
-4.033925 -1.178428
-3.205462 0.002486
-0.076585 4.583844
-2.654079 6.749312
-6.340620 6.498336
-6.605779 8.143004
-5.794645 6.469664
-6.443358 6.716913
-4.594571 7.489970
-3.953071 7.400209
-2.484551 8.981273
-7.581813 4.210852
-7.838111 4.758568
-7.607731 7.905532
-4.646543 10.747684
-9.430845 8.609401
-5.349156 7.286145
-6.831844 6.804850
-7.712857 5.836415
-7.120136 7.117739
-7.363127 7.219086
-3.432444 6.931502
-2.273693 6.307137
-2.460054 5.635804
-2.249897 5.883842
-4.286148 9.592271
-3.982509 7.415426
-6.189400 6.678920
-7.153677 6.827962
-5.800367 6.443779
-3.004567 6.405005
-2.170140 7.385920
-1.912229 8.215232
-0.461283 2.349181
-1.083430 1.122858
-2.295666 2.921476
1.191710 2.639522
