-14.501679 -8.048938
-11.559010 -6.608382
-6.099523 -6.931827
-6.078089 -7.455413
-4.050634 -7.099467
0.598735 -0.527716
1.500753 0.114506
1.807677 0.342081
1.472953 1.789737
3.722918 1.474296
3.966520 1.787770
2.366566 1.302896
2.938956 1.385227
3.944458 1.546984
3.220370 1.222727
3.282554 1.985095
3.335205 1.345230
1.665692 1.926334
1.702343 0.571357
1.479202 1.039199
3.259900 1.585144
2.614244 1.328440
2.730220 2.272865
2.043180 1.156139
4.098272 1.209417
4.714612 2.196574
8.714903 2.262372
8.816541 5.568882
9.691596 4.371644
9.971346 5.768669
9.510325 4.319489
