-4.816158 7.639651
-3.154844 9.066335
-3.739191 7.124114
0.353057 3.264265
1.878215 1.356188
4.452393 1.181824
4.501692 1.348486
4.684240 1.351266
5.375759 1.761445
6.723822 1.539847
7.213180 1.097584
7.160619 0.406423
6.904109 0.468146
8.858165 3.735342
7.459899 1.708350
2.026160 1.328612
3.114948 1.835272
3.510792 1.632895
4.036392 1.534924
0.465664 1.450180
1.659134 -3.072062
1.718538 -4.868701
2.162367 -4.069366
2.571682 -4.578959
2.408621 -4.129259
3.429238 -4.237771
4.523570 -5.669970
2.717990 -6.238119
1.570240 -5.149452
4.797900 -5.848882
4.995672 -5.392423
4.492802 -5.472161
2.218304 -5.924730
6.742938 -7.889587
4.097605 -6.599913
1.441867 -9.427578
2.014502 -5.793829
2.833513 -6.258832
2.810300 -8.995131
2.400665 -8.170129
5.055349 -6.459295
7.490731 -7.212264
3.105116 -7.492144
4.378103 -5.462117
6.535185 -7.435772
5.034943 -7.573449
0.019612 -5.841678
1.172228 -7.622161
0.526719 -7.029154
-0.248938 -10.661359
-1.230821 -11.506474
-0.017065 -6.671895
1.707538 -9.988860
1.595013 -11.485715
0.604413 -8.693151
0.232895 -9.758273
2.005426 -11.494532
2.973184 -8.079265
2.390265 -9.616221
-0.068485 -12.562425
-0.124708 -11.108233
3.345464 -7.447085
11.879166 -15.666489
10.923548 -12.071397
9.504580 -12.118303
8.152806 -11.908488
8.903202 -13.613528
9.180810 -9.412182
8.583672 -8.525805
8.291276 -10.832646
1.552255 -10.386702
1.141064 -10.520813
0.334097 -10.436723
1.168558 -10.937504
1.714936 -9.062095
-0.134484 -12.526923
2.169504 -10.636144
1.416618 -9.348870
2.162559 -8.167201
4.298655 -7.769667
5.985147 -5.324863
8.003357 -9.953759
6.278452 -7.326862
7.101857 -7.207002
7.283676 -7.455696
5.844737 -6.439386
7.475614 -7.442271
10.180861 -12.617338
6.052560 -13.784312
5.380352 -13.465796
7.407892 -13.524560
2.962029 -13.768574
1.573631 -10.302045
-0.728629 -11.005297
3.354541 -13.944033
9.203946 -14.126018
4.586598 -13.511027
6.743126 -13.228399
5.829373 -15.965913
11.783175 -17.483227
13.739271 -14.813521
8.206013 -10.959415
11.703605 -13.829001
11.371661 -12.835353
8.308535 -12.759059
10.096046 -11.726024
9.944393 -8.440241
8.944566 -11.473989
9.439285 -13.135496
13.984623 -15.729749
12.572346 -10.053452
13.697143 -11.764428
13.555496 -9.319205
15.226351 -9.296414
16.515306 -10.047631
