12.358963 -5.575898
11.705390 -5.295153
12.074961 -7.096691
9.420560 -9.505875
8.661414 -8.945498
8.849751 -6.822376
8.184240 -8.005224
3.927647 -5.895149
3.381699 -6.570944
3.148508 -5.060441
6.361819 -4.441396
4.941665 -5.070799
5.910052 -4.864635
5.916907 -4.585210
5.110850 -5.231307
3.798935 -5.687208
8.323087 -7.375412
7.882780 -9.251332
8.608054 -9.626187
9.136477 -10.151232
8.540650 -11.736186
9.371824 -11.367767
11.477050 -10.586474
9.686872 -11.517809
11.204719 -6.847485
14.439180 -5.248090
11.924122 -4.221395
14.507237 -8.903669
7.877660 -8.159108
9.827927 -7.781366
10.346377 -6.834262
13.159453 -6.401803
11.763836 -5.882917
6.610016 -7.204031
4.548198 -7.909694
2.255349 -15.036801
0.556084 -11.988686
4.664265 -15.769134
9.056858 -10.865554
8.372226 -13.210641
11.079370 -12.389054
10.464876 -12.250383
7.904549 -11.144090
8.614625 -12.639837
8.564834 -12.265665
8.403677 -8.638382
2.674151 -9.184157
5.391547 -5.252615
6.393913 -7.734868
5.662504 -4.237647
3.283554 -4.794884
2.208363 -5.661900
0.730026 -2.208283
1.210667 -2.218863
0.903300 -4.570672
2.286514 -4.201973
0.601725 -3.829332
0.814194 -2.850523
1.589901 0.022037
0.361468 -1.644076
1.432927 -1.422260
7.060776 1.108785
7.717122 2.444457
7.921790 1.367124
6.969523 -0.692091
7.083546 1.433668
8.176929 1.538881
8.015719 2.403771
10.831130 -7.113403
7.401262 -6.706729
6.631858 -6.909715
7.410223 -0.958884
7.169713 -1.324192
7.492181 -0.291054
6.978652 0.607323
7.286431 1.623216
8.361524 1.859656
7.121572 3.183654
6.843536 0.600866
7.606858 2.438333
4.937249 2.044801
6.548700 1.157080
4.931293 1.132985
4.752524 1.760546
6.298487 2.547121
8.182034 2.891914
9.080750 1.681500
7.361255 2.678078
9.003227 2.884065
8.613699 3.845169
7.308535 1.192766
7.630404 1.659202
7.489621 0.123710
12.598037 -1.755024
8.633591 1.609978
7.255546 1.225388
11.170541 4.073196
7.326162 -1.610625
7.410932 -1.341285
7.259641 -0.024877
7.228454 -1.244185
2.764628 1.623173
1.723180 -0.112282
1.741732 0.365434
1.715720 -3.134307
1.580295 -1.419554
2.514604 -4.548727
3.183100 -4.971212
4.084494 -5.280056
4.195058 -4.286755
3.785024 -5.442771
3.851794 1.059427
4.866297 1.522187
5.325068 2.557945
3.462673 1.077868
4.900000 1.756594
18.862160 -5.284344
18.310751 0.423880
15.164722 1.738162
5.954462 -5.681595
6.279751 -5.003092
7.088118 -7.644824
8.974778 -6.773733
6.159453 -7.014877
2.666926 -4.344547
3.762611 -5.128736
2.832433 -6.053586
5.636871 -4.441277
3.579142 -5.496465
3.635509 -4.400088
0.509009 -4.467463
2.717263 -4.477081
3.412354 -4.691197
2.326028 -3.945578
-0.516827 -2.417736
0.860785 -1.999001
1.097692 -2.920551
0.595444 -2.966091
1.516269 -4.439945
1.303714 -3.484250
0.831643 -4.340818
1.693455 -1.500502
0.944118 -0.528939
1.572733 0.042868
1.068426 -0.087253
2.103346 1.901514
1.854608 2.620968
3.418939 2.340683
2.934662 1.192711
3.240441 1.064337
1.754386 -0.473137
3.284301 3.610768
4.573062 2.415417
3.410668 1.947767
2.927049 1.723523
4.398224 2.020924
4.309613 1.144528
6.117623 1.221375
4.676145 2.046400
6.143141 1.223045
2.881597 1.658651
2.522615 1.187628
4.695639 1.762563
6.022732 1.479116
6.021380 1.711478
7.821985 1.270355
8.537880 2.985641
7.320540 0.529424
12.354429 4.834195
11.797794 3.605167
8.621206 1.408918
8.139703 1.414098
4.921506 1.774655
4.238058 1.934980
4.232813 2.336800
5.872555 2.892871
7.162942 1.682423
7.464256 0.689756
7.239628 -0.765628
7.457642 1.199986
0.671752 1.438727
1.426456 2.445649
1.557395 0.749568
2.018115 1.591208
2.902169 1.406728
3.453239 1.435245
1.866224 1.431626
1.682842 1.230988
3.146951 1.182742
1.969082 1.907866
0.286552 0.056265
0.993610 0.123501
1.686030 0.224821
1.677285 -0.793671
1.582217 0.751584
0.876755 0.281286
1.359704 1.126212
1.137795 0.307572
-0.198918 1.391278
2.236658 1.379039
4.055060 2.031675
8.234105 3.632145
0.330989 0.523159
1.438668 3.569603
0.878853 2.369134
-0.721184 4.061336
-2.985206 4.475494
-9.195409 7.816812
