19.195442 12.711232
14.308157 4.892899
12.236959 1.904778
10.253546 1.566071
10.213303 1.361273
9.833132 1.323011
9.877469 1.474365
9.767273 1.325998
9.815026 1.475097
9.754064 1.322330
9.802395 1.471598
9.751234 1.320911
9.799682 1.470314
9.750600 1.320508
9.799070 1.469954
9.750456 1.320405
9.798932 1.469862
9.750423 1.320379
9.798902 1.469840
9.750416 1.320373
9.798893 1.469835
9.750414 1.320371
9.798890 1.469833
9.460921 -4.020737
9.132116 -7.011506
9.353441 -7.791346
9.348803 -12.649013
9.206951 -13.861564
10.135824 -18.447334
