-12.048127 -0.213556
-9.650785 -0.863173
-4.078277 -0.752353
-4.359499 -0.744913
-4.260656 -0.743578
-4.535990 -0.718726
-4.392027 -0.729609
-4.081061 -0.747877
-4.477634 -0.734110
-4.145660 -0.761133
-4.084707 -0.752206
-4.365901 -0.744050
-4.265661 -0.743917
-4.540680 -0.718865
-4.397402 -0.744951
-4.065131 -0.762509
-4.004612 -0.753691
-4.284976 -0.753240
-4.204201 -0.747733
-4.482296 -0.727967
-4.355485 -0.751181
-4.044366 -0.761638
-4.503750 -1.132835
-4.589985 -1.265799
-4.476547 -2.325333
-3.494022 -3.694326
-1.982832 -5.664236
