16.937170 9.630133
11.572093 8.278863
5.738944 7.372576
4.505534 6.257942
3.289155 5.006327
3.299023 5.010132
3.316180 5.017011
3.345565 5.029642
3.395946 5.053051
3.478969 5.097915
3.610805 5.186856
3.812641 5.363988
3.995450 5.833514
2.981858 4.900249
3.132473 5.059207
3.149117 5.494827
3.210342 5.837810
0.735626 5.686995
-0.386574 5.501063
-0.831189 5.697056
-0.903196 6.657275
-1.583358 7.871308
-1.170410 8.062830
-0.823326 9.475844
-2.433109 10.218594
-5.326329 11.888368
-12.361219 15.960791
