-16.334091 -12.117871
-10.846310 -7.228319
-8.345558 -6.038393
-6.080727 -4.444051
-4.025696 -2.265205
-4.067720 -2.250998
-4.031679 -2.274743
-4.074514 -2.262815
-4.041446 -2.290291
-4.085573 -2.281991
-4.057279 -2.315400
-4.103242 -2.313134
-4.082201 -2.355188
-4.130548 -2.362176
-4.120399 -2.416857
-4.172604 -2.435949
-4.177696 -2.511242
-4.233738 -2.548781
-4.257891 -2.651747
-4.322164 -2.714004
-4.380010 -2.855464
-4.459877 -2.938561
-4.571255 -3.114550
-3.646097 -2.021664
1.447556 3.609652
2.306720 4.448275
2.595415 4.836172
2.661783 5.293514
3.477328 5.827641
3.547287 5.791169
3.009541 5.203560
2.647386 4.962057
3.406065 5.580734
3.456291 5.596984
3.374374 5.896252
3.664091 5.771590
3.351966 5.542814
3.623063 5.714540
3.182779 5.245683
2.863442 5.087083
3.290538 5.404389
2.873643 5.003163
2.563320 4.876672
3.093179 5.260190
2.707685 4.898671
2.409460 4.781663
2.987610 5.196242
2.626946 4.852293
2.336706 4.739339
2.936219 5.168393
2.589212 4.832925
2.303400 4.721182
2.912486 5.156037
2.571708 4.824388
2.287800 4.713277
4.648434 7.585477
5.579547 8.757710
7.219827 11.343163
10.461708 16.895691
