2.152226 19.589193
5.655085 17.329836
6.346824 14.458733
6.167351 11.553875
2.281959 7.614168
-0.502627 8.042795
0.669278 9.325536
2.684194 10.945035
5.551636 10.479629
6.347266 12.289519
5.483879 17.122885
1.801928 16.796686
9.961915 16.076166
9.303297 13.692559
7.220633 15.834629
7.212096 13.808765
5.011553 10.986646
1.046995 9.627153
4.839661 10.680409
7.798377 13.378350
5.171003 7.390914
2.961326 10.532841
1.652247 10.717722
2.698373 10.598480
4.904436 6.985961
5.753040 13.112115
7.049306 10.656373
8.753440 9.909867
7.923938 14.808352
3.497711 8.657814
3.887138 9.727186
2.368584 8.245090
-0.963759 10.343461
-2.076176 11.089255
-1.995719 11.873300
-3.317586 10.012841
-14.015297 -4.196952
-14.530123 -6.568095
-17.405828 -12.293443
