9.191878 -9.801962
7.254246 -8.067417
6.745709 -8.226280
6.198070 -8.524090
6.016675 -7.586832
5.242787 -8.534753
3.348000 -9.528190
5.209217 -8.654845
3.834591 -6.484935
3.741924 -5.888405
3.833651 -4.521676
4.160805 -3.956822
2.657156 -6.726593
2.453704 -6.246921
-0.959053 -6.137724
1.741919 -3.087609
1.598518 -3.154624
0.891988 -2.846277
1.557929 0.260535
1.460260 2.236474
4.505301 1.256714
7.204455 1.666812
6.473012 3.199483
5.662582 2.844857
7.593982 2.237307
7.274177 4.921271
8.543478 4.643744
11.854427 8.565624
14.456948 7.759576
12.967452 6.931921
12.075097 9.226573
