4.219934 7.151788
6.243326 2.224307
7.626914 0.471347
9.327949 0.155776
9.427926 1.331189
8.609613 1.932056
7.610318 0.389542
5.477314 2.575432
1.430946 0.967707
-0.537581 1.725399
1.165299 1.717075
1.747424 2.249154
2.918875 1.145886
4.291151 1.569567
6.162441 1.294607
5.304135 1.205304
5.489363 1.277446
5.287096 1.130968
2.638134 1.517223
-1.199158 1.400848
-0.338003 -1.406708
0.965336 1.495638
0.277267 0.245411
1.376119 -0.935322
0.754032 -0.089846
0.631501 -0.743082
0.147724 -0.261616
0.305702 -1.013802
1.929219 -6.171284
3.978463 -4.026399
4.043243 -9.818255
7.750644 -8.695161
9.159222 -10.297700
8.784748 -9.243586
6.577356 -10.407574
6.756680 -9.027981
12.583355 -17.515020
16.180367 -17.283283
