-7.594367 19.231155
-12.037321 10.808139
-9.662460 7.047969
-8.505987 -0.477713
-10.389964 0.786725
-13.263788 0.066908
-10.759879 -0.300786
-9.692166 -2.421103
-11.893611 -0.887117
-14.145863 -1.089168
-12.038914 0.734087
-6.708825 -3.634125
-5.562433 -4.410457
-7.890585 -8.626528
-9.350500 -9.333343
-7.109886 -11.019922
-10.165581 -9.549956
-10.488979 -10.716003
-11.050176 -8.489933
-7.854583 -8.733998
-7.853900 -6.047705
-7.729669 -7.546729
-7.653181 -8.945466
-9.031700 -9.555453
-13.153692 -10.113811
-11.911039 -9.165423
-8.235805 -9.178396
-6.064037 -5.478873
-9.113190 -10.440156
-10.431359 -9.938755
-7.057226 -7.478558
-6.420295 -7.883411
-5.386228 -7.333979
-7.981948 -2.176162
-4.385844 -7.580948
-10.076254 -9.194970
-15.376502 -7.570890
-13.078872 -7.247331
-14.149041 -4.240688
-15.897469 -5.367539
-14.476290 -4.172772
-13.506211 -5.956616
-14.975400 -4.276849
-14.463064 -2.157319
-11.353574 -1.315393
-8.697746 -1.777036
-10.525792 1.554935
-14.367194 -5.310550
-13.578733 -6.559692
-14.179941 -11.382556
-14.315760 -8.940422
-14.021094 -14.562604
-13.521231 -11.521555
-11.378567 -9.782094
-11.888173 -8.720049
-10.386019 -8.106750
-9.833040 -8.384930
-6.697188 -9.606774
-6.563551 -5.705727
-6.597723 -6.459141
-8.076231 -2.341549
-10.643742 -2.079599
-13.537447 -2.828928
-13.373949 -3.240739
-15.367127 -5.249421
-13.358322 -3.700544
-14.031695 -5.254383
-14.221629 -3.275865
-12.084409 -1.436549
-11.370422 -1.109514
-10.105143 -2.799431
-5.543811 -2.017137
-5.833168 -5.628512
-6.948467 -5.519127
-7.867986 -4.904071
-7.801603 -3.081579
-6.956263 -7.316173
-7.062828 -5.340839
-7.844022 -5.183326
-6.291095 -3.699670
-8.131476 -2.031579
-9.778927 -1.895064
-11.006646 -1.742256
-10.555735 -2.647237
-11.617990 -1.294111
-8.854740 -0.214032
-7.245968 -2.634575
-7.789075 -4.522372
-4.485783 -3.133949
-3.433594 -5.772839
-12.416359 -13.484591
