-14.697002 14.075994
-6.412127 13.107762
-2.584002 12.576332
-0.198992 12.853894
-1.439536 10.073925
-0.764956 7.832734
-0.838961 6.726467
-1.062585 5.960505
-0.602576 5.793535
0.193673 5.607069
1.929156 5.451794
2.224544 5.930088
2.529547 5.553900
2.231464 5.090638
2.631514 5.868480
2.387466 5.553085
2.672545 5.756341
2.402632 5.327827
2.436192 5.364947
2.123841 4.944202
2.489199 5.670771
2.222321 5.348598
2.322196 5.349105
2.594880 5.943265
2.997523 5.775950
2.731065 5.308604
2.682824 5.403835
2.380369 4.982366
4.391669 11.210576
4.745183 10.833826
5.911758 10.821734
6.012769 12.515788
8.493467 19.547899
