-10.196518 -10.052949
-6.864916 -8.289824
-4.612289 -7.433804
-2.344254 -5.892114
4.971869 -1.835010
5.469549 0.093501
6.038038 0.248399
7.149475 0.526396
8.588261 1.309486
8.648706 1.296880
8.590505 1.310006
8.651861 1.297624
8.594868 1.311023
8.657996 1.299069
8.603352 1.313067
8.669913 1.301961
8.619829 1.317249
8.692913 1.307869
8.651867 1.326015
8.737301 1.320535
8.714405 1.343900
8.822761 1.346435
8.834595 1.376753
8.989567 1.388546
9.068714 1.422046
8.958315 1.347013
10.488422 1.597385
10.367117 1.436601
12.119307 1.865159
12.315676 1.533950
12.373969 1.565799
12.384504 1.674159
12.813198 0.500306
14.460656 -2.136676
