10.549542 18.224766
7.515317 11.457229
10.575009 5.481543
10.489915 5.629537
10.617107 5.406658
10.531091 5.558927
10.640051 5.361950
10.553608 5.517301
10.551145 5.522862
10.637729 5.367338
10.602341 5.431557
10.516186 5.582705
10.526808 5.563023
10.613230 5.410333
10.476863 5.650219
10.562078 5.502555
10.556414 5.513723
10.643021 5.357615
10.606353 5.426254
10.520429 5.577323
10.625698 5.371280
10.538303 5.526513
10.561330 5.399329
10.470302 5.553216
10.543072 5.432398
10.452335 5.583586
10.528336 5.460628
10.437743 5.609604
10.515450 5.485633
10.424909 5.632599
10.504507 5.506815
10.413984 5.651967
10.496042 5.523077
10.586781 5.367224
10.452500 5.563268
10.543956 5.411097
10.426543 5.608854
10.517811 5.460559
10.402488 5.651807
10.493725 5.507370
6.118401 8.478009
1.158092 1.074700
0.858956 -0.262128
