-3.843972 -2.946526
-1.819056 -0.743671
-0.267445 0.382800
0.745626 1.283613
4.783158 6.346860
5.900262 7.780765
9.990836 5.546110
9.882174 5.623816
9.800102 5.611462
9.733786 5.608794
10.053590 5.446773
9.946914 5.530806
9.989646 5.545886
9.880794 5.623659
9.793298 5.611139
9.725504 5.609238
10.023180 5.445286
9.911984 5.530182
9.827275 5.536015
9.761680 5.535728
9.534847 5.652649
9.490710 5.625682
10.096705 5.379134
9.990757 5.468329
10.121164 5.507446
10.028469 5.584810
10.472230 5.637574
10.558471 5.490180
10.571239 5.482018
10.485615 5.630291
10.502282 5.601765
10.588474 5.451781
10.590896 5.448248
10.504663 5.598439
10.516970 5.576234
10.603457 5.424467
10.604939 5.422430
10.518479 5.574296
10.528457 5.556139
10.615068 5.403030
10.616173 5.401672
10.529581 5.554872
10.538502 5.538657
10.625248 5.384317
10.626091 5.383451
10.539373 5.537832
8.140981 12.036586
12.687235 19.260265
