-7.501247 3.429788
-5.335457 3.416509
-2.211262 2.815679
6.391572 5.814744
6.956918 5.029351
7.177746 5.114788
7.552476 5.230867
8.266206 5.370627
10.535297 5.526390
10.622852 5.371351
10.922832 5.461508
10.859543 5.631236
10.846927 5.602150
10.900616 5.465948
10.925016 5.490266
10.976930 5.350596
10.984109 5.413332
10.923917 5.580826
10.878655 5.561545
10.932759 5.426344
10.947340 5.461346
10.886793 5.632639
10.850281 5.600202
10.903814 5.463953
10.926332 5.488697
10.978110 5.349018
10.984861 5.412380
10.924708 5.579765
11.768583 8.762710
