-11.319175 4.871976
-8.990549 2.828679
-7.220068 1.189650
-4.158721 -0.336290
-4.329803 -0.307572
-4.564686 -0.202494
-4.275153 -0.291321
-4.049504 -0.348466
-4.217643 -0.324291
-4.579806 -0.208737
-4.429030 -0.227374
-4.102534 -0.318664
-3.825721 -0.385067
-3.977131 -0.369733
-4.329735 -0.283957
-4.119955 -0.340650
-4.290034 -0.313357
-4.517418 -0.210991
-4.214173 -0.300476
-3.971605 -0.359683
-4.134307 -0.338726
-4.495290 -0.230868
-4.324489 -0.250453
-3.973225 -0.358126
-3.647640 -0.464888
-2.952122 -0.812027
-2.153502 -1.696335
3.805081 -7.984055
5.732712 -9.508992
7.642879 -11.941502
13.194454 -17.856516
