16.404627 19.880880
8.748138 13.320682
5.968737 10.598882
4.338747 8.489413
2.057835 4.933455
2.146860 4.899436
2.061117 4.938565
2.150386 4.905420
2.065356 4.947911
2.154647 4.916481
2.069885 4.964986
2.158370 4.936902
2.072215 4.995996
2.157391 4.973982
2.065531 5.051150
2.141337 5.040032
2.033958 5.146881
2.090510 5.156428
1.945437 5.313486
1.954607 5.361445
1.736575 5.585974
0.525954 5.142657
0.724181 5.485104
-0.380341 5.163505
-0.970153 6.081801
-0.732629 6.308359
-1.565045 7.102082
-1.157353 7.241258
-1.728353 8.080142
-3.674192 7.683278
-5.772664 6.850187
