5.485121 0.489594
1.990292 -0.508809
-0.388586 -1.323419
-7.677020 -6.792437
-8.470164 -8.136743
-8.489545 -8.140862
-8.470186 -8.136735
-8.489586 -8.140848
-8.470274 -8.136706
-8.489750 -8.140794
-8.470628 -8.136594
-8.490396 -8.140587
-8.472024 -8.136178
-8.492955 -8.139819
-8.477536 -8.134659
-8.503008 -8.137049
-8.499178 -8.129308
-8.542289 -8.127719
-8.582520 -8.112361
-8.695734 -8.097579
-8.901197 -8.060472
-9.064165 -8.170112
-10.042828 -8.030838
-11.883827 -8.218543
-15.298146 -9.890956
