-19.461622 -17.088406
-13.400192 -8.395089
-10.627064 -2.564137
-9.171253 -1.405165
-8.301180 1.112449
-8.332144 3.384794
-8.328635 3.656324
-7.978055 6.090374
-7.991184 6.014459
-7.958871 6.117503
-7.971151 6.042092
-7.934365 6.151593
-7.945500 6.076562
-7.902727 6.193581
-7.911554 6.119837
-7.860107 6.246068
-7.865567 6.173123
-7.799586 6.311302
-7.796629 6.242940
-7.704153 6.398472
-7.683568 6.335621
-7.539775 6.517459
-7.470192 6.465636
-7.215910 6.674520
-7.011948 6.643343
-6.465919 6.880866
-5.817862 7.007337
-4.450719 7.689877
-2.703702 11.124243
0.425821 17.875347
