-16.309917 5.798775
-9.603600 6.820370
-6.661129 7.253664
-4.431117 7.624170
-1.072575 7.397018
-1.000618 6.150442
-0.068853 5.301788
0.554781 5.211147
2.021558 5.757968
1.802311 5.284556
2.668314 5.925943
2.863316 5.409476
2.682938 5.197668
3.254766 5.921138
3.320498 5.444051
3.150004 5.245413
3.635653 5.549658
3.475205 5.371454
3.893511 5.729635
3.758327 5.574268
3.835562 5.209566
4.034904 5.870126
4.016763 5.655313
3.885210 5.558270
4.022643 5.824371
3.877999 5.423481
3.728654 5.345944
3.906438 5.657001
3.760293 5.275303
3.603208 5.206107
3.814928 5.549973
3.671206 5.183668
3.511021 5.120760
4.448462 8.097441
4.593246 9.775334
6.482190 11.861761
