-1.972859 15.208284
-0.184763 11.820615
-1.457911 10.331136
-0.724100 9.512303
-1.328748 9.315596
-0.963946 7.329566
-1.431335 7.193663
-1.348689 6.283819
-0.455795 5.596444
-0.243688 5.883029
1.775729 5.350896
1.613372 5.041673
2.553808 5.584248
2.864950 5.529876
2.932454 5.773911
3.609392 5.538211
3.439857 5.277867
3.824630 5.906647
3.930240 5.859937
3.694088 5.250225
3.495381 5.006075
3.818403 5.690308
3.887147 5.665681
3.612066 5.059319
3.400029 4.814852
3.728579 5.533737
3.789256 5.526085
3.766363 5.841732
4.123413 5.817476
3.988888 5.601601
4.474373 7.776886
4.670753 9.221346
6.100396 8.622664
17.574902 10.403344
