14.630048 14.199656
10.220835 3.649895
9.493197 0.992445
10.246568 0.482028
10.696927 0.181382
10.623596 -1.085290
10.502506 -1.551296
10.019633 -5.453850
10.069794 -5.219224
10.059101 -5.269111
10.005828 -5.515366
10.042620 -5.225307
9.990070 -5.476509
9.976537 -5.520175
10.015469 -5.299913
9.959213 -5.659724
10.011325 -5.400873
9.999001 -5.489119
10.046474 -5.253641
10.014066 -5.428096
9.955694 -5.701846
10.023088 -5.406764
9.966033 -5.674253
10.013195 -5.255593
9.966212 -5.501263
9.831165 -5.341510
9.805585 -5.593314
8.590886 -5.294199
8.052812 -6.720978
7.505734 -8.497033
6.790477 -11.257007
6.038773 -19.524786
