6.457333 4.220059
7.878293 1.113800
9.172671 0.366936
9.954178 0.473742
10.417688 0.524289
10.707458 -0.009825
10.591728 -1.685289
10.491037 -2.049243
9.961854 -5.651277
10.008884 -5.406399
10.003662 -5.468789
10.045401 -5.249607
10.020037 -5.387626
9.961204 -5.661232
10.017748 -5.351832
10.031895 -5.220522
9.969809 -5.597959
10.014610 -5.360430
9.991779 -5.444721
10.008337 -5.298723
9.943185 -5.653371
9.986938 -5.409255
9.929647 -5.469742
9.934679 -5.323986
9.762385 -5.672548
9.632587 -5.871551
9.393177 -6.363522
9.534552 -6.776681
9.999523 -7.552958
11.795701 -9.367800
16.755234 -15.863732
