8.802269 -14.698261
3.656043 -11.992588
0.310491 -10.607614
-7.680966 -8.282497
-9.838511 -8.018569
-9.735667 -8.074754
-9.595559 -8.132540
-9.692908 -8.072301
-9.741655 -8.065543
-9.640676 -8.123204
-9.711978 -8.083952
-9.821411 -8.021905
-9.809731 -8.023611
-9.703499 -8.084710
-9.743751 -8.064572
-9.642603 -8.122267
-9.712880 -8.083402
-9.822388 -8.021301
-9.810373 -8.023206
-9.704090 -8.084342
-9.744051 -8.064392
-9.642883 -8.122100
-9.713018 -8.083318
-9.822538 -8.021210
-12.973700 -6.943341
-15.529067 -6.815232
