-5.763597 -14.677150
-8.539118 -8.195170
-9.453249 -8.154099
-9.536470 -8.085804
-9.561946 -8.141064
-9.656332 -8.079667
-9.745163 -8.023982
-9.645054 -8.089865
-9.710422 -8.046543
-9.612577 -8.110439
-9.631419 -8.097139
-9.730506 -8.031771
-9.573257 -8.137827
-9.668623 -8.076729
-9.573586 -8.136079
-9.668884 -8.074619
-9.577353 -8.133685
-9.672908 -8.072032
-9.588184 -8.126822
-9.684446 -8.064601
-10.525005 -2.973118
-10.799417 -1.487033
-11.217881 3.675838
-13.424825 7.473584
-19.515818 18.200867
