-14.097168 -16.460350
-11.396606 -9.627889
-9.398641 -8.208180
-9.546972 -8.088120
-9.566193 -8.030785
-9.420853 -8.156014
-9.429041 -8.135517
-9.298468 -8.245085
-9.288803 -8.238664
-9.418068 -8.126115
-9.446854 -8.121656
-9.314297 -8.233317
-9.305736 -8.226394
-9.437146 -8.111651
-9.470421 -8.103732
-9.335167 -8.218328
-9.328427 -8.210018
-9.462899 -8.092069
-9.501713 -8.079733
-9.362801 -8.198377
-9.359186 -8.187744
-9.497751 -8.065402
-11.235741 -2.588015
-10.471470 1.270229
-9.957074 3.352284
-7.860069 6.108380
-7.933649 6.012441
-7.806027 6.175599
-7.884353 6.074509
-7.892395 6.065921
-7.813208 6.167217
-7.832932 6.140891
-7.909457 6.041551
-7.913604 6.038948
-7.835817 6.138716
-7.856026 6.119923
-7.930996 6.023557
-7.831919 6.194932
-7.908329 6.103663
-7.755396 6.489763
-7.839723 6.440216
-7.760854 7.201725
-7.573956 7.265491
-7.854287 8.024671
-7.862403 8.096870
-7.576984 8.040919
-7.912132 8.169959
-7.587570 8.046363
-7.920185 8.175736
-7.589200 8.046652
-7.921461 8.176090
-7.589457 8.046643
-7.921664 8.176092
-7.589497 8.046637
-7.921698 8.176087
-7.589503 8.046637
-7.921702 8.176087
-7.589504 8.046635
-7.921703 8.176086
-8.896188 8.814088
-9.549001 10.077094
-11.362838 15.541328
