-14.239499 -17.223457
-8.223195 -10.397800
-6.129760 -7.999464
7.467663 2.567908
8.669699 3.022352
10.030102 3.426569
10.017069 3.425490
10.062771 3.450767
10.059153 3.452515
9.999352 3.430750
10.161562 3.483543
10.116252 3.458658
10.019155 3.413124
10.120069 3.465317
10.030107 3.426715
10.017073 3.425670
10.062772 3.451128
10.059146 3.452971
9.999330 3.431367
10.161514 3.484497
10.116178 3.459764
10.018762 3.416091
10.002520 3.413619
10.028514 3.434741
10.014819 3.435813
9.936531 3.415336
10.056850 3.472836
9.994031 3.455037
9.839476 3.415826
9.690371 3.417256
9.651581 3.526413
10.042610 3.873062
13.097731 5.133983
