13.552553 -11.720892
9.603774 -9.852839
7.375006 -8.814706
5.287507 -7.850551
2.909607 -5.958819
0.616443 -3.116898
-1.686846 0.511424
-2.033522 0.839333
-2.300852 1.331570
-2.178474 2.348959
-1.832554 1.879724
-1.643320 3.287591
-2.105214 3.795944
-2.408934 5.243022
-2.315659 5.516771
-2.366618 5.896962
-2.418741 6.121027
-2.556426 6.310049
-2.562393 6.318824
-2.601857 6.326160
-2.603467 6.310592
-3.175864 6.393017
-3.431808 6.469083
-4.338789 6.398737
-4.836885 6.424728
-5.800985 6.344950
-7.330027 6.889440
-7.827744 7.944538
-7.672546 7.921000
-7.950784 8.053687
-7.758151 7.983265
-7.515486 7.933165
-7.775827 7.984708
-7.518860 7.932606
-7.779314 7.984265
-7.519513 7.932463
-7.779991 7.984132
-7.519638 7.932433
-7.780121 7.984104
-7.519663 7.932426
-7.780146 7.984097
-7.519668 7.932426
-7.780151 7.984097
-7.519669 7.932424
-7.780151 7.984095
-7.519669 7.932424
-7.780151 7.984095
-10.094822 9.197964
-17.579021 16.186756
