-18.402319 10.641066
-9.381757 3.409602
-9.414062 3.263578
-9.389258 3.233724
-9.351630 3.381979
-9.340507 3.324701
-9.299404 3.467281
-9.326999 3.487311
-9.363504 3.345994
-9.380449 3.326175
-9.345538 3.469101
-9.361822 3.281637
-9.321854 3.427512
-9.352760 3.410638
-9.389186 3.263921
-9.368140 3.303704
-9.330278 3.447851
-9.393375 3.354122
-9.361969 3.495379
-9.066370 3.122423
-8.331499 2.433981
-8.285952 1.655654
-7.389271 1.261510
-5.360411 0.207383
2.880306 -8.057994
4.854461 -9.576812
6.576063 -12.012987
11.124086 -17.652308
