-0.597181 -5.718360
1.170977 -4.462528
2.259303 -3.169822
3.271034 -2.040564
4.270572 -1.089821
6.748108 -0.105938
8.592836 1.275540
8.685857 1.316364
8.595289 1.276002
8.689478 1.317146
8.600563 1.277000
8.697231 1.318841
8.611857 1.279179
8.713861 1.322564
8.636022 1.284016
8.749239 1.331405
8.687880 1.294343
8.826097 1.349568
8.799623 1.316935
8.995264 1.390059
9.048547 1.363086
9.390778 1.478619
9.623459 1.452923
10.495386 1.716083
11.334046 1.580485
11.959729 1.567226
12.442578 1.729747
13.216604 0.665962
17.046526 -2.156883
