19.455076 0.992051
14.445133 3.684925
11.242254 3.520638
11.291272 3.624266
11.052361 3.431924
11.133722 3.532050
11.200091 3.613463
11.120289 3.507831
11.199326 3.609991
11.119340 3.503937
11.199301 3.609535
11.119302 3.503419
11.199303 3.609482
11.119305 3.503356
11.199304 3.609476
11.119306 3.503350
11.199304 3.609476
11.119306 3.503350
11.199304 3.609476
11.119306 3.503350
11.199304 3.609476
11.119306 3.503350
8.535003 1.769508
6.656590 1.300221
-3.198301 -0.884537
-4.201144 -1.260654
-4.481085 -0.683640
-4.115225 -0.707265
-9.384949 1.254419
-9.527120 1.432474
-11.480009 -2.519257
