-11.458904 16.966236
-8.563564 10.457593
-7.744051 8.696806
-7.887307 6.906265
-7.719025 7.137406
-7.832333 7.067430
-7.660263 7.280296
-7.784068 7.134738
-7.612098 7.344522
-7.757880 7.169179
-7.940347 6.941519
-7.931287 6.936427
-7.754699 7.160866
-7.834078 7.068477
-7.661615 7.281179
-7.784141 7.134774
-7.612157 7.344553
-7.757885 7.169178
-7.940353 6.941518
-7.931288 6.936426
-7.754699 7.160865
-7.834077 7.068477
-7.661615 7.281179
-7.784142 7.134772
-7.612159 7.344551
-11.096164 3.281224
-12.310413 1.624124
-14.906221 -4.051497
-19.531853 -14.468107
