-4.625032 -15.157165
-1.746432 -10.448547
-0.424285 -8.210796
0.703388 -5.929884
1.603985 -3.429447
3.797806 -0.810910
6.248006 0.152774
8.453857 1.201799
11.078664 3.418011
11.179163 3.556679
11.222638 3.593057
11.160398 3.498963
11.078664 3.418014
11.179163 3.556682
11.222639 3.593068
11.160398 3.498976
11.078663 3.418065
11.179164 3.556725
11.222671 3.593255
11.160440 3.499206
11.079002 3.418811
11.179462 3.557401
11.224892 3.595131
11.163172 3.501220
11.094395 3.418532
11.192858 3.559189
11.306437 3.553723
11.301358 3.492192
12.690242 3.513639
