7.598247 15.938795
5.517779 11.205688
4.154735 8.819725
2.450007 6.478001
-3.333484 -0.306374
-4.226641 -1.169989
-4.558592 -1.280023
-4.278193 -1.196518
-4.065840 -0.814257
-4.442378 -0.826659
-4.393853 -0.667661
-4.012876 -0.686125
-4.374845 -0.968446
-4.009925 -0.919621
-4.377915 -0.996637
-4.013671 -0.942751
-4.390287 -0.998555
-4.026906 -0.945767
-4.429313 -0.994010
-4.068226 -0.946851
-4.554452 -0.974827
-4.203381 -0.943142
-4.383518 -0.862272
-4.010383 -0.836900
-4.375166 -0.986413
-4.010540 -0.934175
-9.798939 -3.626039
