17.381712 13.660259
5.221535 7.432695
2.854581 5.843898
0.707330 3.909878
-1.068862 2.763617
-2.016986 1.657051
-2.826769 0.810367
-4.592725 0.695858
-4.122532 -0.649732
-4.493604 -0.608111
-4.370378 -0.528535
-4.006874 -0.580586
-4.157772 -0.479991
-3.821594 -0.536802
-4.522916 0.058281
-4.580904 -0.307677
-4.375679 -0.396753
-4.198365 -0.543809
-4.591253 -0.455611
-4.084616 -0.595402
-4.472156 -0.536052
-4.362958 -0.528350
-3.998953 -0.580113
-4.146358 -0.480834
-4.593903 -0.362218
-4.197721 -0.587612
-4.572931 -0.518685
-7.539308 2.821401
-9.309704 2.222780
-12.891299 1.059209
