-5.480518 -18.903074
-1.141029 -11.907295
0.423542 -9.067367
1.416105 -6.982407
2.220112 -4.500073
2.893148 -2.462341
4.124148 -0.805490
4.695547 -0.201729
6.235933 -0.147115
8.331528 0.786503
11.216771 3.522864
11.153734 3.420616
11.216771 3.522864
11.153734 3.420616
11.216770 3.522868
11.153733 3.420621
11.216762 3.522891
11.153725 3.420648
11.216738 3.523026
11.153697 3.420808
11.216681 3.523756
11.153646 3.421666
11.216933 3.527359
11.154024 3.425890
11.221731 3.542998
11.160110 3.443941
11.267466 3.595135
11.216412 3.500663
11.644420 3.638137
17.211523 5.529112
