-3.486930 -4.396023
-4.282500 -2.043719
-4.485358 -0.588595
-4.207309 -0.608171
-4.090210 -0.596112
-4.430066 -0.556085
-4.222243 -0.573491
-4.559541 -0.518123
-4.558293 -0.523588
-4.229437 -0.575644
-4.509048 -0.521304
-4.182635 -0.570805
-4.435924 -0.533597
-4.105923 -0.577385
-4.316348 -0.550955
-3.985247 -0.586082
-4.141953 -0.567889
-4.493486 -0.511249
-4.389286 -0.552945
-4.051464 -0.591715
-8.681095 1.275767
-8.513292 1.174826
-9.544941 1.340276
-9.511160 1.189612
-9.759047 1.197730
-9.925335 0.707785
-10.317009 -0.645625
-12.916080 -0.638505
-18.939323 1.716627
