17.374218 12.325482
12.029432 8.299946
11.315300 5.541747
11.308021 5.591892
11.314601 5.542685
11.307291 5.592891
11.313428 5.544267
11.306065 5.594572
11.311443 5.546927
11.303990 5.597395
11.308062 5.551408
11.300447 5.602166
11.302150 5.558913
11.294201 5.610171
11.290974 5.571297
11.282188 5.623326
11.264896 5.590521
11.253007 5.643003
11.176399 5.614616
11.242664 5.451210
10.769171 5.611795
10.600734 5.429854
10.191584 5.348925
9.377771 4.861634
7.799658 3.912379
-3.012357 -7.408983
-4.526527 -9.814490
-7.516323 -15.170636
