-12.037003 16.175941
-5.211506 11.462048
-2.607255 9.523532
-0.875085 8.428648
0.736204 7.520120
4.661111 6.835737
6.504507 6.650486
10.274410 5.506742
10.188242 5.501781
9.925584 5.583221
9.826995 5.570411
10.303482 5.515556
10.224282 5.509005
9.975527 5.590778
9.905295 5.579920
10.446278 5.536489
10.321136 5.590637
9.898398 5.648087
9.952453 5.509934
9.855449 5.500289
10.340474 5.435791
10.262209 5.434679
10.014587 5.528498
9.954742 5.521154
10.524327 5.472639
10.405466 5.531883
10.211848 5.655561
10.125852 5.639638
10.194896 5.631247
10.102993 5.618190
10.090227 5.596476
10.232938 5.436383
10.275984 5.447206
11.089245 5.428231
11.003748 5.540420
11.348908 5.500095
11.373673 5.414226
11.413492 5.448192
11.377160 5.627108
11.372669 5.525958
11.390646 5.436784
11.411005 5.455917
11.375081 5.635207
11.370778 5.529208
11.388863 5.439596
11.410307 5.456908
11.374384 5.636240
11.370489 5.529634
11.388597 5.439966
11.410210 5.457038
11.374289 5.636378
11.370451 5.529690
11.388560 5.440015
11.804873 7.226004
18.632866 6.733126
