3.458608 7.915640
5.566957 8.118071
10.961999 5.534388
10.865113 5.649713
10.933022 5.573216
11.026888 5.459593
10.898360 5.582806
10.998024 5.467366
10.998386 5.483919
10.902268 5.597085
10.928219 5.542047
10.829186 5.652892
11.016016 5.459983
10.920732 5.571839
10.937186 5.530548
10.837772 5.641777
11.037193 5.458391
10.946051 5.570621
10.885338 5.638855
10.981327 5.521659
10.879359 5.611537
10.979572 5.494542
11.037854 5.516308
10.953647 5.632126
11.462870 5.619931
11.491035 5.610043
11.514565 5.539948
11.512803 5.580785
11.525975 5.524025
11.577955 5.971310
12.014467 6.538127
16.874388 12.227779
