-18.105333 6.391958
-11.840131 3.510003
-9.174183 2.538355
-7.969279 1.687753
-4.589666 -0.366916
-4.121114 -0.491817
-4.349384 -0.409376
-4.395341 -0.395240
-4.545624 -0.290232
-4.043118 -0.512705
-4.314777 -0.468557
-4.567997 -0.370716
-4.097331 -0.494361
-4.320422 -0.412495
-4.366673 -0.399568
-4.515695 -0.295890
-4.005721 -0.515696
-4.278159 -0.473004
-4.528261 -0.377403
-4.573453 -0.351806
-4.266863 -0.417974
-4.313495 -0.408314
-4.459673 -0.306427
-3.937500 -0.521523
-4.208106 -0.483390
-4.452629 -0.403660
-4.497274 -0.390460
-4.186275 -0.571641
-4.519226 -0.519749
-4.009930 -0.539749
-3.069227 -1.642406
