14.716031 17.254915
10.698762 10.743100
10.751869 5.125258
10.692204 5.295971
10.656754 5.494569
10.644083 5.521648
10.701023 5.221610
10.640838 5.394225
10.614149 5.620328
10.604461 5.640646
10.710442 5.391696
10.698924 5.421168
10.769704 5.093503
10.710580 5.263362
10.677430 5.451396
10.664997 5.479101
10.722522 5.168230
10.661516 5.340171
10.600101 5.542449
10.581305 5.565203
10.532486 5.243932
10.448643 5.410418
9.714089 5.387655
8.892351 4.343879
7.195144 1.351937
6.500659 -0.373820
6.156210 -2.759047
