-4.183868 -19.301800
-1.330285 -11.247978
-0.332681 -8.070501
0.673337 -4.938127
7.650487 3.680092
9.514537 4.457303
10.428740 5.275993
10.781982 5.528274
10.794847 5.649123
10.871725 5.405498
10.918452 5.191876
10.952456 5.560502
10.964022 5.440165
10.962762 5.255182
10.885053 5.588368
10.904804 5.357311
10.950203 5.143491
10.971378 5.532204
10.981672 5.414750
10.971931 5.239831
10.895668 5.572856
10.911259 5.346273
10.955951 5.133484
10.974851 5.526733
10.985019 5.409711
10.973724 5.236797
10.897746 5.569813
12.111884 9.852817
17.578056 16.273397
