-8.811262 8.613849
-7.861684 8.190151
-7.861733 8.190059
-7.861828 8.189816
-7.862005 8.189189
-7.862316 8.187538
-7.862769 8.183160
-7.863108 8.171477
-7.861829 8.140546
-7.853440 8.058675
-7.819331 7.838646
-7.701897 7.194020
-7.869983 7.000664
-7.737976 7.173824
-7.909732 6.978472
-7.751077 7.159328
-7.923120 6.962342
-7.757616 7.151779
-7.929742 6.953969
-7.760964 7.147894
-7.933126 6.949670
-7.762727 7.145838
-7.934915 6.947397
-7.763680 7.144721
-7.935890 6.946152
-7.764211 7.144097
-7.936436 6.945454
-7.764507 7.143747
-7.936741 6.945065
-7.764673 7.143553
-7.936911 6.944849
-7.764762 7.143446
-7.937003 6.944729
-12.635381 2.747916
-17.505125 -2.749267
