-6.475231 8.647246
-5.244381 6.751234
-4.030204 6.716487
-3.709970 6.847416
-3.521759 6.737519
-2.939998 6.405910
-2.854475 6.397656
-2.990063 6.563102
-3.070201 6.631680
-2.764937 6.362858
-2.822428 6.411977
-2.740716 6.336926
-2.853740 6.455914
-2.911110 6.498080
-2.797942 6.397326
-2.913872 6.516438
-2.970578 6.554002
-2.837765 6.437391
-2.956155 6.557239
-3.012260 6.591928
-2.865540 6.464942
-2.985250 6.584950
-3.040426 6.616801
-2.883539 6.483002
-3.004514 6.602978
-3.058768 6.632378
-2.895142 6.494455
-3.016795 6.614441
-3.070715 6.642394
-2.402433 5.863756
-2.148564 5.415565
-2.183247 5.243593
-2.414130 5.005522
-2.307961 3.508976
-1.626263 1.712470
-1.309991 0.906082
-0.568894 -0.204373
