-7.165858 6.627283
-7.917498 6.181486
-7.873548 6.376447
-7.742015 6.851622
-7.875168 6.622975
-7.916070 6.505373
-7.800108 6.725704
-7.869598 6.562235
-7.755364 6.780136
-7.842973 6.594464
-7.728837 6.811500
-8.342618 3.412509
-7.717308 6.729114
-7.796066 6.553483
-7.914879 6.208797
-7.857945 6.351181
-7.819689 6.415198
-7.786350 6.641166
-7.866748 6.460954
-7.937482 6.224269
-7.900062 6.270337
-7.860298 6.439266
-7.853464 6.522552
-7.896616 6.826711
-7.741257 7.040062
-7.779122 6.865684
-7.915373 6.646141
-7.768682 6.983778
-7.918522 6.771477
-7.868269 6.817413
-7.716988 7.033099
-7.789759 6.850829
-7.925663 6.631117
-7.792189 6.953649
-7.940969 6.742264
-4.933106 0.352621
-5.027279 0.581080
-3.795262 0.876950
-3.611509 0.895233
-2.895016 0.321566
-3.021552 0.531915
-2.715556 0.817509
-2.626382 0.824225
-2.692541 1.134827
-2.334019 0.785576
-1.789835 -0.035148
7.016314 -9.254817
9.157106 -11.789994
16.253462 -18.955702
