-8.500477 10.050319
-5.174586 9.818463
-3.006073 9.450440
-1.449635 9.206639
-1.013310 8.130031
-1.425212 7.912521
-1.012585 6.250711
-0.722251 6.438080
-0.919327 5.694248
-0.642525 5.641134
-0.072158 5.590881
1.307302 5.636889
1.092713 5.207960
2.199924 5.676703
2.804621 5.804474
2.739814 5.305620
2.602016 5.130282
3.329181 5.764374
3.719201 5.901968
3.606295 5.414139
3.472427 5.273552
3.747705 5.554831
3.577260 5.138983
3.414320 5.050335
3.679657 5.393337
3.502713 5.012209
3.335052 4.945444
3.615145 5.317405
3.443504 4.953419
3.276509 4.895808
3.572456 5.281818
3.406509 4.926023
3.241031 4.871833
3.547229 5.264616
3.385028 4.912700
3.220807 4.859936
3.532752 5.255725
3.372921 4.905802
3.209449 4.853683
4.568289 8.157984
5.370222 10.187206
7.855736 12.058547
13.529029 16.335447
