5.734934 -3.242932
2.194575 -1.006886
-0.147943 0.156751
-1.343185 0.691324
-2.116180 0.997252
-2.681984 1.067506
-2.916330 0.697145
-3.357438 0.675047
-4.898424 0.660156
-4.749826 0.369645
-7.667611 6.268164
-7.704025 6.010850
-7.523527 6.452644
-7.570368 6.192946
-7.416328 6.586201
-7.471048 6.322725
-7.350593 6.678838
-7.409019 6.415622
-7.363361 6.778667
-7.433870 6.519992
-6.814919 6.311936
-6.852051 6.621327
-7.267464 6.760611
-7.320276 6.493954
-7.388435 6.534042
-7.323465 6.797303
-7.931561 6.715814
-7.786519 6.929507
-7.874851 7.892486
-7.655612 7.933934
-7.832478 7.930521
-7.618085 7.962948
-7.545248 7.995194
-7.765629 7.968862
-7.568743 7.989847
-7.792078 7.962943
-7.572975 7.988673
-7.796899 7.961617
-7.573739 7.988460
-7.797759 7.961384
-7.573874 7.988422
-7.797912 7.961343
-7.573898 7.988414
-7.797939 7.961336
-7.573903 7.988413
-7.797945 7.961334
-12.035606 8.627502
-18.367893 11.075050
