-3.974199 16.487896
-5.612363 9.419240
-6.329651 6.532350
-7.758406 6.776350
-7.885163 6.543252
-7.807866 6.886867
-7.951374 6.671098
-7.765692 6.943383
-7.909970 6.728612
-7.732786 6.984031
-7.879066 6.767559
-7.710484 7.011151
-7.858385 6.793281
-7.696028 7.028338
-7.844466 6.810460
-7.686519 7.039203
-7.834990 6.822206
-7.679871 7.046777
-7.828284 6.830489
-7.675371 7.051910
-7.823735 6.836100
-7.672377 7.055329
-7.820714 6.839830
-8.564528 1.783366
-8.624174 0.176084
-8.474432 -2.311914
-9.190636 -8.073951
-9.216198 -8.040446
-9.190638 -8.073951
-9.216200 -8.040445
-9.190645 -8.073946
-9.216208 -8.040441
-9.190680 -8.073928
-9.216244 -8.040421
-9.190802 -8.073860
-9.216378 -8.040346
-9.191272 -8.073605
-9.216889 -8.040063
-9.193030 -8.072650
-9.218800 -8.039006
-9.199611 -8.069087
-9.225948 -8.035054
-9.224028 -8.056340
-9.252393 -8.021154
-9.335568 -8.049542
-9.378369 -8.021958
-10.592915 -8.435032
-12.696863 -12.383733
