-16.890451 -2.646590
-13.307718 -5.119403
-9.411372 -8.018003
-9.364341 -8.045033
-9.411371 -8.018003
-9.364340 -8.045034
-9.411369 -8.018003
-9.364337 -8.045033
-9.411368 -8.018003
-9.364336 -8.045035
-9.411364 -8.018007
-9.364332 -8.045038
-9.411345 -8.018017
-9.364315 -8.045046
-9.411276 -8.018056
-9.364252 -8.045081
-9.411041 -8.018223
-9.364038 -8.045226
-9.411394 -8.021125
-9.364570 -8.047233
-9.323645 -8.063103
-9.365915 -8.037892
-8.711797 -8.104694
-8.646151 -8.053395
-8.619593 -8.042639
-8.660538 -8.087653
-8.621029 -8.044953
-8.661643 -8.089157
-8.621152 -8.045048
-8.661735 -8.089219
-8.621163 -8.045051
-8.661742 -8.089221
-8.621163 -8.045051
-8.661742 -8.089222
-8.621163 -8.045051
-8.661742 -8.089221
-8.621163 -8.045051
-8.661742 -8.089222
-8.621163 -8.045051
-8.661742 -8.089221
-7.696673 -6.885465
-6.846492 -5.342660
-1.479539 -5.083167
0.733331 -5.865210
3.655962 -6.780315
