5.448446 13.112343
-1.494324 8.591691
-1.009713 8.683810
-1.303344 8.512439
-0.840679 8.623826
-1.149400 8.448951
-0.691941 8.575617
-1.026806 8.399594
-1.687185 8.322593
-0.934834 8.364768
-1.590507 8.273055
-0.871269 8.339255
-1.516787 8.237670
-0.829320 8.318095
-1.466690 8.209828
-0.805845 8.295785
-1.438249 8.183208
-0.798598 8.264907
-1.361355 8.140279
-1.156594 9.138429
-1.144207 9.774896
-0.980799 9.989010
-1.039674 10.131591
-0.908849 10.166784
-0.994933 10.209464
-0.881968 10.206809
-0.979190 10.227763
-0.873138 10.216544
-0.974068 10.232396
-0.870336 10.219071
-0.972468 10.233638
-0.869470 10.219762
-0.971976 10.233983
-0.869207 10.219955
-0.971827 10.234083
0.915947 11.026782
-0.043449 11.269609
-1.062225 12.098940
-0.591599 12.747161
-0.220004 14.334216
-2.414391 18.207443
