-3.956629 9.887818
-6.844825 8.489566
-7.239994 8.078493
-6.611402 8.774619
-9.495282 9.730276
-11.479441 10.856963
-8.285049 8.560695
-7.793285 11.014098
-7.596281 7.100655
-6.457185 9.042851
-7.698867 7.077077
-8.653878 9.018641
-10.037384 9.120809
-12.898895 8.955006
-11.602973 10.451777
-9.579428 10.331553
-5.360771 8.974393
-6.779016 7.624957
-6.322465 7.582227
-7.451710 8.003523
-5.808075 7.273511
-6.490192 6.638994
-5.545619 7.066649
-3.048709 6.983776
-1.389593 7.635712
-1.467984 4.243220
-2.154705 3.746981
-2.248637 3.006515
-1.298650 3.374123
-0.229028 2.841929
-1.508334 2.691657
-0.637321 0.126078
-3.070570 0.789357
-3.226093 0.352249
-0.840624 2.177758
-2.368632 2.154549
-2.362971 3.157291
-2.033242 4.063556
-2.185564 3.223298
-2.262736 4.864308
-2.157231 4.600838
-1.093634 4.638574
-1.510053 3.524138
-1.632855 4.029406
-0.955782 5.825562
-3.120996 6.947456
-3.038836 8.403356
-7.542283 7.761842
-6.497324 6.851419
-7.872941 9.553853
-7.229014 7.517380
-5.569145 9.667210
-9.996925 8.690235
-10.427223 9.064252
-12.028036 8.643853
-10.439466 10.157512
-6.992980 9.004128
-7.942204 6.257684
-2.413644 3.904458
-4.032772 7.198689
-5.489075 7.463121
-9.453495 2.683106
-11.060443 9.772933
-8.860454 10.708988
-6.517474 6.553035
-6.446881 7.580937
-7.864058 6.165837
-7.866497 7.979673
-7.509985 7.493953
-7.816719 5.703138
-7.726964 3.396021
-7.863850 4.302156
-7.373754 7.125206
-7.174766 6.633041
-9.851088 8.883296
-5.030431 7.776494
-7.183787 7.553456
-11.519794 9.936516
-10.265327 8.982427
-9.827039 8.713643
-1.368213 5.338477
-0.906098 4.868633
-8.088864 1.894343
-8.858757 2.629768
-12.268648 2.961923
-10.028602 1.567054
-10.657866 -1.318469
-11.382848 0.475971
-12.245390 2.386577
-8.959379 2.876268
-7.581518 4.068911
-7.485526 6.749974
-10.090504 8.707822
-13.903973 8.671555
-14.173410 8.241924
-10.897485 2.688885
-7.595952 3.487519
-7.542109 4.140183
-7.825373 3.200516
-7.811348 8.189380
-5.402473 6.350120
-4.942667 6.341966
-3.449439 9.508115
-4.371426 8.284769
-6.984631 8.075053
-5.804903 7.061693
-5.830338 7.466896
-5.813162 6.497515
-5.621765 6.474318
-3.744514 7.031846
-3.619609 8.348792
-6.948486 6.898356
-6.450783 7.175402
-7.611791 7.355121
-5.080890 7.650223
-4.331815 6.858126
-10.363338 9.591366
-8.744083 10.778158
-7.326652 7.174030
-6.765565 6.992408
-7.164149 6.739380
-6.068567 6.913095
-5.049709 6.871921
-5.342979 7.178501
-6.642946 6.842537
-6.546384 7.208296
-6.547857 7.717461
-5.123935 6.591258
-5.159148 8.055036
-5.941706 7.084295
-7.178867 8.105140
-7.883796 5.588690
-7.816141 5.213616
-7.003586 8.399557
-6.306243 8.163110
-3.941085 7.017112
-4.088826 7.296295
-4.258972 6.433407
-6.393001 7.885718
-4.450439 8.315748
-2.051447 6.551849
-2.104321 1.747616
-2.026650 2.948049
-2.429251 3.352346
-1.313725 1.540663
-3.741766 0.909562
-0.515923 1.559581
-0.870155 3.046985
-1.714497 3.295843
-1.093805 3.310858
-0.552944 6.797829
-3.414762 7.157922
-4.030757 6.683888
-2.112980 9.104097
-2.203122 8.290147
-5.081122 7.465198
-4.771533 7.841911
-4.927391 6.802704
-5.399704 6.914917
-5.030369 7.139750
-2.445415 7.530103
-2.268841 3.013958
-1.243351 3.657610
-2.227156 4.432865
-2.122519 3.020581
-1.770941 0.451005
-3.415486 0.608550
-3.727249 1.113256
-0.665913 1.165562
-1.085720 3.663458
-1.610918 3.245208
-1.187304 3.270950
-2.443067 3.897432
-2.420980 5.539482
-2.711157 8.419051
-6.230844 7.719934
-6.093007 7.447583
-4.294136 8.644576
-2.751298 7.894825
-4.133017 8.361798
-4.862335 9.780704
-7.046264 7.396184
-10.627380 2.775827
-10.747071 1.250382
-11.747219 1.646308
-13.184952 5.725507
-7.712355 5.056000
-7.700148 7.349194
-1.727297 6.238038
-2.981669 6.843907
-2.383100 1.877856
-0.863560 2.232806
-2.124027 4.198346
-3.657721 0.352582
-7.623485 3.923587
-8.743649 2.025683
-5.085398 -4.274037
-10.391470 0.375491
-9.994772 2.900032
-9.105104 2.930730
-9.008646 1.991478
-8.735893 1.607108
-7.633946 2.176676
-10.400633 2.077958
-6.095115 1.140737
-1.418477 1.246893
-1.795784 2.179146
-1.248363 2.971296
-1.310580 1.964046
-1.796198 2.742779
-1.761322 6.673682
-2.148350 6.050074
-2.478070 5.777904
-2.438212 5.323852
-0.874207 6.888301
-3.956720 6.691628
-5.811299 6.310277
-4.041953 6.874231
-5.247694 6.437676
-7.228887 6.922050
-7.724088 5.749322
-7.675440 1.491679
-7.758889 3.110134
-5.926968 6.498194
-7.415817 6.891732
-4.091228 0.573387
-4.593034 -1.754035
-4.481196 -0.857543
-4.130758 -2.143122
-4.257822 0.976691
-1.684318 0.446491
-1.033285 0.951463
-1.974051 3.537895
-1.359827 6.825819
-2.944793 7.444031
-4.651001 6.523888
-6.280214 6.822240
-6.119725 7.582790
-5.472374 7.322424
-7.112511 7.668681
-5.885443 6.684055
-5.852889 7.134953
-7.650264 6.475078
-7.640807 4.972513
-7.519496 7.839698
-5.677334 9.160102
-8.793827 9.413547
-6.092833 8.517329
-6.775387 6.825330
-7.114642 6.619979
-7.489529 6.642931
-7.908259 5.083712
-6.932694 9.543246
-8.523003 8.610602
-8.266412 8.967195
-9.165108 9.316548
-4.309659 7.473193
-5.094317 8.145869
-7.303149 7.649107
-15.468664 8.855259
-14.005713 6.821651
-9.229692 2.084696
-9.031952 1.448033
-10.310623 3.057326
-12.713289 2.164968
-14.840217 4.656370
-13.097828 3.663177
-7.845043 7.829063
-7.038264 9.673532
-12.499234 10.310764
-5.920424 9.410529
-7.212676 7.283184
-6.659486 6.658240
-5.167807 1.156783
-3.160672 -0.525425
-4.167379 0.263526
-3.557287 0.633949
-1.528672 1.043580
-7.962019 2.899280
-8.240726 3.485187
-13.041510 3.888215
-14.865805 3.133642
-11.578707 0.197477
-10.642387 1.952202
-6.267859 8.694688
-7.945385 7.151635
-7.269130 6.386629
-2.078654 7.551576
-2.614905 8.436229
-5.036744 6.428255
-7.789839 4.827195
-7.549132 6.688850
-7.507675 6.511355
-7.705077 5.900827
-7.606898 5.288305
-7.701576 5.131732
-2.463573 -0.251171
-4.049370 -0.133788
-3.732088 0.929515
-5.193164 1.126884
-4.010404 1.238024
-7.740864 4.194336
-10.567503 2.778868
-9.085535 1.674860
-8.589425 3.007711
-8.462857 2.995224
-7.819256 1.322072
-7.528464 2.420682
-8.109207 2.951200
-9.851602 2.768446
-7.982079 3.463308
-8.312413 1.411565
-8.606652 1.902064
-7.734133 4.013013
-5.949418 7.042375
-6.574348 6.861842
-4.984926 7.062465
-6.062912 6.805106
-5.957281 6.814691
-4.348168 8.209776
-4.878242 7.516557
-4.123694 9.095103
-6.280983 7.704310
-5.468281 7.916047
-7.569214 5.963198
-1.993298 4.424496
-0.391597 3.670909
-0.960300 2.567123
-1.822892 3.191557
-0.220509 0.377807
-2.531922 0.982572
-1.951931 1.819858
-1.712707 2.756286
-2.273545 2.181732
-1.707083 0.642708
-1.349461 1.399913
-1.851969 2.499044
-2.441304 3.419837
-1.771790 8.405405
-5.575003 6.764242
-4.148660 6.944332
-3.275048 10.302960
-5.559706 8.536761
-4.281832 7.898819
-7.411862 6.543570
-6.799467 10.016438
-6.447562 8.721922
-6.290040 7.976998
-5.315239 7.397241
-1.518954 6.503924
-1.845705 2.851110
-1.867165 1.070858
-1.294921 1.205972
-1.939198 2.805999
-1.589292 -0.222161
-1.173216 0.322210
-2.593729 0.751284
-2.202436 0.853600
-1.514228 -0.844525
-2.728007 -0.216681
-1.904917 1.327842
-1.474013 1.500141
-2.120129 0.747214
-1.748377 2.148377
-2.474393 4.423234
0.552695 4.605066
0.248279 6.098923
-3.444457 6.713187
-2.292916 6.526961
-7.062745 6.923702
-7.917594 6.729396
-6.592508 8.208511
-6.808823 6.491195
-4.225743 6.347128
-5.537809 6.347866
-3.259653 7.116355
-1.046518 5.774953
-1.685209 3.954120
-2.090923 2.444000
-2.133843 2.188961
-2.001765 2.247056
-2.029786 2.011914
-1.579091 1.182050
-4.159566 0.979870
-4.451018 -0.544503
-3.709062 -1.531393
-4.820428 -5.427191
-6.935971 -4.873959
-9.635693 -4.780460
-10.417646 -7.887805
-14.984218 -15.141473
