-10.608821 2.684773
-9.942278 2.023242
-8.075772 1.549633
-8.103970 1.820071
-9.276700 3.493391
-10.449032 -4.195723
-8.184400 -4.493979
-5.090366 -6.528208
-9.411191 -6.778355
-8.610025 -6.246509
-10.759333 -4.873934
-10.511644 -4.497360
-9.992182 -0.146569
-10.545637 -7.470345
-6.088269 -4.517911
-7.219266 -4.136810
-9.145712 -6.915362
-10.897923 0.334190
-9.963542 0.102013
-11.095528 -0.573552
-9.644046 1.908909
-8.207160 1.797940
-8.163645 2.243673
-7.718112 4.719811
-7.728715 8.874454
-4.146153 8.281660
-3.094089 8.366511
-4.049849 6.337859
-2.464236 6.790090
-5.767069 6.413471
-6.318598 7.742705
-4.765247 6.624287
-3.456633 9.058261
-1.221739 9.519081
-2.444548 3.907961
-1.602764 1.552700
-4.259134 0.701385
-4.387712 -1.065310
-4.463813 0.540819
-3.891891 1.091221
-2.706870 1.101684
-1.612344 1.631423
-2.357227 2.162967
0.905030 3.632278
2.836504 4.500329
