2.890884 -0.706579
-0.385317 -0.796762
-1.406459 0.789055
-1.689545 3.026513
-1.762560 3.802149
-2.249481 5.756442
-1.720662 3.754899
-1.559314 5.746419
-1.807810 5.099892
-2.400393 6.750474
-6.068292 6.880141
-5.846532 7.000014
-3.593697 6.979725
-2.752270 6.993722
0.443689 7.836392
-2.439115 7.425397
-5.242540 6.514861
-6.186295 7.341009
-5.043592 7.899202
-6.222472 6.445456
-5.245675 8.749055
-7.275943 7.064026
-5.033397 7.691872
-5.010322 6.953189
-6.243627 7.661897
-7.526580 6.550641
-2.697061 10.425918
-4.962811 10.244857
-6.821595 9.793230
-7.485270 4.302951
-7.770248 5.401470
-6.910496 6.407423
-3.781225 8.829246
-5.816093 9.535874
-6.073497 6.784266
-6.135463 7.944912
-5.400623 7.119850
-3.719742 7.652995
-2.324989 4.642722
-1.824018 4.310671
-2.142994 2.819659
-1.902129 0.900321
-3.122556 0.824915
-2.220723 1.118328
-0.783297 1.447019
-1.572415 4.540810
-1.597669 0.550539
-3.089336 0.266325
-3.859076 1.004142
-2.192858 1.245016
-2.741358 0.925858
-3.895127 -0.467805
-1.964146 -0.133637
-1.905291 2.077857
-1.732660 0.844579
-8.608523 1.547551
-10.946276 -2.025165
-9.716482 -0.133972
-9.159704 1.393024
-8.160354 2.829207
-8.506309 3.429047
-8.556657 3.015120
-8.119616 3.200536
-8.671429 3.488505
-3.908451 6.417899
-5.788042 7.935998
-5.996823 6.409865
-2.194952 4.117710
-6.362081 6.910752
-7.898643 6.242931
-7.579862 10.494657
-8.445637 9.242205
-8.497176 9.770640
-10.177467 9.287026
-6.988543 8.221918
-7.284659 7.111619
-7.214436 7.839920
-7.882405 5.995480
-7.659014 6.913018
-7.541974 3.850355
-10.832825 -0.054678
-11.010805 1.713884
-11.217409 2.858891
-13.791222 2.265974
-15.495756 -0.384218
-13.081005 4.037532
