-3.955015 -16.233122
-5.299832 -10.754011
-6.930494 -8.049761
-7.626940 -5.412016
-10.667963 -3.608235
-11.494344 -0.831855
-10.550129 -0.865304
-10.680893 -1.844276
-10.765147 -4.941166
-9.692728 -0.128766
-11.077868 -1.204415
-10.637309 0.903167
-8.743862 1.615958
-9.808225 2.179765
-9.207156 3.368248
-7.604747 2.204580
-7.705803 4.420978
-7.692171 6.682287
-7.356186 9.352345
-6.979079 8.042474
-7.543675 8.186435
-5.889852 6.780035
-13.792830 6.889428
-12.231251 11.039223
-12.232967 9.841793
-9.267414 8.901960
-8.991111 9.557113
-5.832188 6.866824
-6.579665 6.776839
-7.666361 8.032143
-6.452801 7.972240
-7.051950 6.647372
-6.748187 6.654713
-7.349996 6.847234
-5.538494 7.144764
-4.557499 6.723223
-3.907925 6.533652
-1.571216 6.295619
-1.150490 5.354691
-1.424610 4.522642
-1.841694 1.879719
-2.778826 0.523163
-2.976272 0.309641
-4.378640 -0.253447
-5.232593 1.236371
-6.124825 1.126998
-4.157819 -1.194106
-3.740905 -1.052013
-3.582882 -0.797526
-3.644121 0.177794
-0.861089 4.616644
-1.954256 4.650464
-6.216119 6.530350
-2.998418 6.453673
-1.261599 7.202392
-1.349028 4.934870
-1.662730 1.836444
-1.451377 2.188677
-8.114896 1.775578
-7.849498 1.336896
-7.520641 2.106299
-7.245285 6.500522
-6.726613 6.788241
-7.790733 4.441367
-5.767796 1.147286
-6.827048 1.212518
-4.549463 0.907144
-2.198067 1.487667
-4.172406 1.056644
-2.468072 0.815775
-2.708906 -2.530152
-2.383063 0.424866
-2.447243 -0.212026
-2.043423 0.040901
-3.079964 0.278832
-3.633755 1.225559
-4.647400 1.126819
-4.230784 0.165966
-3.392228 -0.731421
-3.904223 -0.250056
-4.533627 -1.045618
-3.984893 -0.672872
-4.040399 -0.593418
-4.560667 0.196697
-2.586408 1.024337
-3.279938 -0.721648
-5.711617 -4.055839
-5.488228 -4.027989
-4.296443 -4.353467
-5.026127 -4.717669
-4.726394 -7.146423
-6.644710 -5.571161
-3.948893 -4.650808
-4.153832 -4.578515
-3.745161 -2.161569
-3.046676 -2.603122
-3.825198 -0.217523
-3.926343 -2.270464
-4.416378 -2.734451
-3.117833 -0.497829
-2.795695 0.072900
-4.329905 0.611562
-2.206493 -2.288893
-2.899076 -1.224113
-2.514871 -0.422961
-2.325489 -0.536388
-4.563910 -2.211639
-4.246449 -2.479138
-3.845724 -4.110790
-7.514098 -5.967040
-7.869126 -4.981658
-7.512837 -6.051913
-7.272749 -5.306560
-5.474278 -3.968227
-5.985981 -5.564595
-5.746267 -5.466360
-6.689518 -4.254036
-6.588604 -4.148651
-9.873316 -4.625953
-10.304964 -2.684066
-9.907352 -2.419605
-10.746182 -0.393560
-9.060871 2.666556
-10.625202 -0.738812
-9.744316 0.654544
-9.757914 -0.234555
-9.482894 1.534371
-7.722815 1.877613
-8.564995 2.161030
-8.695124 1.632173
-12.576891 -0.461900
-8.429540 1.276292
-7.596895 1.747601
-8.320612 1.982306
-7.742380 1.724620
-8.999752 2.989157
-8.483473 1.505125
-8.027310 2.516065
-7.532895 4.954676
-7.745407 6.183249
-7.848593 5.388944
0.286870 4.523008
0.038459 4.727463
-2.233922 3.779015
-1.740031 2.926983
-2.454916 1.071236
-0.890095 0.600656
-1.832247 7.902205
-4.931574 8.869411
-6.031563 8.461726
-4.565407 10.799814
-5.666864 6.487797
-4.242957 6.506859
-4.573552 10.359177
-1.172052 6.650465
-1.385134 3.205089
-1.186015 4.075921
-1.806785 4.447330
-2.532815 6.465488
-0.557056 3.311857
-0.049488 2.176732
-1.188185 2.674835
-0.888194 5.097605
-2.659911 7.397767
-6.281662 6.828443
-8.067745 3.294025
-7.748534 5.869832
-8.418392 3.304264
-8.460950 3.129199
-7.812650 2.985523
-3.111833 -2.956288
-3.045002 -1.057981
-3.212540 -0.530157
-2.414848 0.362880
-3.141731 1.140803
-7.637257 5.577233
-7.715372 2.952366
-9.552834 2.813343
-8.274225 1.651318
-7.532707 4.739721
-7.465307 7.834714
-8.188171 8.916036
-7.506285 8.482102
-1.847409 8.058631
-2.357554 2.615664
0.450874 2.005631
-2.566222 1.256232
-3.375832 0.759804
-2.127789 -0.085156
-2.713230 -1.717865
-3.799756 0.906240
-3.808762 -0.353528
-4.109174 -0.539130
-4.488219 -0.463643
-9.818975 -1.313628
-9.812488 0.365190
-9.958210 -0.690268
-9.764001 -0.721437
-7.530325 2.941154
-9.038589 2.545248
-9.545677 1.413194
-8.975498 1.775831
-8.216545 1.626900
-10.887000 1.162552
-9.637039 -0.465994
-9.898911 1.598930
-8.075397 1.338729
-4.191829 -2.442831
-4.302882 -2.985922
-8.252188 -6.302550
-8.081835 -5.421893
-7.507293 -7.056661
-7.393538 -6.392350
-7.708871 -3.903553
-10.875893 -4.105616
-8.695070 -5.255795
-9.901741 -4.257344
-10.351823 0.769377
-13.769850 2.865115
-13.737253 7.034101
-9.535051 10.147556
-8.049082 8.921824
-6.572279 7.334308
-5.516815 7.122326
-4.942482 7.274939
-6.533062 6.350976
-4.856210 8.236750
-2.975908 6.316898
-6.534395 6.887766
-5.531796 6.814890
-6.143477 8.998545
-7.950668 3.673883
-6.313237 1.134191
-6.381256 1.151979
-4.418276 1.082387
-8.343750 1.236500
-9.664577 1.961149
-9.259703 2.242675
-3.818549 -0.614246
-2.792105 -0.408537
-2.301817 -0.442316
-3.621006 -0.361136
-4.147478 0.191801
-3.166292 0.054637
-2.543034 1.224068
-4.533108 -0.895301
-3.959319 0.974035
-0.751659 -0.179348
-2.356906 1.560625
-2.769608 0.494297
-3.256143 1.062696
-2.970227 1.232896
-5.756049 1.274716
-7.619028 2.422292
-8.222603 1.822682
-7.654899 3.329882
-7.526427 2.358862
-3.899382 0.347839
-10.304091 2.600220
-9.428616 3.117585
-10.406648 -2.318708
-10.062048 0.025267
-10.171768 1.237045
-8.376873 1.339425
-8.871031 2.166203
-7.532861 3.531713
-7.641272 2.368068
-8.191100 2.906801
-8.466861 2.751542
-8.520199 1.467476
-8.706698 1.342342
-8.283967 1.530414
-12.249361 3.279803
-9.736097 2.196054
-11.338137 -3.497482
-10.519931 0.258160
-11.421654 0.495285
-11.209816 1.827890
-9.008554 3.075702
-7.990411 3.264869
-9.430061 1.617527
-7.399644 7.109448
-7.920586 7.385017
-7.830134 6.222932
-6.040445 7.278656
-6.111795 7.437796
-6.690634 7.925517
-7.002110 9.132497
-11.205894 9.650640
-13.273819 9.245906
-14.237174 5.785307
-15.245132 10.025856
-16.065823 10.872973
-8.901703 3.441743
-3.672599 1.128796
0.302426 0.880349
-1.428653 3.075877
-5.598147 6.799576
-7.394291 6.894977
-7.760161 7.478579
-6.585933 6.717164
-7.815219 7.540886
-7.835913 4.668177
-3.351947 6.418683
-4.885008 7.954820
-3.140013 7.515804
-4.754748 7.528679
-6.753057 9.010933
-6.717978 8.011136
-6.017769 8.577860
-6.146627 8.168462
-2.248495 6.610902
-6.829317 7.177248
-6.425330 7.997023
-6.257177 6.716747
-4.668690 6.972390
-6.201840 9.110290
-8.440931 10.970195
-10.205617 9.645804
-7.496886 8.936223
-7.747301 9.553802
-6.130861 10.445073
-13.435278 10.831782
-14.842733 7.277069
-13.302172 7.400914
-13.862750 6.227214
-18.497679 1.042320
-9.689627 -0.810962
-12.019861 -2.546903
-10.538053 -4.101922
-11.114716 -3.834833
-11.864168 -0.766468
-4.360584 -0.241603
-3.793262 0.227753
-4.472826 -0.446849
-3.034324 -0.098254
-4.280956 -0.510108
-3.327205 0.948843
-2.840758 -0.719256
-2.501311 0.075514
-3.584216 0.272244
-3.634967 -0.450271
-2.940986 0.764493
-2.622899 -0.260371
-1.862591 1.670916
-2.031947 1.305959
-6.959822 1.168506
-7.651463 1.354859
-8.413286 2.997195
-8.975233 2.450202
-8.699853 2.703626
-11.106249 2.594651
-9.677288 0.579707
-8.302014 3.179662
-7.307007 6.720155
-7.700723 3.001118
-7.931771 3.350172
-8.773645 2.495521
-7.609275 6.730471
-6.472940 7.821992
-7.757962 7.346233
-7.795119 9.907245
-12.133380 10.719218
-16.674709 12.511218
-13.404548 5.981969
-14.063734 6.800691
-16.810049 12.049100
-15.704479 9.850911
-11.168800 10.002552
-11.294942 10.960741
-6.704004 10.228938
-7.574780 6.681433
-7.006002 6.635992
-6.806407 7.506569
-6.187603 6.347560
-7.087106 7.018914
-5.911664 9.186717
-5.038336 7.870152
-5.967928 7.556965
-4.779652 7.681015
-3.058484 7.520389
-3.947017 8.509571
-7.202260 7.792176
-9.765047 10.970693
-8.809166 11.620638
-9.796062 9.139570
-9.460232 10.287715
-9.168978 8.540801
-10.000173 9.790025
-7.385358 11.167521
-7.745778 5.178604
-7.668313 4.181652
-7.915258 8.447669
-6.441318 8.664901
-7.318998 6.644848
-7.668690 6.189570
-7.828720 3.799895
-7.560412 4.046186
-7.722816 6.642107
-6.026397 6.334572
-6.360216 8.382258
-5.652225 6.797857
-7.506073 7.953767
-8.907300 10.134160
-7.517359 12.658322
-11.480633 11.131857
-11.301216 10.493993
-13.106855 8.371950
-13.136200 5.010121
-17.310177 3.424233
-13.662236 6.428891
-13.817225 6.312378
-18.259375 2.986355
-17.268799 1.712096
-13.961320 2.395194
-13.117702 6.834581
