16.085405 2.113058
11.100207 3.747504
9.612460 3.993569
8.476122 4.252376
-6.047707 7.190958
-7.801010 7.932514
-7.613992 7.938535
-7.678232 7.916080
-7.885220 7.907522
-7.865247 7.931978
-7.671916 7.935266
-7.824206 7.940552
-7.637005 7.943475
-7.817399 7.942223
-7.631247 7.945012
-7.816281 7.942506
-7.630275 7.945286
-7.816093 7.942556
-7.630111 7.945333
-7.816061 7.942564
-7.630083 7.945341
-7.816054 7.942565
-7.630078 7.945343
-7.816054 7.942567
-7.630077 7.945343
-10.855858 8.584228
-15.471314 10.209032
