-11.420177 14.067858
-8.704403 9.377701
-7.858974 8.398048
-7.884050 8.323192
-7.770037 7.332349
-7.941546 7.223148
-7.748552 6.924759
-7.867097 6.764575
-7.927135 6.671329
-7.810366 6.833784
-7.879855 6.737073
-7.762697 6.898047
-7.842207 6.790096
-7.722535 6.952000
-7.812874 6.830515
-7.929831 6.667818
-7.747273 6.918326
-7.864759 6.757697
-7.929873 6.667380
-7.812953 6.830112
-7.882327 6.733647
-7.765163 6.894746
-7.844057 6.787483
-7.724567 6.949278
-10.621573 2.427949
-11.638310 -0.867010
-12.785690 -5.660099
-15.469448 -13.821235
