12.811631 16.888485
6.660836 13.558239
4.670715 9.563589
4.317600 9.775022
2.994917 5.747413
2.962222 5.232093
2.810537 4.959659
2.996279 5.166432
3.186524 5.716186
2.999203 5.616380
2.981516 5.079904
2.874202 4.739927
3.083753 4.935381
3.329565 5.452202
3.246525 5.274270
3.400475 5.469496
3.351393 5.953835
3.333592 5.437906
3.255349 5.254703
3.411362 5.449608
3.374571 5.929801
3.363534 5.407857
3.299218 5.213955
3.479700 5.709140
-1.033151 5.687205
-0.907077 5.932926
-1.329263 8.085766
-1.941006 8.579225
-1.275689 9.433081
-1.011074 10.008675
-0.693761 10.252372
-0.697460 10.413795
-1.476031 10.181243
-2.063943 9.985590
-1.227357 10.178950
-0.970818 10.340714
-1.568078 10.142491
-2.148192 9.945653
-1.271152 10.153396
-0.993698 10.325870
1.160946 11.174932
-1.107548 11.270777
-3.080571 12.138077
-7.391362 14.108221
