-6.864094 -15.579523
-2.960412 -10.677421
-1.134284 -8.485668
0.281362 -6.435073
1.487007 -4.083569
5.115792 -0.771880
6.431670 0.187362
9.510547 1.366362
9.468821 1.341971
9.215092 1.269045
9.510318 1.366292
9.468535 1.341879
9.214723 1.268929
9.509762 1.366121
9.467844 1.341655
9.213826 1.268651
9.508410 1.365710
9.466169 1.341116
9.211655 1.267980
9.505138 1.364723
9.462109 1.339828
9.206389 1.266387
9.497204 1.362359
9.452214 1.336753
9.477808 1.356683
9.428123 1.329433
9.430140 1.343832
9.369098 1.313732
9.314333 1.319884
9.224190 1.284770
9.037815 1.291499
9.624209 1.506429
10.137554 1.755897
11.810555 2.231407
16.086040 4.107802
