16.773876 -15.975207
13.599427 -7.816481
12.364267 -3.810568
12.181182 1.451581
12.193478 1.276579
12.181182 1.451580
12.193477 1.276578
12.181177 1.451574
12.193471 1.276570
12.181160 1.451558
12.193449 1.276554
12.181098 1.451530
12.193369 1.276532
12.180872 1.451541
12.193080 1.276607
12.180074 1.452039
12.192066 1.277497
12.177315 1.455672
12.188585 1.283199
12.168030 1.476105
12.176964 1.313751
12.138370 1.580291
12.139918 1.463843
12.048555 2.097941
12.029369 2.263146
11.964314 2.547362
11.463084 10.699504
13.294918 16.395161
