-18.326464 6.918014
-11.173939 4.272052
-8.502125 3.060876
-8.413030 1.667222
-8.445663 1.569374
-8.342844 1.278397
-8.369867 1.289230
-8.289434 1.209087
-8.319332 1.234183
-8.260986 1.191208
-8.294318 1.218711
-8.247483 1.184728
-8.282576 1.212709
-8.241211 1.181932
-8.277143 1.210062
-8.238315 1.180663
-8.274639 1.208847
-8.236980 1.180079
-8.273483 1.208288
-8.236364 1.179810
-8.272951 1.208030
-6.620074 0.767001
-5.116782 0.100261
-4.212176 -0.259615
5.055197 -5.209919
7.549331 -5.951566
10.100578 -6.161553
14.509332 -7.074744
