15.107709 1.092810
10.867311 2.250962
8.438425 2.392498
5.489459 2.215846
2.369634 1.676140
-0.976016 1.686113
-2.099592 1.301413
-3.180263 1.079924
-2.950327 0.154185
-3.342437 0.277836
-4.250855 0.873894
-4.845371 0.549303
-5.501489 0.631590
-6.706065 0.816271
-8.686148 1.441842
-8.751112 1.442014
-8.685163 1.440849
-8.749614 1.440677
-8.682585 1.438645
-8.745685 1.437773
-8.675826 1.433957
-8.735373 1.431746
-8.658275 1.424409
-8.708462 1.419694
-8.612521 1.406624
-8.638037 1.398505
-8.491690 1.375783
-8.452583 1.363777
-8.509538 1.700871
-8.450989 1.758332
-8.422241 2.744792
-8.321526 2.926504
-8.341366 4.535820
-10.768128 5.554295
