-0.544664 18.225006
-3.473938 7.789658
-2.041392 7.600049
-1.306736 1.068687
-2.880014 -0.301453
-4.442630 -2.437537
-4.415131 -3.330487
-3.907889 0.696678
-3.179637 0.585970
-3.365084 -0.742196
-1.821037 2.838789
-1.617117 0.913300
-2.192909 0.691357
-4.058448 -0.827101
-2.143224 -1.278600
-2.261121 2.732097
-1.677517 4.591447
-1.103534 3.321049
-2.252718 6.042877
-4.167518 8.272439
-2.280351 7.422236
-2.226265 5.191579
-1.425317 5.026236
-3.555204 8.153254
-4.882361 6.974168
-4.111301 8.508702
-3.349914 7.023263
-6.309639 7.381021
-7.467653 6.315103
-4.775113 7.812617
-3.520407 7.520106
-6.686874 8.935704
-6.213440 6.881719
-7.273453 7.981595
-6.824410 10.179302
-7.939184 6.968449
-6.608576 8.624387
-8.246998 9.609090
-9.674703 10.679503
-15.183704 5.535329
-11.704304 2.437772
-9.286986 1.659564
-9.662657 1.147713
-9.661706 3.463259
-8.251925 10.302239
-10.944590 12.139050
-6.812541 9.045126
-8.908335 9.931348
-6.219727 8.550247
-7.885168 7.879582
-7.006338 7.175803
-6.473930 8.216461
-5.792588 6.990269
-7.877046 7.819080
-6.415375 7.731841
-4.288541 8.566891
-7.096984 9.661399
-7.878533 6.006143
-8.775585 9.601953
-7.226193 9.142703
-9.040259 3.473874
-8.880829 2.635033
-10.477763 0.232768
-10.843973 -4.926828
-8.197080 -7.931928
-9.660627 -7.606789
-6.978100 -5.193909
-5.450319 -5.145297
-5.000708 -5.162014
-6.551706 -5.008179
-4.149173 -6.836293
-6.870996 -5.543178
-6.783453 -5.121660
-8.036737 -5.222663
-15.425419 -10.831000
-18.753700 -18.580643
