0.691264 17.220135
2.695199 18.714289
11.556177 11.512026
13.317082 11.208238
10.921432 3.633330
8.535391 4.325681
11.701820 5.378253
12.437625 4.574898
5.293238 5.272904
7.248313 4.148372
5.110855 7.873337
6.211467 5.221768
4.922152 9.371472
5.301205 6.197830
2.177457 5.287689
0.508130 4.530634
0.475666 5.791236
3.435161 5.371729
5.961567 6.378896
3.419557 4.012747
-0.632620 5.908817
1.180504 4.671726
3.497243 5.501923
4.572066 4.776544
4.341352 7.526317
4.435054 7.578983
5.248839 5.434648
5.797882 6.986910
0.968071 2.791277
1.397902 4.467088
1.292007 5.479896
3.452262 5.521065
-1.169816 8.459763
-1.516277 10.718293
-1.194893 9.131938
-1.653957 9.783396
-1.310601 10.045098
-0.745968 9.665671
-1.036123 7.820485
-1.111604 9.079980
-0.979573 6.217769
-1.638381 7.213489
-0.761156 5.240179
-0.491204 5.923003
-0.140033 4.940599
5.619877 6.842874
2.465773 5.903431
1.578095 5.623534
-1.116592 7.967643
1.109301 5.808118
1.046370 4.605771
-0.054385 2.864290
-2.417400 7.890320
-1.877441 8.026528
0.638116 4.114860
4.080616 11.114173
4.436019 8.049599
6.375832 9.490517
4.595577 6.649181
2.514888 5.705745
1.133500 4.974698
0.680789 4.440871
0.732706 4.624311
-0.800206 5.170331
-0.688870 6.633718
-1.812441 6.532174
-0.137912 4.162663
0.276626 5.151170
0.407986 4.040765
0.108779 4.851599
-2.967807 7.627547
-4.672692 9.309150
-6.951743 7.747426
-2.728803 9.649386
-0.834063 7.755662
-1.648476 7.879677
-0.619263 5.635295
1.051060 5.865116
0.255740 5.891801
4.040682 5.724670
6.055647 7.109547
4.558074 5.297083
6.811533 5.277478
10.202773 3.446187
10.673084 -2.286947
16.067518 -3.452553
18.497280 -15.095964
