13.067049 12.718154
9.716928 11.881070
8.604260 10.915407
11.393341 12.860158
12.143845 14.019465
8.873065 10.682605
8.558475 4.932662
9.160583 3.397227
10.786091 4.952765
11.722946 7.581985
12.859432 7.488259
10.067891 2.319906
11.368698 4.750505
8.467895 5.272557
9.747395 4.066854
8.368127 3.128304
8.287727 5.499475
8.541077 5.000110
11.080259 4.457998
7.584687 3.843348
4.684629 3.278281
5.254075 9.172588
6.146533 7.664577
5.323552 8.275900
7.200177 2.985734
8.138043 3.754476
8.208073 4.405972
9.531144 5.550494
9.410334 1.922733
7.439497 2.346514
6.756895 3.448882
9.809896 4.148574
7.786490 4.172277
7.955260 3.391006
8.948702 4.159578
9.012161 3.687717
9.592317 1.919627
8.207274 1.914671
8.276106 2.792461
6.060469 5.095829
6.473495 7.059902
6.089222 8.680115
4.886516 8.241878
5.893914 7.776211
4.718255 5.854522
0.445058 4.491860
-2.120817 1.869605
-2.297311 0.054459
-3.489749 -3.715826
-12.265498 -6.411862
-12.787428 -7.469782
