2.994071 -18.689909
7.885700 -12.203825
7.666829 -4.813102
10.462238 4.571849
9.357358 4.344693
6.729391 4.555688
6.050830 2.919271
5.686074 2.813189
7.137279 5.619251
8.085910 5.064931
9.704241 4.663677
7.855504 4.622291
9.913657 5.201997
10.015012 5.169261
6.248698 4.918662
10.340982 4.835178
10.545101 4.409671
9.546222 4.174030
8.005947 3.527104
11.362094 2.962721
12.278869 6.581614
13.475581 10.863544
10.679141 10.951874
6.033977 11.324052
8.043769 11.717391
13.703547 12.936515
12.048982 8.774264
11.474989 17.372124
