-2.196335 -12.823662
-5.890866 -8.652649
-8.850487 -7.103107
-10.054779 -6.099793
-9.824350 -0.365296
-10.014582 2.002053
-11.078558 2.589024
-9.164217 2.031713
-9.411276 3.481359
-8.394958 2.339586
-6.624063 7.317299
-6.695539 8.413861
-5.601249 8.611443
-6.945390 9.002816
-5.605484 8.517131
-5.611745 7.353811
-6.307401 7.854081
-7.527945 7.318503
-9.754485 3.453638
-9.904327 2.837705
-5.834704 6.807164
-6.066169 8.745278
-10.182817 9.389447
-11.463701 13.900882
-8.475660 8.624417
-6.781100 8.280618
-4.316669 7.460172
-6.934201 6.928460
-8.153665 11.121301
-7.310669 9.129456
-7.883233 6.310915
-6.314519 6.381381
-7.434295 8.915309
-7.486055 6.141059
-7.509057 10.794452
-11.065121 11.042962
-9.938294 10.912362
-10.093118 9.212039
-7.039599 8.284348
-6.733620 7.852655
-6.250298 7.416610
-7.847320 8.538211
-4.975904 9.518834
-5.500108 6.616111
-6.925427 6.911173
-7.319631 6.466584
-6.361631 9.364177
-6.588826 8.246023
-7.481344 6.826098
-7.851453 8.099743
-7.661915 9.793671
-5.260286 9.136896
-12.036922 9.495679
-13.699380 11.657128
