-14.877919 -19.963392
-8.552106 -11.006957
-4.444986 -6.515230
-3.301285 -2.802965
-2.395097 -0.246193
-4.380905 0.861965
-3.121718 -2.110972
-4.182326 -1.439460
-3.304976 0.302109
-2.116735 1.119925
-1.226736 -0.413359
-2.099063 1.460409
-1.304196 4.882441
-0.453312 3.009110
-2.159546 2.212028
-1.723549 3.440248
-2.227299 6.434939
-3.291769 6.868918
-8.943104 9.301349
-11.384796 10.745549
-6.324605 8.100759
-7.786939 6.441374
-7.986485 8.885026
-7.236537 7.324696
-7.212255 8.564004
-4.330606 10.461943
-4.964128 9.603250
-1.655831 8.397667
-5.021065 7.420014
-7.400676 8.258726
-5.626163 6.848481
-5.887910 8.246993
-6.415746 6.670387
-7.927475 6.711783
-7.274067 7.591848
-7.174102 6.626491
-6.525041 6.579474
-7.611146 7.537559
-7.122880 7.982057
-7.412249 6.917327
-5.570779 9.008378
-9.117615 9.912910
-11.160986 10.982872
-11.096151 9.668998
-11.224626 10.041913
-0.477321 5.387473
-1.063564 3.499388
-11.154121 3.160576
-13.422229 6.886406
-16.542435 9.036973
-7.419178 7.187468
-6.816535 7.236206
-5.591417 7.071304
-8.675373 2.132307
-10.262163 3.452472
-10.495758 1.557523
-8.210725 2.583170
-8.758685 2.644455
-9.589038 1.497205
-8.645639 3.074572
-4.157652 7.128345
-4.609754 9.874350
-4.788537 10.793969
-4.577007 10.172093
-7.042404 10.786875
-7.777472 10.808599
-7.250881 6.647795
-7.201500 7.835868
-9.665574 8.903718
-10.797960 10.757877
-9.223722 8.955510
-10.454174 8.885159
-11.973956 10.818255
-12.041555 8.619697
-13.097567 3.377856
-12.013748 1.985909
-13.315530 5.543730
-13.006509 6.317736
-8.334373 11.549941
-9.503256 12.373453
-12.058769 9.939694
-11.281105 11.350712
-10.132371 10.655377
-11.595987 9.868179
-11.575092 10.206096
-15.061837 9.210120
-13.552309 6.607974
-14.015594 8.523505
-10.185205 9.265812
-15.011832 12.409692
-11.989645 8.781373
-12.322823 8.573779
-12.162074 9.158630
-11.035931 8.745522
-16.971464 11.087691
-11.977303 13.422248
-4.355899 12.470606
-4.289361 11.128163
-6.140958 8.825233
-6.962363 7.580551
-6.972508 8.088289
-6.897018 9.262750
-11.596375 8.615180
-14.832178 9.391416
-10.484196 8.711246
-12.737149 9.318563
-18.570711 10.765104
-14.553117 -0.761476
-9.600907 2.724436
-9.769128 1.713997
-12.284721 2.140449
-12.741575 1.577487
-10.882481 2.092810
-12.096733 9.101212
-13.939190 9.134238
-8.768188 10.378117
-10.697176 9.673623
-9.836187 9.523807
-7.280090 10.589272
-9.244884 10.639808
-9.932915 11.075216
-11.571000 8.660392
-10.137901 15.483347
-8.535722 9.923869
-6.325163 9.677776
-7.547544 8.233425
-5.660770 7.194136
-6.484609 10.763005
-2.558121 8.902417
-3.273526 8.078794
-6.211912 11.638017
-2.403663 16.362020
