17.769072 -12.052746
13.519637 -5.338564
12.612039 -7.326406
12.291661 -10.138988
7.653233 -5.816571
4.256056 -6.059601
0.795399 -1.366903
-3.507600 -0.250516
-2.876206 0.763577
-5.855444 0.784440
-4.169247 0.861543
-2.049762 0.901392
-2.047130 2.374160
-2.298399 4.803851
-2.234919 4.359020
-1.850784 4.491278
-2.174536 4.722938
-2.349149 2.373792
-0.339432 0.632306
-6.895463 1.270205
-5.950751 -0.031021
-8.318192 1.824530
-8.732906 3.835004
-8.196207 6.306852
-11.202785 4.724046
-8.259237 3.807272
-8.621975 5.079162
-8.377382 3.207681
-8.369658 5.974291
-8.066336 5.967696
-6.799217 9.213810
-5.573253 6.856021
-5.674938 7.249356
-2.185481 8.590197
-1.250033 7.652949
-1.944424 6.990422
-1.929558 4.606442
-0.990272 3.640054
-1.993035 3.368268
-1.810878 1.855142
-0.235240 3.497490
-1.934992 4.995362
-1.018393 5.159961
-3.960888 7.578917
-2.788751 6.322606
-3.711317 7.757691
-3.255715 6.379477
-5.575933 6.540955
-8.549894 7.020654
-13.233358 11.217438
