6.574054 12.874311
5.194678 12.104684
5.664018 13.922457
5.706785 12.067554
7.733588 12.918920
7.418283 11.311281
1.348456 9.981397
1.086609 9.762948
1.811143 9.680264
-2.319030 10.860269
-1.023613 7.859165
1.762742 7.890460
-2.709872 13.062858
-3.474435 15.317456
-4.154135 11.052255
-4.287086 11.874027
-0.373851 10.714439
0.759332 10.140029
-0.334430 10.187530
-3.966044 11.645414
-1.069827 13.726045
-2.179352 8.298185
-1.066904 10.180835
4.910391 9.211210
5.958692 13.281685
5.742722 11.844090
8.589318 8.186982
2.749612 9.378680
2.088236 10.486483
2.970019 8.691258
3.726865 10.453780
6.855614 12.251684
6.654325 14.178353
6.162094 10.255361
3.015377 10.564755
1.417667 10.389773
8.277638 9.212168
8.548738 12.054289
7.250165 9.590700
5.567349 11.843317
7.482416 14.366397
8.013891 12.983058
6.616185 12.295917
5.746642 14.705937
6.530604 9.953499
3.445506 6.856180
4.987410 11.310048
1.370904 10.262489
-1.286440 10.289640
-0.821054 9.964071
2.633438 10.272376
-3.344392 9.817560
-2.042141 12.811258
-7.019468 11.378066
-7.776622 11.486775
-4.566496 13.692315
3.952776 18.580723
7.806159 16.132421
6.433060 10.058083
-2.193138 14.365419
1.026576 16.825706
-1.506781 15.964221
