-7.603145 10.558965
-5.634415 9.921234
-0.797026 7.176089
1.365187 -8.960361
1.213960 -8.088548
0.065927 -10.051490
-0.707929 -10.488482
-0.042520 -10.939315
1.938008 -9.999671
1.088656 -8.654172
2.002234 -6.436081
7.534482 -8.178015
5.670420 -6.529001
5.301586 -5.583735
2.977875 -7.586986
4.189999 -7.865345
5.991403 -8.099545
1.519209 -7.777449
2.404602 -9.897870
1.603158 -10.007583
1.953003 -10.380233
1.422644 -9.275349
2.683122 -9.745435
2.356596 -10.604224
0.817248 -10.917754
1.981672 -10.146300
2.812299 -8.980592
2.677118 -9.789720
1.206569 -9.254003
2.365790 -9.726029
2.393965 -7.706602
5.686947 -7.554574
7.721476 -8.069183
8.788054 -8.484861
10.396053 -15.004327
8.840590 -13.252012
7.920089 -11.038728
8.102623 -11.035161
8.130559 -12.894301
9.904534 -11.159570
11.392954 -11.226302
13.949980 -9.879345
8.588100 -12.446718
6.252378 -14.035127
7.882118 -12.665168
8.255026 -13.066461
6.232308 -13.728101
-1.093602 -10.434777
1.304128 -10.147006
1.053076 -10.535948
1.171709 -11.505106
0.475546 -13.385970
1.860233 -13.178728
3.593520 -13.406920
6.400059 -13.301607
7.095012 -17.859367
4.871507 -13.922627
7.632357 -13.312277
9.266720 -15.123549
3.704465 -13.993223
2.604929 -9.294333
4.821435 -6.839004
2.625311 -10.507681
1.382394 -11.237375
2.038541 -11.082124
7.950013 -10.516263
4.869046 -6.619545
5.669288 -5.853989
4.960697 -8.151835
2.987919 -6.665050
2.318859 -5.729191
2.788726 -8.890830
2.013248 -8.991446
1.449654 -9.972238
3.752184 -7.959005
2.365730 -7.013513
3.997097 -5.628272
5.522188 -5.378734
3.569629 -7.260647
3.878130 -2.925907
3.745867 -4.075511
11.043921 -4.060617
8.563715 -5.864985
7.684600 -5.899794
8.578990 -6.751631
4.207202 -5.175638
11.002741 2.228869
7.576205 4.759579
10.989890 1.406388
2.680637 -7.545640
5.416188 -6.780685
8.041037 -8.849216
7.861693 -10.034207
4.053102 -7.133957
4.329245 -6.111760
5.712585 -7.984247
6.747747 -8.159658
4.940349 -7.654572
6.245952 -8.095791
7.078930 -7.713402
9.227736 -8.425558
8.698690 -10.062325
8.727930 -12.839121
7.970180 -10.869349
10.157276 -10.501758
10.483359 -10.316635
10.708537 -10.689735
6.612039 -6.865657
2.088933 -9.785232
2.789385 -9.151588
6.016150 -7.869559
4.719389 -6.958098
0.955251 -8.478694
2.121964 -6.460569
2.400900 -10.742936
-0.663785 -11.897078
1.970083 -10.566409
2.262610 -12.057611
-1.621813 -11.969740
-2.749489 -10.703850
-0.024944 -13.637437
5.008364 -13.709903
7.856660 -14.198451
7.479244 -13.476104
1.358614 -13.665898
2.006369 -10.665377
0.960728 -11.293796
2.692171 -9.132879
2.331888 -5.731824
3.255716 -5.767874
6.380573 -5.306341
7.336199 -7.377990
7.152631 -7.299070
6.365166 -8.031006
7.017418 -6.957076
9.013003 -7.148318
8.578076 -13.859010
7.408756 -14.599131
8.787037 -13.705899
10.175005 -7.364143
8.151419 -16.082613
6.049688 -14.203774
3.781267 -14.879834
8.170988 -13.463109
8.030892 -9.550035
7.105341 -7.342596
4.064275 -5.313694
3.018521 -3.638063
5.217622 -7.807063
7.317671 -7.295957
10.042444 -7.091293
7.227077 -8.124713
1.236715 -10.233535
0.041076 -10.388051
-0.197607 -11.983758
-0.225903 -11.352766
2.424219 -11.540517
4.540597 -7.939455
4.736279 -6.990798
4.404943 -5.124976
4.934291 -5.633105
2.298259 -9.701400
3.325363 -13.871222
3.026526 -13.774048
4.508439 -13.748539
7.862102 -12.589655
8.053101 -13.619617
7.468359 -13.803477
0.678881 -10.962142
1.483477 -11.192657
2.800132 -10.582556
-0.075564 -12.136526
2.421979 -11.928875
0.849156 -11.583339
3.763718 -6.347117
1.289089 -8.180204
4.140167 -7.926280
3.363585 -6.471995
5.936802 -7.616693
4.733033 -6.758553
7.688680 -7.791010
11.702629 -11.380170
8.005333 -12.818661
9.316032 -14.321563
9.206061 -9.122129
8.002624 -11.181980
8.655074 -11.539186
10.309746 -9.293303
6.717880 -7.483246
7.186986 -7.374864
4.937880 -6.882200
3.468892 -7.214121
1.961129 -9.108049
1.655619 -12.273561
-0.516946 -12.681718
5.589368 -14.202064
7.828646 -15.461323
9.031451 -11.013057
14.066317 -14.033943
14.957144 -12.245758
11.134912 -9.767950
7.341051 -7.625106
11.305510 -11.227517
10.623734 -12.076984
9.944632 -9.414407
8.189820 -8.057076
6.055704 -7.359405
2.111313 -8.378899
2.159096 -8.494206
2.176797 -8.903836
0.547730 -6.391412
1.886462 -9.891578
2.563860 -5.042771
3.358036 -8.103141
3.938170 -7.804317
-1.363710 -8.185597
0.914773 -7.714984
2.560337 -8.469579
0.405316 -9.867440
-1.299237 -10.079869
1.035050 -12.793809
2.414527 -8.759841
2.174182 -8.590055
1.292963 -8.673178
2.676852 -4.706801
8.776517 -6.476606
7.041157 -7.247574
9.324132 -5.898054
6.710918 -6.075707
8.909115 -10.216388
8.304884 -8.714606
9.036039 -9.281500
5.114738 -7.881522
1.509447 -6.709982
2.220028 -8.728798
8.063952 -13.213286
6.144423 -13.563037
9.665085 -12.934915
11.398839 -14.587579
6.503924 -15.581262
5.498581 -14.869595
7.927745 -14.968719
8.624951 -9.498855
8.649280 -7.889661
6.123593 -7.682640
2.651280 -7.514058
2.237829 -10.425873
2.137723 -9.652831
2.017958 -9.334157
2.898860 -7.927427
6.512558 -7.906749
5.678988 -7.267806
4.683317 -3.125392
3.862001 -5.608685
4.134057 -3.741879
3.953466 -4.624725
6.120348 -6.058676
4.838952 -6.051676
-0.322089 -7.737820
2.834577 -9.424093
1.577743 -9.704406
2.836469 -11.264393
0.951338 -9.252405
2.367279 -11.379489
6.484637 -5.877555
6.570958 -5.695289
7.552253 -6.083538
8.391151 -7.895162
8.080281 -10.006584
8.558378 -14.718478
5.143953 -13.390960
11.648232 -15.477361
8.323420 -10.229200
8.347631 -6.106624
8.764706 -13.527336
7.430424 -13.344173
9.885152 -13.943594
7.847900 -9.034544
8.489729 -9.920053
9.317329 -8.699088
13.095582 -9.586034
10.210577 -10.173469
7.190093 -5.477025
6.586970 -7.099127
5.200181 -6.205543
5.017150 -6.337392
7.208527 -8.177083
4.623235 -7.808112
1.233460 -10.410098
0.548628 -11.229445
2.112879 -10.421779
0.948938 -10.431751
-0.126395 -12.169614
5.000660 -7.180027
6.460817 -6.236283
8.418205 -11.352284
7.870018 -14.060311
7.082371 -14.126630
3.901345 -14.147443
1.938177 -14.158707
0.959223 -11.800361
2.157883 -9.584100
1.605112 -9.864074
2.921670 -7.625872
5.951327 -7.431541
7.931179 -6.670277
8.962415 -9.389731
16.007212 -19.470371
12.163628 -15.015572
6.462324 -13.951596
-0.385885 -8.873702
-0.175073 -11.627128
-0.355526 -11.816340
1.257127 -10.095221
0.444607 -12.517085
0.736542 -8.215965
5.776711 -7.581938
4.753501 -7.577968
3.776460 -7.674446
4.562273 -7.924788
5.923824 -6.379515
5.574300 -6.435534
5.524880 -13.553855
12.715067 -17.706490
10.621408 -12.925682
8.575247 -8.956200
1.785483 -11.114324
2.679694 -10.585580
1.088307 -11.137769
-0.193553 -8.842760
2.524012 -9.069188
2.554005 -8.986968
3.645858 -5.981188
6.291299 -8.018539
4.647998 -6.437555
3.512857 -6.777824
0.656903 -10.855773
-1.174763 -13.489341
-0.182921 -11.934562
1.289841 -11.742836
0.774183 -10.171004
5.626063 -5.359011
4.114924 -5.110829
2.588980 -9.739876
1.450661 -12.832091
4.819917 -7.207866
2.672362 -8.907411
7.859868 -8.299508
8.208804 -8.683653
10.521315 -9.389683
16.184658 -16.041754
12.040695 -10.603875
5.966747 -7.943197
2.359030 -9.875154
1.038076 -14.565204
8.004692 -13.803050
6.295720 -14.206851
6.034710 -15.759404
8.063846 -16.421875
5.850841 -14.807839
11.377340 -11.731084
9.335300 -7.232098
8.022154 -10.481256
8.202672 -11.101962
8.525532 -8.874261
10.937632 -13.265273
12.287090 -7.697304
4.924969 -6.740032
4.543239 -6.102174
5.046616 -5.446548
2.636606 -3.251152
2.505443 -9.345117
1.269482 -10.968665
1.840635 -12.277688
1.809306 -9.680007
2.059967 -9.995362
1.018181 -8.999570
4.640476 -6.489560
3.902781 -7.474999
6.079246 -7.457192
4.524470 -8.074053
5.320656 -7.915102
5.635531 -5.759463
8.424003 -6.650920
11.433929 -10.328744
10.679863 -15.315586
4.623987 -13.599276
2.687209 -14.162671
1.904493 -10.259491
2.767940 -6.861576
4.787508 -7.989521
4.995872 -8.174357
3.908242 -3.937319
3.554833 -2.878788
4.114138 -4.868787
5.449247 -3.934829
3.892057 -8.014811
-0.347670 -7.856183
0.181813 -9.394820
2.771550 -10.276246
1.892952 -10.140901
3.502698 -6.379992
6.333620 -7.922643
4.971122 -7.980593
4.542039 -7.215689
8.469041 -8.233851
8.408090 -11.686208
8.598009 -10.580644
8.294986 -10.919692
8.258890 -8.869339
11.106702 -8.765951
6.937796 -7.535897
6.139446 -7.257735
4.572855 -8.144784
6.979313 -6.981427
4.881298 -7.708943
5.612345 -7.343531
2.887139 -7.078007
2.177362 -11.627788
2.834353 -10.207873
1.982592 -7.873972
3.505997 -8.059517
4.416801 -7.426914
1.565025 -7.656514
1.034175 -9.449666
1.996673 -11.435015
1.711288 -12.050088
2.154837 -12.778115
8.680248 -7.637012
8.813064 -10.479782
4.175780 -7.836079
2.324723 -5.102475
2.775039 -10.270452
2.053543 -10.098929
5.537843 -13.394209
8.073901 -9.191094
7.877485 -11.992595
8.082525 -11.368596
9.638918 -11.187687
10.788706 -6.584304
5.257960 -7.729872
1.525224 -6.591875
5.279318 -7.576731
4.245841 -6.230419
-0.170504 -10.739819
1.817672 -9.666667
2.498679 -8.394382
2.171914 -10.082438
2.758298 -10.179808
2.315470 -7.373471
2.963583 -6.151659
4.476217 -6.199111
8.271331 -7.020505
4.927295 -7.921535
5.672704 -6.029463
2.363730 -8.064325
-1.640863 -10.169312
-2.148087 -5.798872
0.607639 -7.230961
-1.733346 -12.367011
3.498204 -13.546000
5.243335 -6.288757
7.595132 -7.401243
8.246985 -9.639292
11.612566 -12.467216
11.050417 -11.976051
9.560481 -12.383679
9.692055 -11.928873
8.521882 -11.136474
10.660350 -7.446351
2.160625 -7.457860
1.306619 -8.557303
0.967585 -8.226085
0.573277 -9.532103
2.590793 -9.362684
1.855633 -8.043355
5.132943 -7.952678
6.733727 -5.782579
11.225499 -12.644317
7.930970 -10.438706
7.263637 -16.965622
0.930686 -13.230526
1.243738 -12.238332
1.162658 -11.561107
2.002548 -10.868933
0.373300 -9.152472
1.100479 -8.522213
3.464571 -5.772718
5.933703 -7.681643
7.120907 -6.738910
4.779068 -5.236893
5.374848 -4.031617
4.730261 0.965255
5.012598 2.788895
7.772491 2.784377
7.121477 0.412088
7.363228 0.189344
4.869229 0.437212
5.471683 -1.838945
5.302734 1.736538
4.924518 -0.075000
2.978443 -1.247982
3.896090 -2.649313
4.873556 -6.904508
7.651662 -7.739226
0.536340 -8.206426
0.600477 -8.766561
7.843804 -8.546576
11.057298 -10.111459
7.577284 -7.735290
9.224705 -7.376585
8.114614 -11.316495
7.796086 -15.712446
8.214198 -10.715358
8.846344 -7.668700
7.246196 -7.721053
6.160580 -8.064517
3.921704 -7.889600
7.018079 -6.728260
10.145982 -11.636368
7.172059 -13.693719
9.343481 -14.564538
8.079071 -12.234044
2.694574 -8.211993
1.858163 -9.444666
4.303851 -8.187213
1.169217 -9.068865
1.129698 -8.920985
8.036147 -12.072289
11.567151 -13.058475
3.833043 -7.394965
5.029305 -7.011056
2.153586 -9.950370
1.296543 -9.146583
1.033843 -10.753097
0.400679 -11.733313
2.344882 -12.080216
5.674599 -13.522126
5.511245 -13.406806
2.203973 -13.274244
1.171994 -8.795297
1.685917 -10.856976
0.218618 -10.199969
1.790156 -9.645982
1.330625 -8.736629
2.763665 -9.410602
1.716417 -11.867163
2.115062 -11.726409
2.735310 -9.058987
1.350653 -9.202299
-1.918572 -13.958255
2.775881 -11.543371
1.351002 -10.540975
1.633948 -9.786509
2.492920 -11.192850
0.761862 -8.155615
4.794291 -7.235626
1.635716 -7.105479
0.982513 -9.557813
1.876878 -8.518971
3.258798 -7.992591
0.841964 -7.864931
4.125126 -7.246614
3.500038 -4.873972
2.475144 -6.412669
2.605894 -9.079556
2.308990 -6.518902
7.632437 -7.370379
8.831005 -12.092249
7.893953 -11.695492
8.435740 -8.645762
8.004178 -9.083429
11.018551 -4.567266
12.097755 -9.713744
9.505024 -10.618486
9.513241 -6.246751
6.952643 -5.766612
10.130817 3.422845
7.905304 4.300794
9.384425 4.445535
5.427720 -1.603991
4.363350 -2.584048
3.959337 -3.508678
3.245950 -3.746698
3.322093 -3.908655
4.738963 -2.013162
5.173428 0.000273
7.596571 1.542478
11.467463 3.501803
10.430841 2.081700
7.186515 1.349278
6.721283 0.506181
7.164973 1.314415
8.919806 2.272247
12.002907 2.661533
10.994842 3.078544
11.751848 2.130924
12.935069 2.690689
12.037404 1.782485
12.728903 1.253702
12.925169 0.135476
13.122438 -4.248524
11.739475 -5.778220
11.757004 -4.448444
10.049140 -5.603271
9.038021 -9.617629
9.490179 -5.315405
4.668489 -6.850858
4.966973 -4.361990
3.351549 -7.562815
0.437089 -9.337297
2.445920 -10.067611
2.055668 -9.877527
2.106895 -9.698435
1.044431 -8.414245
3.175581 -8.049121
2.653595 -7.692341
2.705515 -8.372882
1.103577 -10.722452
-0.174953 -9.039959
0.918229 -5.771164
2.056186 -10.114233
1.838863 -9.953315
-0.348471 -7.952105
2.751107 -6.707730
6.712486 -6.532062
9.460176 -6.504660
9.480976 -11.507909
9.318064 -11.843530
9.241485 -11.373590
7.070737 -7.619723
10.279293 -8.768407
4.049459 -6.401809
3.580293 -6.106904
5.545363 -7.238601
7.033166 -6.763642
8.339585 -8.730546
8.171377 -9.416690
2.470805 -8.147181
3.982290 -6.984291
2.115331 -7.459758
4.865349 -7.346772
1.536266 -8.097501
2.589873 -8.624464
4.223037 -3.617452
3.025551 -7.047038
5.068781 -6.175668
5.843778 -6.820034
7.524037 -5.293570
2.531243 -7.739273
2.909193 -6.855066
5.144695 -7.837605
4.653001 -8.156745
3.039845 -6.672326
0.960796 -8.409242
2.694732 -9.842484
2.764486 -14.489326
4.226840 -17.559488
3.988239 -14.048352
11.052068 -15.404576
9.074528 -12.000493
7.922787 -8.562991
7.992013 -10.290179
9.656295 -11.830588
8.170431 -10.200082
8.763577 -9.138530
10.628189 -14.973502
11.016737 -11.885031
2.400215 -10.392440
-0.003093 -11.858074
-0.802315 -10.793015
8.036217 -11.807826
2.301640 -10.829796
1.239750 -10.767871
-0.105415 -11.391032
1.000248 -14.203092
2.685225 -9.600011
1.476728 -11.052754
0.661701 -10.892426
2.311227 -9.208599
2.315414 -9.447828
2.105394 -8.921174
3.167578 -7.983917
5.573383 -7.652741
6.964370 -6.342204
8.737482 -6.262651
8.457859 -10.657509
10.216568 -8.884806
7.290542 -14.234727
2.789392 -14.080133
2.796932 -11.514024
0.668333 -9.518773
2.719771 -8.154182
1.201311 -7.990256
3.625479 -5.817400
6.587361 -7.509607
9.797930 -10.540069
9.415880 -11.498417
8.616676 -10.788420
9.519786 -9.423281
8.856451 -10.653825
8.375698 -8.124701
1.147114 -13.513139
0.655161 -12.756814
-0.958213 -11.108509
8.284110 -11.956777
3.220485 -14.222762
8.367344 -13.124965
8.280478 -14.703837
4.367853 -13.743874
8.378661 -17.776024
2.671701 -14.115417
9.002422 -13.580956
7.998381 -11.256819
10.274666 -16.396824
8.273840 -9.123432
8.713154 -10.110082
1.546654 -7.339793
2.677781 -10.679068
1.364673 -10.614573
1.264747 -10.343464
2.836698 -8.553256
2.588101 -13.072579
9.362680 -8.448764
7.482307 -8.026777
11.362298 -9.467950
8.525279 -10.281141
8.244702 -10.494555
8.374804 -8.860700
8.090674 -11.302136
8.070235 -6.695805
2.808080 -7.895659
2.033540 -8.976764
2.066387 -10.706386
2.452481 -10.774180
2.754223 -9.903097
2.725320 -8.952550
2.057834 -12.132622
4.395391 -16.537930
1.080845 -13.321685
9.997803 -13.841525
7.890860 -8.286120
10.406885 -11.628772
5.971315 -5.626062
4.410144 -6.607616
5.234663 -8.101984
2.191266 -7.518752
1.808832 -8.943556
-0.439591 -12.770037
3.256133 -13.642198
-1.906826 -11.690280
-2.014041 -13.338331
1.611001 -10.516466
5.224072 -13.501707
5.786736 -15.167798
8.391912 -12.071714
8.228197 -8.351694
7.885414 -5.471467
5.941365 -7.903715
1.227138 -5.199493
0.035067 -9.709099
1.219357 -9.571929
0.003462 -9.596858
1.962603 -9.747405
1.755196 -11.223429
1.101166 -9.294094
2.353448 -10.468394
2.132576 -7.775582
3.147633 -7.029669
4.810641 -6.436618
9.055567 -8.819571
9.978108 -10.082931
8.363193 -10.272002
8.982296 -9.399120
9.165808 -10.825746
8.066478 -8.847574
7.984761 -10.603137
9.261448 -8.714166
5.245501 -6.984097
1.565766 -9.411941
2.803550 -8.242442
2.206220 -9.364072
2.723796 -9.049543
-0.373320 -11.663198
1.270888 -6.678433
3.600744 -7.773511
1.968038 -6.132223
1.399721 -11.927519
4.446278 -6.540810
4.373011 -3.351530
8.723101 -9.522295
9.039822 -10.563552
8.566681 -8.800543
10.433671 -10.829708
8.759043 -12.266108
8.761307 -12.235224
8.282104 -9.408245
9.763732 -13.253202
9.161271 -9.849011
8.957261 -8.309278
6.456347 -8.050714
7.131088 -8.100507
9.739114 -6.538138
8.374132 -12.000726
8.563706 -9.666249
10.081962 -11.735843
9.722389 -14.570680
6.104265 -13.255835
7.136808 -14.588781
5.455889 -14.339922
4.574549 -14.279300
3.215421 -13.828450
9.628653 -10.374136
8.942256 -7.978107
7.284425 -8.058427
3.385932 -8.157446
5.027297 -6.989873
6.063652 -7.086032
5.803857 -6.205811
5.110332 -7.653573
4.450110 -4.175435
1.768989 -8.334649
2.500544 -10.036513
2.288161 -8.990624
2.770678 -11.704934
-0.556473 -9.874893
1.761617 -3.150952
2.694711 -10.099626
-0.090136 -6.353223
0.570328 -9.938156
2.750147 -8.204892
7.061213 -5.699656
7.902379 -7.784051
8.299089 -8.616039
9.674948 -8.363319
8.810984 -9.676028
8.930821 -9.976599
7.974111 -9.913525
10.134104 -14.227886
4.613373 -16.241934
4.481567 -13.336171
7.122105 -15.525417
