-5.675005 -11.540400
-2.988202 -6.568175
-3.316075 -3.580232
-3.447736 -2.185251
-5.015592 -0.175950
-4.138937 -0.461039
-4.689167 1.214600
-2.379246 -1.201149
-2.184798 1.525354
-2.374259 2.043094
-0.982663 0.203026
-2.362053 3.913429
-2.079599 5.859735
-1.918111 5.503579
-2.428997 5.919443
-1.179717 2.236380
-0.847340 2.434118
-1.308511 1.353087
-1.466308 5.596804
-3.399973 8.268838
-3.436700 7.212101
-5.030023 7.717262
-4.008315 7.061150
-3.798190 7.362586
-3.980161 6.462510
-3.448709 8.542570
