15.300056 0.657248
11.542894 2.850241
9.296000 2.266231
7.654387 2.753357
8.146873 4.295240
6.620947 4.376819
4.701739 7.066984
6.363298 9.940045
5.303289 12.539225
7.750131 11.278440
7.619204 12.060468
8.312967 12.304388
8.167921 11.461724
8.086602 3.953181
7.048585 2.105340
9.214588 4.167160
4.607531 6.325015
7.346122 5.612249
7.895170 5.623935
6.964367 3.880790
4.780094 5.363636
6.494107 6.762950
5.459245 7.096692
6.210694 6.184999
5.261978 5.649283
6.124864 9.073083
5.255535 9.244020
5.305817 9.222733
5.134263 9.301275
5.803291 11.364762
5.942312 11.449474
5.598741 8.518975
4.624865 6.756292
4.346398 10.524600
5.724240 8.237731
5.320695 9.130852
3.296664 3.568952
4.907297 4.858406
2.634480 2.974004
0.907552 3.611902
0.775232 4.776488
-0.406218 4.992535
-3.385962 13.800338
-0.927155 17.701881
2.208351 16.845043
1.618313 16.572069
3.704545 17.317902
-0.298585 18.294664
