13.953382 17.596146
9.301996 12.429217
8.023374 12.370187
9.838174 10.946605
10.521849 10.952296
9.564677 4.578849
9.165707 2.944115
6.292085 3.006931
8.368824 4.830269
9.170584 4.494771
8.856211 3.821162
8.358047 4.429305
7.347943 1.081615
7.671849 2.992331
8.008278 2.245115
8.401794 2.511445
9.390554 3.047537
10.731843 3.407796
12.038322 3.313254
12.025227 3.598164
9.583430 3.046056
9.291154 5.525307
9.002837 5.188602
9.505966 5.571369
9.157380 4.367252
9.350826 3.322846
10.544666 1.950122
6.893656 3.866093
11.726763 9.021451
15.604737 10.287776
19.070347 6.379991
14.899802 9.819473
15.519485 5.182139
18.300919 4.385121
11.980371 2.989037
11.215062 3.440702
13.712960 1.978808
11.514099 3.057437
13.635728 2.323003
10.688611 2.023904
10.522656 2.816392
9.014728 2.040439
8.815342 2.032452
9.954983 1.525398
7.301352 0.301058
5.034561 -5.416960
6.722083 -13.425725
9.417789 -7.902558
6.987763 -9.176799
5.401195 -8.573995
13.450803 -9.220579
12.478790 -6.057971
11.315691 -6.836368
11.445805 -5.784761
10.706775 -11.085252
7.139072 -8.165137
7.775608 -8.509446
7.426768 -10.130799
10.318187 -9.208230
8.432257 -8.932220
8.069403 -9.680302
6.331976 -8.846053
3.824555 -7.459219
1.710742 -8.402388
5.036391 -8.559665
7.174786 -8.626919
9.178814 -9.204859
8.551097 -10.932638
12.710054 -6.166143
12.331925 -9.887294
14.501167 -5.856072
11.839766 -7.095339
11.224184 -8.060058
5.960830 -7.912895
5.425010 -2.892843
7.243638 -0.003841
3.389444 -0.475507
11.176338 3.741524
14.844933 3.693218
10.930207 2.915428
8.262004 3.569911
9.493954 3.464774
9.509001 5.284360
9.104501 4.319080
7.386238 3.925871
8.282930 2.369038
10.833293 3.234812
7.892581 4.643634
9.576686 4.485839
4.921848 5.252879
5.415098 8.048182
4.863333 4.772835
6.963164 5.132154
7.100400 4.485030
8.100768 4.289789
7.535016 5.155258
9.257889 5.135367
7.582590 4.797362
5.470293 4.162169
8.205029 4.820356
8.542980 4.102376
7.460682 4.229466
9.622705 1.532812
4.453467 2.850383
7.505231 2.534701
6.460477 2.619787
9.004010 1.967584
8.684185 2.102025
12.252208 3.334448
15.241367 6.954448
16.541725 3.645665
15.704141 7.107454
11.024374 2.855237
13.327078 2.685742
9.248966 2.168280
10.334203 3.252582
3.493085 3.920243
8.051896 4.099418
9.682865 3.367983
7.542377 3.976304
8.554249 2.451686
13.739721 2.266913
16.214750 4.954695
15.428684 2.827613
10.772804 1.958229
10.801666 3.768316
9.110557 2.111009
9.411444 5.003487
8.585979 2.472234
5.380958 2.194753
7.395680 1.340838
5.766718 1.197059
6.363938 -0.988521
7.332698 -2.750466
6.598182 -0.946341
4.324256 -3.224749
4.575420 -8.311290
9.427289 -8.571061
10.064845 -9.297492
15.502441 -12.000449
9.827248 -9.062688
8.639609 -9.168576
5.977208 -4.017904
4.976092 -1.920483
7.468406 -2.227199
7.254667 1.143085
6.242964 -2.444935
6.783652 0.941239
8.211104 1.635576
9.500500 2.555321
12.772939 3.637262
7.839899 3.628441
6.517050 2.467427
5.549435 0.727384
7.861479 4.864428
7.154018 -0.351220
7.462334 -2.150701
6.478262 -2.116921
7.059584 0.306203
6.052073 0.797411
7.528058 1.899673
11.730090 2.487311
11.005809 1.615765
11.683883 3.368971
13.450288 2.553889
17.735144 0.606900
14.006748 1.582249
16.162085 7.144670
17.117193 10.989814
14.331287 8.907660
12.537761 9.999333
14.693297 9.847121
15.838617 8.296159
14.988992 4.300623
13.975046 3.282198
13.164774 2.052235
14.374786 2.105526
13.704812 1.854826
9.866286 2.778295
7.676780 2.050272
9.375748 3.577820
8.941150 2.666035
9.119308 2.693239
8.649128 4.608858
9.853780 3.198405
9.192180 2.154413
11.390812 3.480509
10.655484 10.714784
10.114322 13.514314
9.495270 11.553288
9.598768 12.215239
9.017246 11.575314
8.716020 10.910577
12.389145 12.362183
10.532065 12.138574
8.805450 12.164012
7.073024 4.393919
6.449259 4.893899
1.526100 4.541008
0.572343 4.187964
0.904584 5.866371
-0.553056 4.910275
-1.186225 5.004489
2.077129 3.628904
-0.146693 5.467057
8.984690 5.413970
5.047143 7.956836
3.969211 4.975689
2.025255 5.072716
6.262351 6.778409
5.877394 6.758702
4.692033 7.433340
5.938282 7.855210
5.428637 4.799977
6.296648 1.941741
6.988743 5.120831
6.708429 3.806168
9.043479 3.873055
10.368324 2.870928
8.876657 3.475699
10.355847 3.561693
9.505977 3.477950
8.945508 3.003695
10.748050 3.512405
16.606266 8.719090
19.850805 6.418892
15.859133 8.352671
15.841937 8.559369
12.490767 9.817595
18.446304 11.337202
15.914283 8.420272
15.423159 7.440022
16.500999 6.790911
14.363401 -2.144375
11.508998 2.233576
10.267931 3.278322
9.827601 4.342036
5.360836 2.207327
8.780888 3.621304
10.664714 2.015117
9.198943 4.818078
6.374785 3.554154
9.186275 3.198802
12.117553 2.618766
9.504576 2.669672
12.834954 3.380701
10.903609 2.668708
11.729577 2.168709
7.844006 3.504404
8.307665 1.615512
8.674720 2.196959
10.234387 3.087243
11.806693 2.647139
15.786056 8.156308
17.058384 9.127046
14.993175 6.739730
16.245020 7.157287
11.991828 3.246356
12.744816 3.165346
13.749889 3.111960
16.229813 11.415893
16.353575 11.927737
10.081146 11.105968
10.534107 11.605265
11.735855 10.567074
7.738438 4.131070
5.628310 5.714962
9.068216 5.212458
8.606577 5.188683
5.356940 4.353678
3.471773 4.700138
3.477810 3.162465
5.651533 4.275916
6.918167 11.344320
11.545939 12.396424
8.950459 13.526803
12.120114 10.715264
13.451565 8.874549
9.699293 5.511996
9.056908 5.435358
9.243034 10.718041
5.762876 5.482601
11.098348 2.522959
9.318749 1.502764
10.943039 3.295287
13.696809 8.838923
10.537608 11.346677
6.258510 8.966749
9.916263 10.756541
8.585459 4.745724
8.161523 4.727791
4.575974 6.005722
6.455339 8.181233
5.294563 6.466689
7.200121 5.092815
7.079370 4.564779
7.596329 3.750718
9.750908 4.552534
9.687906 1.701356
10.545892 3.438987
9.042218 4.228483
7.698767 5.326680
9.734247 4.800851
9.046604 4.433839
10.105908 2.159418
8.862379 3.258502
9.519854 5.340666
7.392792 5.585186
11.984219 9.203305
8.726239 5.001476
8.989993 2.788551
6.332368 5.103850
6.866995 5.153917
8.181404 5.098759
8.617090 3.985450
9.557241 5.016571
8.111770 4.898027
8.273630 3.918280
9.610660 4.569884
8.901661 3.898226
7.729819 5.131981
9.721004 3.775551
12.252097 3.397343
9.196509 2.893362
9.044134 4.709402
9.486515 5.414234
9.208504 4.473695
6.065089 6.118172
9.774783 4.794964
7.142908 5.505119
9.800941 11.201126
8.861938 5.618311
7.170366 4.448125
8.154119 3.985249
6.183643 7.529750
5.612334 6.925796
11.334126 3.698419
10.128681 3.482552
9.651126 3.926284
10.947049 3.072934
12.151056 3.694661
9.874439 3.670170
7.515954 3.812747
7.983359 3.581962
6.865307 5.531941
6.454957 7.127118
6.160553 9.308259
7.805062 4.575188
9.726612 5.169630
12.415320 1.279499
4.407332 1.946952
4.867033 2.002439
9.410434 5.153220
9.816442 5.359764
10.806936 12.197283
16.348064 11.862088
13.333525 8.857987
15.589468 9.215235
17.501551 7.112982
16.966213 5.539052
15.292387 5.267670
9.059114 1.813300
10.092591 3.255464
13.993256 2.019942
13.721910 -0.207516
13.014127 2.237659
12.173322 2.800611
12.404541 3.539305
12.303658 1.975199
13.680529 0.690921
17.345863 9.029712
15.980825 7.246679
15.810351 11.071311
13.909823 10.060561
11.953776 10.361915
14.578185 11.207196
13.534223 9.977306
13.537504 10.870309
14.112474 9.442391
18.523935 11.219983
15.007185 7.870078
15.434064 2.597382
13.652675 0.839184
16.874765 3.637792
15.537711 7.719405
14.928072 7.970924
17.146709 15.076127
14.641483 9.314218
11.733948 10.137493
6.240189 4.414038
6.168544 5.868080
6.039232 3.523482
6.071949 4.137920
5.386812 7.301294
5.155719 8.519603
4.967822 6.896926
5.663831 7.637795
5.199746 4.648887
8.813877 3.299792
10.127419 2.917969
11.461650 3.453510
13.118492 2.421567
13.489199 3.523404
9.526604 4.189389
6.782935 5.518134
8.964515 5.508387
7.386743 5.504086
13.378044 1.037939
15.714024 -1.462619
16.238140 -4.271051
16.236183 -0.005539
15.368173 2.444149
12.290750 1.321652
11.098014 1.821442
8.241793 5.502767
9.206226 3.519011
9.136036 4.611173
7.421586 1.916802
11.348165 3.751719
8.076750 3.608564
10.340028 3.731555
9.944757 2.385920
10.916602 1.559113
12.242757 1.501641
13.878398 0.033928
17.024841 7.349014
12.299825 11.963060
10.734987 12.407851
8.905628 13.720879
12.743330 9.245530
14.111166 10.183047
11.941441 9.284642
11.800479 11.354028
11.650653 8.829417
5.224237 6.006811
6.399390 9.270254
9.827536 5.138368
10.698913 3.404225
9.709392 4.514857
7.025451 3.090390
5.931002 5.005049
9.452783 3.018611
10.029876 3.480967
9.746342 2.465248
7.313455 1.669451
6.885354 2.622897
13.053308 2.042228
11.730296 1.982568
10.352031 2.903529
16.287481 3.992203
15.993025 5.097351
13.999374 1.700306
10.792017 2.736782
12.851648 3.040758
14.007088 3.222017
8.583532 2.758171
7.536870 1.794105
9.247244 3.121909
8.767979 5.375166
9.821304 5.589647
7.951219 1.435254
9.129851 1.862527
9.271149 4.581898
7.478729 3.783368
4.939848 8.495185
6.459975 8.341773
5.589811 8.455775
6.121135 8.635313
6.121060 11.121018
4.623154 6.295615
6.831540 4.839511
8.486180 2.683296
7.503524 3.965525
5.841837 4.730031
9.697635 4.955762
7.442640 5.406945
5.044290 5.044557
6.082519 7.623784
6.534808 7.965707
7.877697 11.174420
9.847283 4.480237
9.313836 4.466678
8.811430 4.302230
8.811357 3.006099
7.042491 5.128890
12.865449 13.605156
11.996717 10.966914
9.216940 11.470946
9.597356 12.464815
8.322990 13.158811
11.082163 14.889868
10.834427 12.652925
6.783949 10.843781
10.772489 10.668262
10.446905 10.940866
8.946810 12.573888
9.455536 10.930564
8.867426 13.132035
9.413049 13.301158
9.130808 14.347215
5.833740 11.038918
6.272062 7.483208
5.345460 4.992484
4.804495 2.910276
13.831631 3.569426
13.505279 1.222317
10.399973 2.371166
8.765432 2.308293
10.615916 3.769686
13.688766 2.725248
18.183184 1.987169
14.951696 4.432744
15.040304 9.126584
15.762463 12.659592
9.800997 10.664186
10.368579 12.236242
14.797770 9.102983
16.052521 5.460412
18.803083 5.613181
16.915855 4.699502
14.537556 0.617896
9.383274 3.126637
8.879576 4.786422
8.752425 3.954601
6.351528 1.531924
6.723880 1.508924
9.046498 1.599988
14.532407 2.711242
14.134513 2.492313
18.428200 9.165904
16.067625 8.456462
17.572645 5.022034
15.411046 3.220781
12.725823 2.987534
12.498732 3.295686
9.185460 2.933722
8.448874 5.334716
7.346702 5.161374
5.723355 4.370720
7.062054 4.558264
5.380881 5.853101
4.878601 9.808639
5.505249 2.391736
3.273298 3.410257
4.686788 5.885663
7.020704 5.403746
8.400333 4.381405
7.860709 2.200480
11.075016 3.776392
10.944168 3.566623
8.571629 3.682401
9.619234 4.533089
6.385564 0.265843
6.396366 1.864462
11.951056 3.515207
10.940008 1.323437
8.438869 4.902385
8.296184 5.270512
10.361251 3.212923
7.202216 5.216332
9.741274 4.852282
13.571456 9.706025
12.252488 9.140458
13.312257 11.064744
12.642787 9.194688
13.829905 10.112424
14.203834 9.023820
13.272283 10.636817
14.373734 14.799395
10.798313 10.775268
10.941103 12.532677
5.808270 3.994470
5.888689 3.606496
4.681529 4.702104
5.499368 5.727921
6.049293 2.166159
6.829260 2.756721
9.559464 3.640715
7.135361 5.210511
9.821497 5.049152
7.760748 4.451128
9.027080 4.282988
6.934244 1.873316
6.227205 0.793896
3.858887 -2.643818
12.138456 -4.586826
15.385836 -3.197066
11.370834 -4.364456
12.532639 -2.015996
12.512658 -2.914019
12.988990 -4.911194
14.377934 -4.589911
17.169138 0.166655
14.747162 2.122845
15.145493 6.071865
11.201373 3.252950
10.419472 2.834012
8.978476 4.221366
8.907465 5.383047
8.195745 3.715850
8.322211 3.578192
8.197340 4.611885
5.620575 5.900641
7.880293 5.181793
8.186156 5.166042
6.084148 8.816539
6.102529 8.024854
5.265506 7.375695
5.318401 7.244677
5.408267 9.359027
5.965346 8.356513
6.258640 4.984595
9.510980 5.218928
11.498113 2.237235
11.202036 3.605912
14.119259 -0.444680
14.338514 -3.880245
7.662588 -8.257407
9.918621 -10.799060
11.574142 -7.153335
6.401494 -8.022062
5.749493 -8.941936
5.648410 -4.326401
10.155276 1.391978
7.288554 0.755715
6.445326 0.038625
7.015771 -1.285170
9.445620 4.560483
8.862305 4.791761
9.991531 1.731208
10.851583 2.966508
13.939252 3.101810
11.939241 3.055046
12.906697 2.733424
16.846210 1.415349
16.647015 5.185658
14.934774 5.399598
16.345757 5.660518
15.092529 6.576850
19.346420 5.066545
13.473237 0.262462
14.746740 3.466702
12.329006 2.593761
9.913207 1.781989
11.562012 3.654064
16.617786 2.408167
15.206418 3.577560
13.150778 3.761109
9.927115 1.478401
8.198671 3.872509
8.976521 5.398377
4.913130 -1.004723
5.112462 -3.810589
5.709501 -5.475593
