-9.370161 18.357853
-5.477877 11.381402
-3.073616 10.259654
-3.091941 10.120101
-3.873795 6.584279
2.915304 5.124482
3.118131 4.571578
6.462481 5.806798
5.095806 5.633933
11.696325 1.863836
9.310593 3.315173
7.699492 3.829823
6.818341 2.768051
8.406050 1.915287
8.711296 3.511152
8.532074 2.868831
10.365038 2.372012
9.056881 3.653609
13.943573 2.075267
12.032480 2.874150
10.777221 1.493755
5.915627 2.463175
5.049523 0.316927
6.197146 1.591997
7.179795 1.307563
4.515124 -0.802504
6.966343 0.252064
7.338866 1.427373
8.499600 2.295807
4.460800 -0.731558
5.262703 2.385334
11.057748 2.220744
11.555618 3.261659
11.253345 3.448398
16.417025 -0.520434
13.053313 -0.793005
13.297860 -0.810110
14.707842 -4.874077
11.357806 -4.378478
11.556273 -9.040069
12.611489 -5.250867
12.037148 -5.435667
13.161787 -5.403157
11.977094 -6.321550
11.435454 -4.484526
11.371222 -9.872021
7.682234 -9.298073
5.329659 -9.718453
3.561894 -7.509326
4.641998 -5.040874
5.284675 -4.810294
4.674083 -6.674736
4.639084 -4.850473
6.168064 -1.618049
7.210212 0.241439
12.755741 -0.751257
13.597242 1.498199
11.582241 3.011500
8.270658 1.538750
7.488935 0.626825
7.054171 -0.173346
6.258690 0.292403
5.038805 0.011413
7.150940 -1.909286
2.862087 -2.310574
6.010869 -3.780341
5.829824 -6.506102
3.728280 -6.223940
4.817652 -7.050619
4.106560 -4.451566
3.509960 -3.285570
5.094115 -3.329823
4.648698 -4.217113
5.531343 -9.519320
6.650334 -10.643928
12.629888 -7.572779
12.751513 -0.411981
15.359933 -1.108080
