5.606959 1.324298
5.037975 2.911539
6.642712 4.383604
8.391967 5.492407
6.868997 4.678017
7.150075 5.193436
6.657711 3.532357
9.424921 5.434587
8.092973 4.096541
7.636764 3.236617
10.949549 2.369856
9.411633 1.543072
9.872952 2.739886
8.863115 3.498021
6.970069 4.849656
7.448281 4.875932
9.380045 4.375237
8.985322 4.131384
12.110556 2.130854
12.443577 3.171648
12.063527 3.555471
8.955105 1.879586
15.157482 2.297695
15.439806 4.352863
15.234604 6.784760
15.984447 0.652333
13.293275 3.406458
13.704838 1.837098
11.606462 2.231070
9.674942 3.085745
9.345366 4.147249
8.702196 5.157391
9.364077 2.513584
6.089358 1.573021
7.547313 3.256445
6.133385 2.650150
7.086642 4.789556
1.558249 5.417665
5.603776 5.630909
5.154824 7.829655
6.403875 10.409448
5.292778 4.951107
6.743904 4.902215
4.217143 3.307314
1.965216 5.889188
3.829631 5.297225
6.471751 6.567987
5.971158 8.196816
6.299505 7.430091
6.523856 9.551316
4.563272 8.897185
5.519768 8.853384
7.003758 4.222549
8.351898 5.447045
8.760988 10.842648
10.808255 3.258282
11.744456 3.430785
16.463501 3.685483
12.527525 3.783292
12.600760 2.684571
16.855785 -0.300602
19.693354 6.586871
13.802665 2.699337
14.874577 1.603701
12.318937 3.128032
12.570364 2.927210
12.490838 3.781354
13.339558 10.173531
13.114840 10.626145
14.697887 8.928430
7.370042 13.756187
5.802480 10.740775
9.291670 11.198668
7.325276 11.370723
8.584732 10.863052
10.384821 13.407958
11.961700 10.608735
12.077432 16.283440
