9.121201 -4.193555
6.461226 -6.174564
7.915035 -9.202118
7.891715 -9.174399
7.915121 -9.202144
7.891823 -9.174436
7.915310 -9.202203
7.892069 -9.174521
7.915739 -9.202342
7.892621 -9.174722
7.916691 -9.202684
7.893843 -9.175223
7.918792 -9.203614
7.896524 -9.176617
7.923319 -9.206460
7.902265 -9.181046
7.932596 -9.216438
7.913782 -9.197102
7.948855 -9.255684
7.932164 -9.261924
7.962548 -9.422551
7.930629 -9.543819
7.907907 -10.133088
8.197100 -10.143059
8.294874 -9.972714
8.031546 -9.922665
8.228907 -9.959329
7.953712 -9.910994
8.203935 -9.956603
7.924178 -9.909711
8.194675 -9.955638
7.913185 -9.909328
8.191164 -9.955276
7.908997 -9.909200
8.189836 -9.955135
7.907402 -9.909153
8.189328 -9.955082
7.906793 -9.909135
8.189136 -9.955063
7.906563 -9.909129
8.189064 -9.955055
7.906476 -9.909127
8.189035 -9.955052
7.906443 -9.909126
2.648543 -9.048158
0.973347 -9.384448
-1.155841 -11.164854
