13.646996 -2.301252
12.519827 0.405057
12.211718 1.594295
12.211651 1.594294
12.211467 1.594279
12.210966 1.594210
12.209587 1.593922
12.205784 1.592844
12.195248 1.589005
12.165954 1.575887
12.085170 1.534556
11.896738 1.512245
11.657276 1.494741
11.182123 1.531179
11.236733 1.772037
10.997168 1.459145
11.064672 1.677701
10.953078 1.419222
11.027113 1.642384
10.941624 1.406762
11.017698 1.631667
10.938623 1.403262
11.015226 1.628633
10.937826 1.402307
11.014569 1.627808
10.937613 1.402047
11.014394 1.627583
10.937557 1.401978
11.014347 1.627523
10.937538 1.401957
11.014332 1.627505
10.937532 1.401951
11.014327 1.627499
10.221128 -3.837480
7.837227 -6.017420
7.906991 -9.710710
8.176643 -9.792872
8.163065 -10.021094
7.871115 -9.991752
8.068773 -10.026889
8.329764 -10.059834
8.224283 -10.037507
7.942505 -10.006715
8.099067 -10.028320
8.355247 -10.062554
8.231879 -10.037960
7.951494 -10.006700
8.102260 -10.028532
8.357975 -10.062889
8.232691 -10.038011
7.952453 -10.006700
8.102602 -10.028555
8.358269 -10.062924
8.232779 -10.038015
7.952555 -10.006700
8.102638 -10.028557
8.358299 -10.062928
2.225918 -9.813647
0.003717 -12.270824
