6.277186 -14.394711
7.848739 -12.653749
7.999623 -12.444594
8.393507 -12.000227
8.182589 -12.237101
7.856066 -12.616847
8.017511 -12.371493
8.455511 -11.840021
8.266884 -12.030071
7.988930 -12.266143
8.409162 -11.609590
8.212273 -11.737454
7.868683 -11.744714
8.283063 -10.380137
8.069205 -9.987226
8.039433 -8.245412
8.480781 -6.888186
8.886329 -5.459595
9.234124 -4.171242
10.904194 1.702570
10.818543 1.517488
10.904187 1.702561
10.818533 1.517477
10.904158 1.702536
10.818499 1.517447
10.904069 1.702451
10.818385 1.517341
10.903780 1.702179
10.818026 1.517003
10.902857 1.701297
10.816869 1.515907
10.899897 1.698414
10.813157 1.512322
10.890453 1.688704
10.801345 1.500632
10.860807 1.657131
10.764328 1.462895
10.770016 1.554332
10.669737 1.356799
10.548198 1.263766
10.662546 1.489094
11.283269 2.982312
17.938419 11.707044
