-16.315168 8.736559
-9.565416 10.061144
-7.618278 8.470765
-5.479547 7.016177
-0.901453 5.061774
-0.346654 2.412827
-0.760446 2.790265
-0.495020 2.699204
1.952850 0.173682
4.807858 -3.642982
4.174021 -5.180522
3.464527 -2.297801
3.738710 -8.380839
4.155121 -6.651759
3.068338 -7.934277
6.141662 -7.966650
3.809673 -9.238213
5.753369 -6.081172
4.887776 -6.036977
5.200193 -3.693041
3.887883 -2.398624
5.315567 -4.931201
5.365574 -5.220179
5.375128 -1.934136
4.563756 -0.009856
8.140949 0.128588
10.968889 0.404976
10.788654 2.150568
10.562124 -0.431528
9.743015 1.920282
9.603570 0.931992
10.006936 -0.142368
11.448812 -0.059126
12.434576 -2.269417
11.901331 0.097466
11.566978 -2.250681
11.317657 -4.829501
12.281696 -4.076178
10.974131 -2.167851
10.977407 -0.750415
10.021195 0.376771
8.631897 1.063478
4.627778 1.235701
5.750271 -0.000051
4.550371 0.565083
5.331197 -1.021253
5.027555 -2.831691
5.289010 -7.423894
4.539581 -5.105881
6.026856 -5.948676
6.138587 -6.856539
3.427654 -10.084548
6.845171 -10.359944
8.895479 -8.131237
6.216154 -8.346691
3.935355 -5.230665
3.316370 -2.217138
3.885548 -0.707130
3.652666 -5.193107
5.448597 -8.049117
7.064657 -7.922033
