5.182863 -1.629451
4.438138 1.015404
1.774588 0.160679
-1.289710 -1.295715
-1.847414 -0.483263
-4.452515 -1.171675
-4.232802 -4.359585
-4.322083 -2.367600
-2.729539 -1.229718
-3.904048 0.290773
-4.044937 -0.947305
-2.887653 -1.624229
-4.117309 -1.522507
-3.778402 -2.550370
-3.453494 -1.884688
-4.007055 -3.587616
-3.134300 -2.719000
-3.748809 -3.359288
-5.595975 -4.660379
-4.241157 -3.818487
-4.433104 -2.782433
-3.566236 -5.208984
-5.050234 -4.064775
-3.567616 -4.559859
-4.191619 -2.965726
-3.539711 -1.269896
-3.658226 -3.268624
-4.765916 -4.193492
-5.836189 -6.850507
-6.883954 -5.495941
-6.146196 -7.174674
-6.316147 -5.219232
-5.595375 -4.727776
-4.192277 -5.089552
-4.352811 -2.598949
-4.517616 -3.550054
-4.043240 -1.287197
-4.514147 0.364090
-0.675933 1.782024
-2.996636 2.494651
-2.788711 0.827075
-3.506461 -0.374136
-1.767199 -0.686957
-3.252916 0.169234
-2.802500 -0.440795
-2.970059 0.860333
-3.430976 -0.350246
-2.857662 -2.865190
-3.858617 -1.320610
-3.303551 -1.122009
-2.208532 0.234781
-2.551428 2.126627
-2.620569 2.430756
-6.088989 6.334126
-3.231944 7.956267
-4.578686 6.677737
-6.276325 6.862757
-3.331451 7.833834
-3.764383 7.498966
-9.279465 3.426771
-8.467516 1.345933
-8.429408 2.365169
-2.469092 5.673419
-2.672630 4.625616
-6.455727 6.378835
-5.658325 6.672563
-6.341520 8.011047
-2.318962 5.640624
-2.071001 6.300499
-4.014101 6.266003
-4.130655 7.434896
-5.287127 6.488446
-6.901422 6.172107
-6.878305 6.192419
-6.181627 6.033737
-14.279008 9.980986
-15.872764 4.770301
-14.559196 6.833907
-14.868252 6.570805
-11.610312 1.272483
-10.573066 1.647591
-8.610132 2.316892
-8.350396 3.057214
-9.265382 1.208118
-6.837788 8.103208
-6.722990 9.447547
-5.272134 8.515649
-7.703832 6.556412
-7.259262 6.360203
-5.549791 6.583112
-7.661755 6.409883
-8.546373 2.458874
-7.413230 6.540535
-6.807304 6.310508
-9.188691 1.748879
-9.441312 3.162051
-9.698746 3.118707
-6.997582 6.243461
-6.320701 6.457209
-7.870522 7.550763
-7.021437 6.310664
-7.501394 6.794554
-5.721253 7.849447
-4.765922 5.993684
-7.057537 7.760571
-8.010317 8.584058
-6.651635 6.678689
-7.661260 6.633277
-7.255273 7.469401
-3.106620 4.539363
-0.638155 3.845210
-2.261267 4.103343
-3.128587 2.157365
-8.793888 8.546954
-7.114445 8.564079
-5.619795 6.834562
-5.033171 6.469563
-5.488145 7.012084
-6.495169 6.558171
-6.888391 9.504397
-6.744339 7.219667
-14.371593 8.349731
-9.309334 9.028009
-6.994888 8.307789
-7.420889 7.647292
-2.130182 3.942446
-3.009720 2.075528
-3.004800 5.941959
-3.830226 7.388642
-8.792610 2.103137
-8.292934 2.942566
-9.819188 1.506892
-10.630300 0.241568
-10.164608 1.892564
-10.309235 -0.999720
-10.069620 -2.863177
-10.734633 -1.761565
-9.641178 -2.078949
-9.842120 -4.041134
-12.271626 -3.493294
-15.467422 -5.741890
