-16.916002 8.930810
-13.219002 6.674846
-13.873038 4.022322
-13.141512 3.044163
-8.640390 3.469494
-12.452028 1.958935
-10.642058 2.624621
-9.930589 2.702244
-10.512240 1.524560
-9.549637 2.136536
-8.954220 2.382430
-8.481220 1.421202
-11.729437 0.945389
-8.192011 3.327914
-8.911583 2.827230
-9.000599 2.216178
-8.639754 1.855631
-8.731562 2.404312
-11.211813 3.062654
-10.324428 -2.360602
-9.949317 -3.615365
-9.662172 -1.181263
-9.811623 -2.620200
-10.787228 -3.552484
-7.895944 -4.660277
-7.414241 -5.338006
-6.884246 -4.057784
-5.561229 -6.640362
-2.683870 -3.455883
-3.506149 0.356699
-3.914919 0.099908
-4.193818 0.787278
-3.770211 -1.618310
-2.303123 2.122911
-3.169246 1.782830
-3.113513 0.778869
-2.830871 1.513665
-3.134594 1.408673
-1.528536 6.975181
-3.405487 8.110333
-0.674903 5.740203
-3.191592 7.242748
-4.095301 6.406314
-4.300726 6.125597
-4.257216 6.619723
-2.403858 6.034964
-2.814895 5.393077
-2.084792 2.610558
-1.066029 2.792610
-4.330942 -0.061148
-4.048170 0.178496
-2.324493 -0.766292
-2.383486 1.831862
-2.363609 -0.963204
-3.987288 0.140490
-3.758279 0.582021
-4.900413 7.845134
-5.415430 6.220232
-6.558037 6.977386
-5.945038 7.972474
-2.964074 6.204198
-5.925280 7.328074
-5.589375 8.421082
-5.889534 6.408617
-3.454113 6.524111
-3.842958 7.953390
-5.074869 6.665395
-6.368158 7.297508
-6.102725 7.792092
-7.722945 6.183992
-5.022200 8.072093
-7.847862 6.030381
-5.254836 7.751554
-5.078610 7.474212
-7.637614 6.770848
-6.541176 9.389179
-9.961377 10.731240
-7.148287 12.105984
-5.687113 10.098603
-5.656038 7.912167
-5.254108 6.508675
-3.539091 8.428275
-1.633147 6.706062
-4.755087 6.241631
-2.857564 5.688552
-0.340631 4.365489
-1.727803 4.198394
-1.692570 2.582039
-2.979316 4.673704
-3.688563 0.214745
-1.860532 1.202770
-11.646938 3.328493
-9.791839 3.465672
-8.835739 3.226687
-8.460989 2.494472
-11.545494 0.128669
-10.465939 -2.080081
-10.233660 -4.502148
-9.748713 -4.608515
-8.403736 -5.840252
-9.350357 -4.409028
-6.779435 -6.676558
-5.125638 -6.872358
-4.226615 -2.184626
-2.953328 -0.420215
-4.177065 -1.717050
-4.121682 -3.582317
-3.772268 -3.641157
-5.716053 -4.377092
-5.806022 -7.857969
-6.593358 -7.339514
-4.752580 -4.713744
-3.646947 -2.804174
-4.326305 -1.594903
-4.403401 -0.074404
-4.123003 0.744289
-3.985973 0.420098
-3.674668 -0.860488
-2.414616 2.315573
-1.741225 -0.288182
-2.535316 -1.721267
-5.735506 -6.282909
-9.373885 -7.397389
-10.686398 -12.783864
