9.838713 -16.909166
11.418352 -9.766695
9.719435 -11.265924
11.285421 -7.286267
10.242113 -7.047131
9.369806 -6.725728
13.266665 -3.362301
10.669106 -3.696313
11.886658 -3.021043
12.235019 -3.816875
12.825473 -3.901149
9.920838 -7.343925
7.445785 -7.980411
10.016628 -7.953306
14.421787 -5.237924
12.294760 -4.574446
11.685360 -1.646053
11.261439 -2.991800
11.237818 -4.212613
12.683035 -7.345722
13.720258 -6.854730
7.972751 -5.517288
5.578215 -8.184745
5.324212 -5.164585
4.407660 -4.286515
4.334990 -6.648774
9.258406 -9.785047
10.565690 -4.405797
13.776256 -5.751491
14.877950 -0.842173
13.025328 -4.251213
18.549553 4.964812
15.111655 7.132297
11.228807 4.201141
10.668446 5.312473
13.303526 5.883137
8.029694 4.081381
8.841136 2.837844
6.833901 0.096747
9.028409 0.472123
7.491290 0.054090
8.384945 1.496666
6.405146 0.200736
5.283906 -0.720376
5.137503 -2.870702
11.329996 -4.515182
11.602934 -3.284684
8.095726 -5.296752
6.244530 -6.547651
8.519549 -5.982104
7.475660 -6.182463
7.994789 -6.939557
8.390957 -9.738993
9.268268 -5.742758
10.871045 -2.684605
10.899559 -2.779402
8.727957 -6.367352
8.972347 3.920220
7.232163 3.881929
7.961968 3.353588
9.315339 3.423935
8.838095 0.043566
15.444676 -0.150306
11.785659 -3.586756
13.567011 -1.946655
12.530048 -2.013053
12.062222 -3.766743
4.960209 -2.398685
4.252608 -4.164870
5.454130 -2.716219
7.728612 -7.917710
8.216742 -8.240134
10.513743 -3.955023
14.817635 2.081860
15.046730 7.061855
14.452675 4.866757
11.061916 3.995548
8.480469 4.817624
7.190367 1.756164
7.967901 2.740876
7.464961 2.960576
8.555941 1.271650
8.375242 2.694676
11.842973 3.467901
13.279064 3.819975
16.078161 2.654796
15.622786 0.736515
14.700392 -0.853311
15.086153 0.880984
19.929279 0.625326
14.469791 3.954536
11.502881 4.183604
9.998779 4.247518
12.443840 4.211815
8.605613 4.705656
8.983801 3.631505
8.546070 2.735014
9.450613 5.566135
6.377096 3.690867
6.192565 6.220068
5.975277 7.927351
6.394799 10.266093
7.707512 14.049735
10.492014 12.598400
11.142554 14.825099
6.852784 12.096253
8.446748 11.887849
6.013141 8.605714
11.479318 5.037821
13.137105 7.527529
10.484743 5.611741
8.441344 3.150391
7.697597 4.965822
10.757245 4.399729
7.395426 3.340393
8.419663 4.069908
8.267162 2.664531
12.126225 6.333416
11.211155 4.218821
8.750982 5.585379
9.218480 5.578699
8.268006 4.069765
12.020942 3.960737
7.801880 4.029226
5.509889 1.736585
5.282134 1.207300
6.486843 0.823190
8.438171 2.046925
7.525672 4.663130
10.519676 5.180697
9.944139 3.784863
12.379547 3.559227
10.180601 4.718524
8.888181 3.987513
8.847643 5.625558
10.171002 5.548784
10.410461 3.506763
12.402361 3.459672
12.106623 8.700283
14.012223 7.675539
8.180058 2.769635
8.362952 1.015567
9.861181 4.129247
12.533499 5.221483
14.590772 3.046412
17.440956 4.139125
16.148611 -2.826399
16.112154 0.483820
14.110092 3.228234
14.872738 5.536792
16.761127 6.969847
13.369208 9.094338
14.204501 6.613589
10.193705 18.727659
