13.733504 -4.181951
10.652740 -2.814428
11.613066 -3.535120
13.405320 -3.496882
11.009964 -5.008452
11.792678 -3.163678
10.434068 -5.742057
8.589884 -5.882434
8.312402 -8.313290
8.054699 -11.933646
2.805981 -7.759191
5.451865 -4.418858
5.385252 -2.321224
3.375734 -3.496855
3.021247 -0.724677
4.596673 -0.830233
3.229595 -2.185840
4.217146 -1.025364
5.311304 -1.287254
5.395881 -1.175626
6.458665 0.024882
7.883313 0.921880
5.918379 0.554155
8.177148 1.094839
8.844057 0.501428
8.113945 0.355326
7.602274 0.237477
8.501663 4.222140
5.005578 1.254456
5.394476 0.357143
5.881070 0.742158
9.077757 0.726994
8.626842 3.852913
8.165919 4.081945
8.464025 2.223975
7.855141 0.710856
8.159406 5.312631
8.196442 2.579072
12.084166 -4.186459
12.422314 -1.911387
13.571533 -3.770627
11.685689 -3.961152
11.562693 -5.839642
10.801395 3.948431
9.726906 3.627209
9.767187 4.346946
10.587388 4.425934
12.852175 4.741951
14.220242 3.772733
12.622650 4.583260
12.638982 3.542613
9.758708 4.860664
11.908925 3.960613
10.893318 5.422159
8.857206 5.515943
10.622850 4.542555
12.339255 5.603878
12.407894 7.223781
11.939015 7.611179
12.215058 8.555270
11.860127 8.852559
13.861622 9.848689
12.424433 6.054718
11.200152 4.770075
14.622861 7.473474
14.318628 1.615307
15.563399 7.594144
11.539295 3.746585
14.460194 6.248269
13.363930 3.992857
13.085754 3.849118
11.001638 4.288585
7.907747 5.183273
6.896431 1.253458
5.727785 0.223712
6.970827 0.439625
7.625237 0.336293
7.683628 1.282770
7.439232 2.175565
12.405820 5.870359
9.795684 4.041885
11.887630 3.863297
11.312660 3.629957
9.460653 3.435429
10.327320 3.502481
8.257208 5.439010
7.910485 3.132786
8.594857 2.114640
6.508731 0.063878
6.819717 0.520953
9.067593 1.989122
7.132794 1.250976
8.229897 0.957455
8.856573 2.312021
10.283036 4.158372
9.807513 5.451538
13.449712 3.838624
12.024609 5.500144
13.071301 4.012020
11.263395 -1.695564
8.614224 4.684034
7.102266 0.658761
14.704882 1.477692
15.115004 0.763376
14.440161 1.359384
14.188204 2.060134
14.294244 1.378885
10.715044 -3.786945
9.638254 -7.883547
8.328893 -6.073534
6.420355 -0.180537
8.900287 1.842205
8.639134 1.578948
16.860264 -3.881381
15.601772 -2.486440
12.530441 -1.842266
7.924439 1.971374
10.754797 3.721839
11.036943 -1.925150
11.061178 -2.373743
10.929567 -1.890097
13.348323 -6.392504
11.824816 -4.006613
12.205972 -2.082816
12.844811 -5.694161
11.683969 -4.739563
13.313478 -2.067083
13.178868 -4.109861
11.966194 -1.950010
13.926069 -3.045217
10.836474 -2.889374
12.317343 -3.746634
10.718434 -4.482576
8.134521 0.487523
13.256577 -2.134203
8.695505 1.798425
9.026255 2.518753
12.091275 3.518917
11.664579 6.180327
11.611490 3.761505
9.608714 4.274790
8.573178 2.294677
10.703959 4.428116
12.051650 3.725899
9.964095 5.032361
10.838814 3.453467
11.157720 3.747853
12.062943 4.993904
11.516453 4.216127
10.750358 -1.590192
7.639999 -0.086806
8.487050 0.291386
4.424303 -0.242355
5.169104 -1.682103
9.500005 -5.278700
9.348783 -6.387011
10.785179 -2.695216
11.184859 -4.397937
11.700607 3.975235
9.063097 3.811828
7.657598 3.066681
7.428590 2.817046
8.786262 3.215012
7.591426 1.731871
8.784506 2.564166
6.732076 1.744247
8.592619 1.183493
7.179618 0.770907
5.850956 0.742896
8.374769 1.175650
8.006093 3.371801
10.579738 5.286000
9.891198 3.955481
10.826338 3.657037
9.524516 3.998485
7.640319 1.681400
5.309910 2.723623
7.085576 0.062103
9.004681 2.476961
8.630611 1.089108
8.937271 2.424452
8.967789 -0.025249
11.732925 -2.397003
12.347633 -5.302646
14.791920 -3.502207
15.140673 1.555892
16.772556 1.798598
12.461449 4.738045
16.015276 9.010198
12.820586 6.578375
11.404232 4.605794
10.179400 4.047781
8.444191 -6.017606
8.163851 -6.943157
10.243557 -5.615488
6.761318 0.362946
6.976892 0.451448
8.235172 -0.124884
6.041320 0.513764
6.647665 0.162447
6.995430 -0.137343
7.752320 0.375548
9.001328 1.242677
8.294856 1.462712
7.951516 1.969609
9.111386 5.607813
10.988532 4.956201
11.471739 -2.477641
6.147745 -7.115434
5.698099 -7.464236
3.665905 -5.786246
9.187741 -5.300419
8.453407 1.990536
7.989926 2.161541
8.835733 0.185891
7.114064 0.538807
4.787298 -1.317972
5.467351 -1.942852
2.802456 -3.081727
5.164800 -2.889048
4.671115 -0.410051
5.058547 -0.669022
5.550080 -0.121954
7.769489 1.271263
8.134153 2.375250
6.698610 -0.143354
6.525521 -0.169363
8.809046 2.215148
7.472555 0.510047
7.949141 1.787653
7.105485 2.860005
12.897145 4.750402
12.916399 4.503109
11.250805 3.419984
8.034562 3.800805
8.912071 2.235083
8.063010 1.752162
9.353373 4.801515
12.773973 4.965222
11.003186 4.078848
9.175359 3.440444
10.885448 3.789213
10.137671 3.707634
8.855183 2.140422
8.697580 1.748154
8.646646 1.362313
8.049015 2.091325
8.162179 1.845873
7.086202 0.416535
7.577715 1.111592
8.415548 1.073885
7.588660 0.573929
7.724614 2.165033
6.623877 1.754599
6.167072 -0.181104
7.672231 0.467150
8.645112 0.443408
8.125703 0.885895
8.863644 1.424117
8.043522 -0.014703
6.443983 1.464319
6.606925 0.095317
7.009681 0.234699
7.949367 2.743810
8.523098 1.144237
6.563764 1.847920
6.546364 3.433166
10.778008 3.671934
10.711701 4.597230
11.313108 5.633953
8.605610 3.607304
8.600422 2.756147
14.217518 5.782722
12.956476 3.524470
14.099045 -4.284702
9.591730 -6.221270
13.947734 -6.308207
10.143568 -6.160080
14.251510 -1.913949
14.315004 1.432676
15.772274 2.148707
15.529037 3.974328
11.427401 3.799037
16.787483 3.681741
15.544760 2.715979
14.423863 3.034800
13.604125 4.755864
13.507507 3.904021
11.959501 5.020189
12.418213 4.667402
13.201904 3.943837
9.765243 3.831295
10.458031 4.207174
11.202648 4.358414
13.385572 6.720682
14.779772 2.988619
15.867046 -1.191733
15.696988 -0.356371
14.496941 -2.610851
15.488518 -1.831162
18.081776 2.042014
12.761122 5.210665
11.268266 3.638371
13.791614 -3.992636
10.746433 -6.193788
12.784457 -1.927601
12.020048 -2.056516
14.065761 -3.695112
15.528224 -1.146775
14.906527 1.958350
16.233065 2.217223
18.905376 6.128945
16.154831 2.782400
15.444343 2.563721
14.575724 1.908898
15.721405 1.355714
13.434861 -3.248704
12.233938 -2.430390
10.323572 -8.374732
9.732963 -5.428133
11.285343 -6.151057
11.654091 -2.322664
8.397909 0.751707
7.248027 1.102466
8.756392 1.489258
7.779751 0.805130
6.852267 0.449592
8.819546 0.680979
8.254285 2.411428
7.755642 1.486814
9.051467 3.161908
8.641536 3.505776
8.753786 4.229180
6.161016 3.184822
8.172602 4.249011
4.778980 6.287001
7.375209 2.059730
12.908821 7.594766
12.518298 3.918665
11.850540 7.793886
13.228901 4.094571
10.862139 3.599123
12.395708 4.152983
6.813752 2.970280
7.478958 1.446902
7.503474 -0.049914
8.416787 1.378163
9.673045 3.987713
12.398748 5.529544
11.727656 4.803650
11.488043 3.509306
14.154527 1.013476
14.936010 1.237421
14.796988 -5.683578
4.970654 -5.884474
6.431795 -7.299511
10.561354 -1.669094
11.254891 3.594780
7.318189 3.347806
4.656228 1.172621
5.268594 0.693096
8.916149 1.909968
7.532929 3.700375
8.695460 3.247739
8.363098 5.045004
10.306351 5.650343
11.742728 8.774981
9.794913 4.780303
7.102259 4.980721
11.014446 4.870014
12.539551 3.922707
11.285528 3.518415
11.218444 4.892495
10.763508 4.609722
12.657222 5.248391
15.251587 5.571841
17.672440 0.950703
15.501925 0.762188
7.734664 1.765264
7.887892 3.370203
9.037868 0.573504
6.914016 3.908426
9.842233 3.873839
12.773627 4.406480
11.335597 3.625150
12.199762 -3.155549
13.120306 -5.461747
12.769089 -1.661521
11.250071 -1.753109
13.241980 -2.760891
11.476150 -1.919110
11.359095 -2.649339
10.943230 -3.398438
12.378905 -4.704563
7.352075 -6.480039
3.482710 -4.087686
5.475985 -2.681154
5.397765 -1.400023
3.057287 -0.378261
5.117620 -3.515913
3.851359 -3.652032
3.182521 -4.619850
7.381208 -0.172462
7.066720 1.142464
9.103765 0.555195
6.370457 0.217558
5.156601 -0.177785
5.778786 1.080056
8.035965 0.382791
7.351026 -0.084259
8.445312 3.873755
6.886825 0.109125
5.943667 1.150137
8.677492 2.346351
6.874782 1.021718
7.003485 -0.075528
9.081443 1.292502
7.062304 0.051680
8.119316 1.380981
8.222706 1.735619
8.939113 0.434744
8.225956 0.288248
8.125647 1.032997
5.576447 0.047647
4.658660 0.545315
4.790950 -2.387684
3.259434 -2.627085
3.592877 -1.617587
3.524164 0.776463
9.094145 1.240148
8.575549 -0.139014
8.728095 1.105456
8.805130 4.391146
9.113039 4.199839
10.988206 5.082971
12.814962 6.358347
9.190897 4.201553
10.199127 3.516153
12.721480 4.373212
15.435468 3.979910
14.212346 0.965230
15.542556 2.630233
11.713752 5.083322
14.013245 5.494302
14.746041 1.868605
14.891048 -4.832538
13.917383 -1.605904
11.174717 -3.233238
10.156445 -8.798850
10.490243 -7.739203
8.919135 -7.838501
7.954185 -5.956029
8.229430 -8.320811
7.925071 -8.492675
9.149202 -7.663856
13.571694 -4.762273
10.699800 -5.370024
10.833309 -6.358709
11.035661 -3.341239
13.021822 -5.126653
8.848787 -5.856493
6.985757 -7.740177
14.629908 -4.975145
11.864180 -3.526594
10.570988 -3.482206
7.791671 0.624113
10.037647 4.005845
7.715004 -0.193964
8.617543 3.525817
7.868594 0.034037
5.362121 -0.521305
8.923418 0.500044
8.720548 0.686325
10.227270 3.929730
8.714233 1.620811
7.057801 1.274145
8.895220 2.671433
6.858969 3.335914
8.794866 2.857021
8.831151 0.107682
12.385987 -1.732167
11.400807 -1.761144
7.234437 0.334835
11.976958 -2.012698
10.627391 3.592204
9.176971 4.665461
11.390823 4.757327
8.365908 1.964078
12.143707 3.711567
12.395905 5.284687
12.471462 4.918188
10.773923 3.555645
7.746765 0.241433
5.415134 2.074672
7.355728 2.613484
14.346209 1.783918
13.675687 6.610882
12.658183 10.665102
11.508879 4.120042
13.433359 -1.658893
14.763208 2.665596
8.293960 0.301527
7.413800 2.297746
8.805305 1.021615
7.760333 2.324646
7.856542 0.031121
5.452807 -1.009353
4.952553 -2.590604
8.553097 -7.165247
9.157089 -9.467157
11.130049 -4.930313
7.828475 -8.059278
6.375211 -9.052094
4.101075 -7.810241
4.820080 -7.851364
5.411924 -1.833011
4.709873 -3.735292
4.843327 -4.220223
4.874382 -4.910325
4.441440 -2.919778
2.833696 -1.849250
5.552858 1.085069
8.124522 0.653535
8.781290 0.134319
10.564172 -2.076844
7.855574 -0.213955
2.328075 -7.403303
2.532208 -5.412276
11.023642 -1.813968
12.272568 -3.297194
15.846252 -1.891761
13.787353 -2.444597
10.501413 -4.236623
13.167863 -3.567499
12.390159 -2.772806
11.638624 -1.879423
12.470209 -3.552032
17.043806 -1.804718
14.154182 1.516681
14.815636 0.096290
