-16.070034 -3.199246
-6.241874 -3.739180
-0.605011 -2.484469
7.435476 -6.698240
11.924084 -5.773532
11.105907 -4.755168
11.284163 -4.742638
13.682607 -4.859237
15.284901 0.299736
14.260635 1.453060
16.958361 1.775159
16.796797 5.547727
13.042058 3.583258
9.385254 3.433610
10.394367 3.521223
13.292917 3.819272
9.823761 4.280414
8.260608 0.345505
15.161537 -1.692697
14.421850 0.352752
14.996666 -0.026060
14.352196 -2.059550
12.421442 -2.007434
11.658250 -3.490990
12.875807 -4.718232
11.328724 -4.408153
10.465413 -5.267127
7.596916 -6.672695
7.440686 -6.745432
9.269940 -6.843713
6.414717 -6.679457
4.107028 -8.307002
8.137566 -5.927679
6.347357 -7.332453
4.888278 -6.671345
4.804628 0.108870
7.823400 1.468167
7.200218 -0.040303
8.912832 0.056287
8.449196 0.926293
8.666078 0.405731
8.868197 0.573151
6.214297 0.305840
8.786091 0.694149
5.122118 1.342278
8.899389 0.273356
6.434072 -0.033031
17.680536 3.332410
13.908587 4.714175
17.856693 -2.219529
18.125202 -7.499476
15.625612 3.170887
18.755119 1.357858
18.724314 -7.041844
10.651686 -3.183962
12.397171 -2.071108
10.529295 -2.891416
11.699642 -2.678825
10.587568 -2.291940
11.512857 3.755274
12.269775 4.384047
10.155769 5.454989
8.024110 2.047869
8.671737 0.661195
8.022250 1.066614
7.123654 1.356778
5.328219 1.164273
7.273568 3.446673
6.837764 1.409392
8.912535 3.886420
13.288069 3.490042
10.789126 4.029806
11.428289 5.404871
9.998558 3.613745
11.040290 3.666295
8.604535 4.332990
7.886224 2.887468
8.466336 1.208354
6.138188 3.653590
11.631170 4.760306
11.512224 3.638101
11.387024 4.063663
11.071241 5.362181
16.963482 2.789459
14.363236 0.780293
14.830729 1.699104
19.360275 0.767170
12.185832 -3.766595
10.864908 -3.667639
13.288217 -4.115153
12.565002 -2.859232
11.821470 -5.240616
9.408957 -6.210613
9.750871 -5.318171
7.861300 -5.664226
4.330168 -6.280762
5.307282 -5.375264
5.027835 -1.463307
5.402434 0.436829
8.661692 0.232286
7.645060 5.557494
10.327794 4.931116
14.080264 5.532824
11.834917 3.494916
10.582658 5.144397
11.540217 5.217663
11.788021 4.868204
7.454618 2.826686
8.334636 1.666483
8.574102 1.086240
7.965876 3.180748
8.282972 1.116414
7.702122 1.476129
8.874021 0.224602
8.944969 1.151313
6.365222 1.605989
7.085648 3.716027
5.340635 2.904432
8.941485 1.955626
7.370424 0.696550
8.777508 1.215832
7.004677 1.416005
5.809494 2.417347
7.724514 2.407438
8.285388 0.316021
6.921666 0.299138
6.244020 0.323080
2.713610 -1.897027
3.443589 -2.752182
2.362765 -4.007291
5.400239 -4.789993
6.007730 -8.428228
7.999465 -5.630562
5.034329 -7.980937
7.219110 -7.382349
5.530449 -9.264267
8.507441 -8.210143
8.809250 -7.212883
7.829126 -6.403785
7.272968 -7.878846
5.259421 -6.593257
4.655992 -6.553990
7.064290 -8.306064
8.974401 -5.446276
7.184973 -6.389487
5.725578 -6.258479
2.561719 -4.272137
5.373137 -3.857137
3.769922 -2.856044
5.388525 -1.195441
5.478450 -1.176788
3.960444 0.984982
5.200188 -0.934359
4.755141 1.610959
3.792978 1.397835
7.129367 1.568690
8.675528 0.763987
8.842593 2.091837
7.974295 1.831703
9.002616 -0.182269
6.834698 2.423054
6.871416 0.933352
8.587683 1.658986
8.267273 0.886821
7.036902 2.897127
11.665523 4.488083
16.123608 5.661735
13.556411 4.675250
10.907795 4.270989
6.718101 1.508453
8.168622 0.016257
5.720948 1.216001
3.346291 -0.999069
4.409206 0.345692
5.600328 1.149301
6.185495 -0.194070
8.665683 0.517859
9.303999 -6.129251
7.827668 -8.592494
11.537046 -9.978674
9.150816 -6.091557
11.499998 -5.370191
10.498604 -4.575609
3.123688 -7.688426
4.790656 -8.412588
7.685606 -7.783725
4.898736 -5.893686
4.385507 -5.189625
5.352535 -4.617860
5.229179 -8.776342
12.462522 -8.462771
6.744694 -5.373278
7.762696 -5.433722
4.548998 -5.468575
8.144054 -6.081171
9.939709 -7.633755
11.898806 -7.653114
11.806761 -8.476469
12.122858 -9.852412
10.506489 -6.329319
11.373467 -1.737519
13.888317 3.434246
10.982175 3.748783
9.836328 3.752944
9.091650 4.726453
8.542974 1.630693
5.604583 0.933564
5.964440 0.008553
4.782358 0.194219
5.112138 -0.125140
8.924934 -5.502672
8.761466 -5.919925
14.274616 -6.312631
10.161549 -7.891192
5.865900 -8.377316
6.353198 -6.116372
4.483611 -6.650101
5.986099 -5.307948
8.892058 0.090224
8.503703 -0.026672
4.839496 -3.518210
8.291162 -0.040448
8.583465 -6.248758
4.954609 -0.972728
2.864957 -2.560616
4.920587 -3.035138
6.467291 0.776226
5.230291 0.495186
9.285899 -6.287160
11.794508 -2.174143
7.742411 1.524380
11.052175 -2.147913
9.995285 -9.035779
8.655368 -7.739435
8.784610 -5.436986
8.962272 -6.320829
12.658560 -6.395674
8.650997 -5.985787
9.106827 -0.201104
8.914526 0.200214
5.659835 -0.190863
4.071031 -2.536824
4.979565 -3.756672
3.054533 -4.975689
8.550557 -6.203169
9.753633 -5.989756
9.659585 -6.824196
12.313351 -3.904567
15.678956 -4.755119
11.422730 -2.858171
11.663433 -4.032244
10.911829 -4.746973
11.095295 -3.983032
4.771966 -6.212749
4.452034 -7.673133
7.869817 -6.349299
6.747453 -10.632228
14.966184 -3.107586
14.302243 -2.449767
7.637693 -5.496761
6.140643 -9.056187
7.629303 -11.257040
8.409158 0.629714
7.116351 0.674566
18.456303 2.259840
15.621317 -1.824502
8.188208 0.634642
8.375931 0.216782
7.710392 0.964926
7.625103 1.910058
8.177198 1.263233
6.222000 0.585262
4.933071 -0.367427
4.095163 -2.612536
4.214805 -2.326079
4.790767 -1.145010
3.674859 -1.629235
5.234713 -0.523983
6.691164 0.927188
6.895398 0.508223
9.031864 0.393176
8.866081 0.275369
8.233594 1.494523
8.163013 1.845347
5.819110 0.705568
2.961340 -3.146704
2.431011 -4.752870
6.822979 -5.654856
6.868176 -6.263593
12.263758 -4.988722
11.092901 -2.461294
11.560555 -3.130002
11.714152 -1.921569
11.421894 -2.394686
12.236770 -2.549611
12.970793 -3.536837
13.722091 -10.431647
8.752674 -6.253308
7.783226 -5.639542
8.784548 -5.730418
7.611189 -7.259297
8.739916 -7.980379
11.378935 -7.656088
10.677853 -2.309910
11.777411 -4.735236
12.005208 -2.669151
11.156530 -4.146693
10.848011 -6.720653
10.931881 -3.694259
10.979598 -3.012823
11.374574 -1.711032
10.807638 -3.682431
11.816581 -2.211801
11.185202 -4.098814
7.949205 -7.728332
6.405250 -5.601243
7.207970 -6.621047
8.276019 -5.832021
5.866030 -6.132616
7.348384 -9.288987
4.982655 -0.127282
7.025982 -0.001736
7.658458 0.294770
7.922141 2.005004
6.590536 0.513384
8.416641 -0.061744
6.902864 0.126080
9.097792 2.343031
8.625278 0.797528
8.579695 0.225276
7.126043 -5.344526
5.833169 -6.877279
4.821404 -3.947701
3.059370 -6.295557
4.411807 -5.834649
5.136146 -3.684019
7.651491 -6.959341
7.966150 -6.743102
7.497938 -5.356046
11.669008 -3.107625
10.502243 -6.647569
8.967190 -6.504863
12.469097 -4.649472
10.818628 -2.390694
10.520640 -2.715398
10.972261 -3.910528
11.045464 -3.160471
8.831393 -6.197540
9.901213 -5.561741
11.363984 -6.817881
8.601755 -5.362523
6.411867 -6.593737
8.306353 -6.430338
11.338768 -3.308221
11.828953 -4.840869
10.719741 -4.866033
10.483173 -5.875339
8.796414 3.294169
8.702343 1.691137
17.897156 1.265735
13.664730 -5.337666
8.548094 0.321570
8.262396 0.794908
8.082836 1.942688
8.806168 1.000305
8.853084 0.167333
5.780066 -0.101610
4.515605 1.107043
4.831908 -1.149002
6.387661 1.442776
9.075545 2.661437
8.929730 2.489616
8.114975 1.283269
7.507133 -0.103668
8.014069 0.295332
7.910311 0.749113
4.788896 2.299898
8.120845 4.595646
8.361431 2.518781
9.470220 3.951194
6.650574 3.460637
10.772120 5.461921
8.146254 5.079300
10.155686 3.764691
13.677376 4.893518
6.713504 4.661213
8.460944 1.448309
7.956591 1.734818
5.708876 0.344114
2.116374 -1.416548
3.498321 -3.192043
4.956352 -2.959520
5.236755 -2.929808
5.087906 -2.010653
5.485376 -3.118434
5.144696 -5.305917
6.625624 -5.826226
5.759666 -9.519059
8.948740 -7.995247
13.131654 -7.703454
8.755808 0.166534
8.105569 1.097133
8.323793 0.982311
6.441428 -0.133886
4.989476 -1.895463
5.538214 1.089976
9.358540 4.716764
9.488476 3.978775
7.219368 4.147427
9.011504 1.827726
6.759502 1.100529
8.308499 1.718715
5.342801 0.639932
6.623826 0.110571
7.438596 1.455964
10.593366 -3.192142
12.049742 -3.705665
15.569725 -6.046707
11.461134 -4.509755
12.419073 -2.960601
12.024357 -7.731319
11.810568 -5.223409
6.700918 -6.646140
5.227187 -7.915714
8.259774 -6.894989
10.845219 -7.244161
10.756149 -3.987104
12.070001 -3.153934
10.762277 -2.429295
10.962559 -6.823871
11.555606 -4.677858
11.705326 -8.668883
13.376509 -6.409250
8.646380 -7.067026
10.768909 -6.378481
8.596807 -6.473241
9.713686 -7.467384
6.844344 -8.870866
6.705158 -5.864190
7.720727 -13.244858
5.326115 -8.009674
5.248335 -3.879554
5.449123 0.865444
6.753867 1.561187
8.171202 0.304853
8.368209 0.378309
6.215453 0.831469
9.601398 4.035552
7.431904 3.330929
5.989851 4.170508
8.619715 4.895150
13.871287 4.395045
12.603183 3.578731
12.464442 4.094975
13.877150 5.674461
7.318821 4.374747
8.205924 2.903195
10.084094 4.638565
10.745059 3.657190
12.839509 4.675913
14.933725 3.014854
14.659229 10.607965
10.803321 4.038607
13.634395 4.227856
13.306219 5.335161
12.169228 3.424056
8.521729 3.696810
8.452381 1.931977
9.091109 4.215640
9.025589 1.717868
6.981016 0.913123
6.496460 2.044825
7.240972 0.716169
7.682501 1.515131
6.360429 1.622967
9.094978 5.301161
9.688728 3.583269
8.000154 4.787301
9.171146 3.476092
7.648829 2.031928
8.620770 3.062694
7.925792 1.172080
6.199582 4.897018
8.489042 3.798603
5.835536 6.885980
7.511919 5.393117
7.508183 4.149985
5.837942 9.281617
4.386235 8.828334
10.299859 4.287495
8.746221 1.924184
7.843290 1.271548
8.949908 1.044898
6.065906 1.242264
8.310431 1.865239
8.229875 2.657602
10.464573 4.601283
9.272615 4.208480
7.454457 3.932949
6.228464 4.652097
8.191674 3.113355
7.103637 5.203664
10.430769 3.836133
8.750599 3.388327
10.034810 3.958960
14.351324 0.821855
11.739063 -2.559879
10.683387 -2.439889
10.928351 -6.165650
11.357575 -3.512866
12.641046 -3.068135
12.958177 -2.765897
11.225437 -3.883290
14.794781 -4.169588
16.208572 3.449883
16.290035 -0.060378
14.412667 -0.137048
14.382222 1.347506
18.700077 5.721720
17.429832 3.344509
14.861858 1.295999
7.942476 1.778730
8.376917 3.724798
8.955186 0.352104
7.887383 -0.209425
8.034099 -0.160412
9.017047 1.436429
8.964145 2.200679
10.787133 -1.850997
14.731409 -3.195898
15.613313 0.157462
10.972696 3.775046
13.859379 4.845152
9.867887 4.087693
8.551104 1.700121
10.598545 5.330082
11.090086 5.053361
10.729237 3.879400
11.844804 5.696795
12.500055 4.586103
8.979563 0.628822
8.983619 0.228289
8.719578 1.902494
10.783101 -2.740573
11.330709 -2.139654
10.540852 3.764144
7.664622 0.614640
8.477004 0.478405
6.702765 0.744551
5.757052 0.911698
6.559786 0.024027
5.416451 -1.084766
5.103312 -2.056011
4.534571 -2.983364
4.862393 -1.375265
5.417143 -1.835965
5.369032 -3.589556
4.167882 -6.554879
6.701285 -5.394310
8.306937 -6.672471
10.514130 -4.776268
14.796974 -6.226558
10.075151 -10.470568
7.871863 -9.876223
7.204579 -8.844663
8.184696 -8.387223
6.777997 -5.910413
7.003441 -5.754705
10.132287 -7.222406
4.767770 -6.560063
6.710913 -6.182971
5.351124 -5.508625
4.285140 -4.446221
4.007956 -4.279994
3.559655 -5.258782
8.196395 -6.497693
8.524973 -7.764042
13.086788 -4.089136
12.756775 -6.633022
12.733467 -8.389099
12.518962 -6.172834
16.064655 -1.544640
14.784762 3.137823
17.789633 1.856006
