6.439551 13.344870
8.309545 12.450841
6.296682 9.203017
4.216038 11.060479
-3.405685 9.042773
-2.039804 9.642401
-1.238425 11.293915
-0.298183 10.488125
1.189166 9.731682
-3.190822 7.102252
-3.150216 2.371119
-2.308863 -0.872825
-3.609691 -0.089894
-1.293555 0.161091
-3.076567 1.550646
-1.536594 0.432775
-4.096307 -1.418144
-3.429986 -0.742054
-3.338360 0.340417
-3.637067 -0.639781
-7.735600 0.532480
-5.884953 0.382886
-5.685747 0.510687
-3.432081 -0.087993
-3.224263 -0.529594
-1.695970 0.004418
-3.132829 0.021517
-5.538783 0.456693
-8.032714 -1.737372
-13.537511 -6.888199
