-17.896976 -14.207856
-16.213539 -9.786808
-9.916307 -8.704414
-6.707737 -7.598935
-7.310010 -6.375509
-7.535931 -8.019029
-9.538686 -8.482470
-9.101875 -8.870341
-16.119259 -9.921921
-13.932661 -7.378363
-13.171604 -1.658066
-7.988578 -1.080566
-8.152300 1.248219
-7.876239 -2.901439
-7.277914 -5.888189
-7.453446 -5.035914
-7.010427 -4.708376
-3.678299 -6.828788
-8.022637 -8.233438
-9.437049 -8.317851
-6.649282 -8.120159
-7.216427 -7.476500
-6.904200 -4.467814
-6.440921 -4.141759
-6.791413 -3.667107
-5.677608 -2.729515
-9.509321 -2.686896
-9.463432 -2.701367
-8.658899 0.979163
-9.062545 -2.488344
-8.924673 -1.121032
-7.149908 -3.232580
-7.867485 -4.517728
-7.187124 -5.866832
-2.435187 4.269641
-0.822375 5.800181
-0.744653 5.417050
0.440439 5.332889
-0.203354 4.618558
3.986303 5.445269
1.210109 5.157073
-0.213112 5.250357
-3.059249 7.333678
-2.370059 8.950452
-0.694643 9.708641
-0.914808 9.444488
-1.857924 8.755867
-2.737323 4.419652
1.056952 4.371957
1.873179 4.097396
2.748787 5.945058
3.774513 4.579692
2.784252 4.997397
-0.686725 4.427960
-0.772394 6.282599
-0.816528 6.482131
-0.575061 2.509741
0.274634 4.453463
0.031642 5.575928
0.199808 3.338966
0.718887 4.836893
0.636311 5.258305
2.396129 4.853025
1.993785 4.196007
0.914483 5.717881
5.201033 5.951869
7.026772 10.808036
3.739383 14.519213
2.924167 12.128092
