19.694483 -4.002865
14.443039 2.300687
10.458334 3.788430
10.473928 3.758388
10.479403 3.744838
10.463923 3.773974
10.478267 3.745981
10.462660 3.775332
10.478133 3.746073
10.462511 3.775443
10.478118 3.746080
10.462495 3.775452
10.478117 3.746080
10.462495 3.775452
10.478117 3.746080
10.462495 3.775452
10.478117 3.746080
10.462495 3.775452
10.478117 3.746080
10.462495 3.775452
10.478117 3.746080
10.462495 3.775452
9.852745 5.281499
9.643763 5.572071
9.684611 5.466337
9.624093 5.620339
9.664247 5.518391
9.618367 5.634609
9.658360 5.533428
9.616646 5.638886
9.656580 5.537969
9.616119 5.640194
9.656034 5.539357
9.615956 5.640602
9.655867 5.539791
9.615911 5.640717
9.655817 5.539913
9.615896 5.640751
9.655805 5.539950
9.615894 5.640750
9.655802 5.539949
8.265283 10.967884
6.199141 16.403614
