0.019625 19.956108
-0.875878 10.995849
-0.217779 11.152869
2.393216 10.593146
2.648297 10.552733
3.168135 10.684167
4.478059 9.673292
6.288289 7.647116
9.210854 5.505509
9.141264 5.559674
9.194364 5.526504
9.123377 5.580969
9.150270 5.559294
9.071746 5.615452
9.016814 5.640825
8.971439 5.644478
9.196218 5.476331
9.123597 5.533213
9.126789 5.523080
9.042003 5.583269
8.914780 5.652493
9.052610 5.524615
8.918338 5.589122
8.855374 5.608721
8.904718 5.521836
8.837029 5.546178
8.838362 5.471516
8.758989 5.505681
8.547551 5.638228
8.618250 5.500172
9.219810 4.798457
9.698454 4.415827
10.296555 3.728963
10.293844 3.726466
10.259057 3.762919
10.296619 3.729031
10.293922 3.726549
10.259165 3.763032
10.296791 3.729200
10.294130 3.726757
10.259446 3.763312
10.297239 3.729620
10.294680 3.727269
10.260192 3.763995
10.298431 3.730638
10.296144 3.728492
10.262189 3.765604
10.301626 3.733006
10.300095 3.731271
10.267586 3.769176
10.310280 3.738157
10.310870 3.737041
10.282382 3.776229
10.334077 3.747927
10.340638 3.746920
10.323389 3.786619
10.400208 3.760489
10.424340 3.754939
10.439026 3.786689
10.585039 3.747321
10.657427 3.713279
10.759768 3.697960
11.111992 3.576749
13.894686 1.924545
19.764954 -3.510629
