18.475410 -5.574739
13.926411 0.051903
14.247210 -0.494759
14.990688 -1.181692
13.926294 0.056094
14.247222 -0.489896
14.990837 -1.176069
13.926336 0.069218
14.247866 -0.474755
14.992477 -1.158343
13.929960 0.110656
14.255219 -0.427246
15.007771 -1.101796
13.972192 0.241500
14.325807 -0.279140
15.144135 -0.916528
14.368405 0.668516
12.341900 3.210808
10.678425 3.773422
10.673848 3.750071
10.458703 3.781232
10.473716 3.752834
9.649882 5.567138
9.690385 5.460890
9.661933 5.525961
9.621936 5.627523
9.647106 5.563687
9.688078 5.457339
9.662322 5.524967
9.622314 5.626576
9.647194 5.563471
9.688167 5.457111
9.662345 5.524909
9.622337 5.626522
9.647195 5.563464
9.688169 5.457103
9.662345 5.524909
9.622337 5.626522
9.647195 5.563464
9.688169 5.457103
9.662345 5.524909
9.622337 5.626522
9.986089 12.003148
