4.904896 -0.981223
5.356722 0.749395
6.107227 2.181107
7.110445 3.148372
8.915960 4.985294
9.671439 4.338279
10.285576 3.702692
10.282488 3.699791
10.246786 3.732737
10.285579 3.702699
10.282490 3.699798
10.246787 3.732749
10.285581 3.702719
10.282492 3.699826
10.246790 3.732789
10.285584 3.702784
10.282491 3.699916
10.246784 3.732924
10.285573 3.703008
10.282464 3.700220
10.246737 3.733384
10.285491 3.703770
10.282316 3.701267
10.246490 3.734972
10.285072 3.706405
10.281626 3.704911
10.245388 3.740530
10.283234 3.715606
10.278744 3.717768
10.240886 3.760090
10.275623 3.747818
10.267311 3.762621
10.512789 3.756055
10.500787 3.783692
10.626352 3.760393
10.625437 3.785466
10.627325 3.762033
10.626558 3.787342
10.627237 3.762152
10.626465 3.787476
10.627230 3.762159
10.626457 3.787484
10.627229 3.762159
10.626453 3.787485
10.627229 3.762159
10.626453 3.787485
10.627229 3.762159
10.626453 3.787485
10.627229 3.762159
10.626453 3.787485
10.627229 3.762159
10.626453 3.787485
17.823757 11.621481
