17.661970 7.675843
10.739520 3.790302
10.727942 3.764602
10.739520 3.790302
10.727942 3.764603
10.739519 3.790301
10.727942 3.764603
10.739523 3.790303
10.727943 3.764603
10.739522 3.790301
10.727943 3.764603
10.739532 3.790273
10.727953 3.764578
10.739532 3.789757
10.727962 3.764126
10.735966 3.783400
10.724902 3.758572
10.617270 3.772799
10.619254 3.749452
9.624458 5.624215
9.664366 5.522461
9.502608 5.642285
9.552195 5.546965
9.498796 5.640938
9.548816 5.545668
9.499597 5.638423
9.549740 5.542946
9.500777 5.635337
9.551063 5.539571
9.502265 5.631486
9.552722 5.535354
9.504238 5.626390
9.554918 5.529762
9.506807 5.619743
9.557775 5.522463
9.510183 5.610998
9.561500 5.512934
9.514726 5.599302
9.566532 5.500111
5.375671 9.123403
-0.185370 11.117720
-2.462571 13.673808
-8.378167 19.738976
