3.078209 16.543348
-1.416918 11.382329
-1.204226 11.392819
-1.405693 11.382510
-1.190987 11.390969
-1.382305 11.376199
-1.164243 11.376299
-1.334012 11.344159
-1.112117 11.314845
-1.236783 11.224399
-1.017741 11.098290
-1.072895 10.839474
-0.909281 10.417562
-0.932758 9.686336
-0.903097 8.184444
-1.154351 6.537336
-0.771862 6.631354
-0.733016 5.729227
-0.079068 5.529912
1.429098 5.285100
1.711438 5.742156
2.941073 5.881506
2.716355 5.243688
3.876646 5.644751
3.909674 1.906616
5.382155 -5.214507
6.711138 -7.333230
7.983835 -9.302508
9.843499 -13.803709
