14.653773 -12.149594
9.625140 -9.421905
7.286536 -8.458282
5.184101 -7.416591
2.854072 -5.471563
0.533062 -3.089163
-3.309813 -0.159010
-4.042415 0.493189
-8.812607 1.113326
-9.139437 1.268365
-9.135118 1.237180
-8.928972 1.133303
-8.814511 1.114562
-9.141112 1.269582
-9.138291 1.239612
-8.932335 1.135632
-8.817802 1.116701
-9.144007 1.271689
-9.143761 1.243906
-8.938174 1.139715
-8.823483 1.120222
-9.148776 1.275014
-9.153848 1.250527
-8.948945 1.145686
-8.836788 1.116820
-9.160485 1.272395
-9.194585 1.183242
-9.394373 1.297061
-7.800784 5.014626
-9.700480 6.269340
-14.637070 9.379964
