-8.924988 4.878490
-7.907905 3.718663
-7.548884 2.580216
-7.583936 1.787908
-7.948824 1.485769
-7.092893 1.138293
-4.587194 -0.700248
-4.332420 -0.757390
-4.579185 -0.700950
-4.323792 -0.757670
-4.570238 -0.701802
-4.314141 -0.758067
-4.560272 -0.702757
-4.303381 -0.758523
-4.549240 -0.703506
-4.291501 -0.758640
-4.536878 -0.702613
-4.278315 -0.757325
-4.521918 -0.690436
-4.262571 -0.746396
-4.493362 -0.595048
-4.589545 -0.526605
-4.362950 0.220020
-4.524646 0.587232
-2.988728 0.791930
-1.906981 1.512407
-2.009390 3.437926
8.304688 2.927085
10.730811 3.099388
15.078554 2.501142
