-12.025136 13.297050
-7.842731 8.570193
-6.206625 6.729816
-4.873026 6.431007
-3.957749 6.416625
-3.723960 6.631886
-3.625449 6.628746
-2.966803 6.346017
-2.848861 6.337577
-2.955579 6.480563
-3.033852 6.549770
-2.874794 6.436488
-2.980379 6.536253
-2.819947 6.389814
-2.909936 6.473467
-2.966785 6.505535
-2.807727 6.371981
-2.896295 6.457806
-2.952069 6.491085
-2.798552 6.362233
-2.887417 6.448744
-2.943014 6.482599
-2.416955 5.862066
-2.173744 5.470732
-1.963613 4.951271
-1.907753 4.463427
-2.046221 4.369458
-2.392555 4.267717
-2.264437 3.721663
-1.747903 3.085647
-1.985746 3.208380
-2.146765 2.275930
-1.861159 1.632219
-1.614426 1.272561
-0.917097 0.510831
4.029875 -5.844000
6.109138 -7.665054
8.108575 -8.724574
10.731260 -10.217684
18.168186 -16.136599
