19.251001 19.161631
10.244761 12.646318
7.068094 10.097006
4.975182 8.887241
3.760440 5.642920
3.773657 5.438355
3.722230 5.616563
3.732352 5.413325
3.674579 5.588679
3.680926 5.387342
3.613718 5.560166
3.615587 5.361892
3.532904 5.533117
3.527529 5.339771
3.419888 5.510637
3.398813 5.324974
3.254722 5.498064
3.204964 5.325416
3.000582 5.503603
2.893706 5.350813
2.573105 5.545653
2.357163 5.416766
1.827955 5.630462
1.244398 5.578217
0.330941 5.766943
0.075310 5.379437
-0.514821 5.131008
-0.783165 6.091352
-0.877507 8.097309
-2.363688 8.165130
-3.945899 7.849204
