4.300304 -18.751322
0.674602 -11.199259
-0.852742 -7.379631
-2.089486 2.655178
-2.341611 4.558739
-2.461520 5.540137
-3.003880 6.470676
-3.007520 6.499106
-3.015673 6.480447
-3.019948 6.509663
-3.028651 6.491109
-3.033425 6.521196
-3.042406 6.502712
-3.047583 6.533865
-3.055938 6.515985
-3.060495 6.548769
-3.064729 6.533721
-3.064291 6.570507
-3.051287 6.567508
-2.957107 6.479494
-2.822669 6.312370
-3.062545 6.570600
-2.969024 6.480981
-3.133120 6.531659
-3.123402 6.515350
-3.141423 6.411797
-3.480428 6.626493
-3.753784 6.929700
-4.081255 7.243764
-4.767038 8.745213
