-17.560793 -6.766201
-12.137461 -2.861968
-9.639828 -0.978137
-3.918086 0.736343
-2.310668 0.537555
-1.100337 2.001150
-0.160412 4.271937
0.915452 5.031904
1.795753 5.701600
2.012826 5.644063
2.016036 5.915467
3.193098 5.550828
2.956601 5.054758
3.341244 5.097821
3.592249 5.789397
3.768386 5.771891
3.602708 5.554995
3.670946 5.554776
3.483261 5.331050
3.513912 5.345094
3.310493 5.119046
3.599097 5.844068
3.645068 5.812936
3.344847 5.167214
3.131025 4.938883
3.446940 5.689931
3.497425 5.676875
3.183964 5.033961
2.955667 4.804321
3.306647 5.574043
3.368119 5.578879
3.042787 4.940031
2.807469 4.705126
3.191859 5.486042
3.270299 5.508847
3.273907 5.926779
4.527267 9.544338
4.929997 12.591615
8.434090 19.216757
