-18.545176 -8.317828
-16.340240 -8.197251
-13.595209 -3.905896
-12.130713 0.033549
-9.064448 1.909070
-8.385460 1.612596
-7.777706 0.843927
-9.362137 -1.935561
-12.924483 -1.494339
-13.752419 -1.719373
-11.274281 0.772512
-12.373783 -2.695930
-8.288590 -2.966625
-9.204292 -9.816883
-8.252247 -8.867039
-10.759943 -10.550516
-9.229652 -8.653029
-9.396849 -10.655408
-12.954635 -7.220198
-7.608490 -4.177850
-2.785445 -1.701780
-5.263887 -5.248921
-4.568719 -3.018536
-11.138099 0.042191
-10.195921 0.269151
-10.840246 -1.665133
-11.706005 -1.148415
-13.768535 -3.880967
-13.052829 -4.116077
-8.137925 -2.049559
-8.030198 0.422685
-6.481079 1.934963
-7.392261 2.197189
-9.577836 0.562675
-8.741877 2.609792
-9.123939 -2.300536
-6.971197 -1.247221
-9.600689 -1.700759
-6.656859 -3.797037
-5.741558 -4.727990
-7.658122 -4.909754
-7.088003 -9.182902
-4.443567 -5.028698
-4.289989 -4.888316
-5.699486 -4.581966
-7.204331 -3.187479
-10.700551 -1.679402
-7.920523 0.263376
-11.037371 -1.550428
-11.479449 -1.690192
-10.687294 -0.338864
-5.385277 -1.751708
0.273880 5.415084
-0.415997 5.722429
-2.279075 7.321967
-0.717691 8.605201
-1.247095 10.481768
-3.221364 5.332502
-2.625921 8.098507
1.253651 3.046958
0.172461 4.980912
-0.125465 5.314197
0.242825 5.760936
0.902943 5.791019
0.162770 3.475279
2.956071 5.065701
1.361125 5.154215
0.163187 5.908495
-2.904524 5.472884
-0.997991 6.926011
-2.852465 8.259231
-0.871951 7.871094
-1.673409 8.843966
-1.151126 7.831670
-2.628867 9.074176
-1.184961 9.455314
-0.948584 6.628388
-3.103966 7.301292
-0.684908 8.587056
-1.764174 10.910424
-2.628321 8.184052
-4.144567 7.837465
-3.915728 10.233389
-0.920407 11.600213
-3.632525 10.066278
-2.695309 9.324325
-1.569464 6.994221
-1.756801 9.251996
2.457759 11.019944
-0.491594 11.000978
0.438505 3.580245
-1.095000 3.138506
-1.465907 9.727971
-0.945233 9.341720
-1.709605 6.929110
-0.364247 5.301593
-0.012886 5.728195
2.604354 4.269583
0.538084 5.799636
-0.309601 5.768645
-2.829178 7.825740
-4.645617 7.496739
-2.872943 9.359689
-0.850496 9.477744
-0.753595 8.827851
-1.612248 10.181193
-1.830947 9.586257
-2.493660 7.956531
-2.919060 7.774991
-1.198912 6.020845
0.488811 5.239337
-1.656585 5.586903
-1.241790 5.081636
0.156397 4.585629
1.995883 4.392538
2.836015 4.797045
4.137870 4.379044
1.022154 5.314333
0.398139 4.733737
-1.749696 6.864511
-0.718577 7.833446
-2.185521 7.750942
-1.385936 8.021160
-3.682834 4.726923
-0.135631 5.164390
-1.345489 5.977857
1.003944 5.003336
1.013026 3.293912
0.660565 3.877307
3.939634 4.384206
4.911995 7.724721
4.321754 8.716702
4.498222 9.113595
4.927287 14.508595
