-7.980636 17.188070
-2.699655 15.088105
-1.458988 11.872222
-5.776972 10.287561
-4.486734 8.693488
-4.172743 9.976249
-2.345820 9.269547
-1.428962 9.485542
-2.962387 7.939873
-3.759063 7.998614
-1.864389 6.135521
1.502369 4.707442
2.095706 5.418721
2.610908 5.215799
0.556281 4.419569
0.991613 3.759673
-2.338691 6.751590
-0.694694 6.082013
-2.354700 9.160708
-2.137159 11.172824
-1.858269 8.782355
-1.048278 9.295178
-0.745297 8.050033
-1.115363 9.500388
-1.865692 9.890304
-0.957184 10.227504
-1.000875 8.155113
-1.404535 6.823964
-0.185519 5.073941
1.454648 5.337330
0.813282 4.446915
-0.766739 5.995692
-0.744848 5.012238
-0.726849 5.026899
5.793189 5.542706
3.952352 2.659412
5.077734 4.416349
4.706984 6.559619
4.534408 10.130538
5.091653 8.917550
5.134459 8.907697
3.804372 3.552028
2.615599 3.309995
0.707754 3.845869
0.501024 5.028745
-1.471130 4.641813
-1.458396 7.831744
-2.377692 13.452277
-3.628879 12.263244
-3.255192 7.635074
-1.271270 3.808941
1.891703 5.695787
0.548777 5.943967
3.826344 5.207209
3.972903 4.843347
4.852676 4.421809
4.448957 7.258750
5.182471 10.327699
5.985301 12.470407
4.872721 12.675277
4.439145 15.830901
19.064087 16.158897
