-16.032770 16.037775
-16.930943 2.695847
-11.645357 -0.224710
-11.207043 0.061260
-6.850634 0.120958
-10.169705 -0.205583
-10.269701 -1.518639
-10.612713 1.220529
-9.727161 2.306966
-7.973551 0.484306
-6.996371 -1.640803
-6.598231 -4.208130
-7.263678 -2.051188
-6.689194 -5.576148
-4.288113 -7.376590
-4.147968 -6.210862
-4.529981 -7.922568
-6.953554 -8.972569
-9.296704 -10.631546
-11.609118 -8.019369
-8.558557 -9.196074
-11.272959 -8.127578
-11.015392 -8.553109
-11.129566 -8.015557
-10.001611 -9.176838
-7.483354 -9.844949
-7.411920 -6.412390
-7.028583 -5.939330
-7.477095 -3.171750
-10.556022 -1.704541
-10.537971 -2.828772
-14.120673 -9.420438
-10.704887 -9.504109
-9.919155 -8.074480
-9.881475 -8.934451
-6.478514 -9.423437
-13.730642 -6.303223
-16.422352 -9.967545
-9.701942 -9.713641
-11.208082 -8.609385
-6.639363 -8.504102
-6.774698 -6.213451
-7.112514 -9.134358
-8.004584 -8.989110
-9.012247 -9.251706
-6.975604 -9.172545
-6.179706 -8.703153
-6.708002 -9.698386
-8.244338 -9.175816
-8.758481 -11.953936
-9.579512 -14.250617
-6.770277 -6.674620
-6.178541 -8.421887
-6.998550 -7.020935
-7.497014 -3.986656
-7.505640 -3.730135
-7.115722 -6.893379
-6.984279 -7.604278
-6.073411 -8.224681
-9.723373 -8.047602
-8.893521 -9.932667
-9.370168 -8.950999
-10.862173 -12.523226
-7.941188 -12.093776
-11.289084 -17.218067
-11.509156 -15.124774
-9.976383 -11.088748
-8.984315 -13.626661
-9.803584 -9.939781
-11.605120 -8.598543
-12.982016 -11.432717
-10.852026 -8.273694
-9.706981 -9.149400
-8.113800 -9.510116
-13.231781 -8.313520
-11.397250 -10.645268
-18.721130 -12.576351
-18.902346 -17.526972
-13.761628 -17.897802
-14.663318 -18.888603
