-15.137457 -19.375566
-9.937327 -12.073970
-11.128228 -13.576467
-12.179081 -9.297772
-11.155218 -8.207399
-9.412264 -10.000507
-13.964520 -10.457629
-7.861742 -10.161729
-11.676115 -9.786344
-16.606146 -10.432332
-15.120483 -10.857300
-12.560719 -8.297475
-16.626774 -8.580557
-11.596521 -8.020325
-9.934095 -9.648581
-7.419422 -7.692750
-7.459232 -7.615585
-7.646274 -5.679121
-6.549423 -7.173985
-4.261606 -6.172374
-8.052837 -9.459065
-9.515106 -8.595018
-10.642601 -8.582303
-9.720005 -8.077123
-9.036580 -9.538593
-12.725378 -8.386915
-16.598402 -7.171634
-14.273298 -4.858715
-17.691393 -14.659310
-15.256598 -8.090169
-15.435814 -11.672721
-14.104506 -12.159720
-11.522024 -9.695439
-10.677346 -11.891373
-12.883336 -10.673366
-16.256752 -4.537658
-16.662544 -13.981256
-18.538488 -15.053956
-10.094833 -12.505976
-12.153960 -11.219237
-14.735513 -19.213552
-16.833576 -13.121902
-17.774752 -11.191472
-14.543468 -10.902009
-16.071659 -9.069491
-12.587404 -11.942700
-16.303307 -7.354699
-16.764736 -13.663444
-10.448630 -10.433748
-10.138037 -11.505782
-10.143127 -9.459282
-13.518368 -9.667456
-12.562684 -9.332515
-7.586526 -14.088895
-7.064891 -14.793496
-11.184061 -13.669524
-10.124632 -13.258676
-10.606474 -12.406734
-10.633940 -10.930875
-12.973114 -11.686585
-8.160911 -11.136056
-6.474037 -10.613108
3.067155 4.527736
4.336643 4.399097
4.808883 7.007812
6.478073 11.564990
