-15.737704 -17.979155
-9.263644 -9.882215
-9.462469 -10.825038
-10.213926 -8.021348
-11.508459 -12.261582
-13.404459 -11.223916
-8.108671 -10.548287
-5.322057 -7.080216
-9.185672 -8.536193
-5.885892 -8.415475
-7.692606 -6.405678
-8.075562 -10.675085
-8.153009 -10.901973
-9.474940 -9.733109
-12.734909 -11.269708
-13.786704 -12.151023
-10.322141 -11.312894
-10.413171 -10.192962
-10.160164 -11.238056
-14.221201 -9.378695
-13.070027 -7.545352
-11.403395 -0.044330
-8.648766 0.804785
-6.254452 -3.980182
-7.893316 -6.832055
-7.674590 -6.893423
-6.968463 -7.565136
-7.057602 -8.243588
-9.686983 -8.394528
-8.479084 -9.598968
-7.274716 -7.494939
-8.456620 -9.510046
-10.767172 -13.376138
-10.594045 -19.923258
-6.051439 -11.607705
-12.737616 -8.608361
-8.792212 -9.452097
-8.755627 -8.894990
-12.052346 -8.781592
-9.293322 -8.733045
-13.624182 -8.386466
-12.434650 -8.805060
-19.230225 -2.422179
-14.853719 -12.006101
-14.585155 -8.281460
-18.196636 -7.581875
-18.488518 -10.355741
-17.125872 -13.049426
-17.872972 -15.034534
-18.418484 -9.116445
-12.887218 -9.596279
-11.134815 -9.182870
-10.054633 -12.703346
-11.962142 -10.429185
-6.396197 -10.740365
-13.001991 -10.076051
-11.981400 -9.581853
-10.593467 -10.561437
-11.350204 -13.660696
-11.337118 -11.317065
-6.000663 -15.441624
-4.378470 -14.650193
16.659813 -7.905368
