-5.461546 -17.653288
-11.297756 -16.726049
-8.501594 -17.397200
-16.784033 -18.456553
-19.606930 -17.852392
-18.701620 -17.668825
-17.246674 -16.981289
-17.445969 -16.756716
-14.316486 -18.523077
-8.845747 -12.012765
-9.073984 -10.314757
-10.026421 -11.599605
-11.482828 -12.406866
-9.652710 -8.216624
-12.338920 -12.143403
-11.818875 -11.344413
-17.134094 -12.313357
-17.833561 -8.881545
-18.832771 -11.384704
-12.517075 -10.816428
-11.991074 -9.542661
-12.632988 -8.082241
-12.256088 -9.365096
-10.684658 -13.055027
-10.503427 -12.539035
-13.261833 -10.512573
-11.123886 -8.457616
-12.220776 -12.119479
-14.075655 -10.725183
-15.497259 -10.410654
-14.165031 -9.211039
-13.409981 -11.433639
-8.236593 -11.139547
-11.685945 -11.997952
-16.248899 -11.267308
-13.575807 -5.053131
-16.605057 -8.538751
