-0.291339 19.970636
-3.615478 12.047591
-5.438728 8.616469
-6.562503 7.162185
-7.296129 6.383351
-7.710753 6.125046
-7.638969 6.335371
-7.802902 6.073671
-7.712009 6.283432
-7.827735 6.047192
-7.734130 6.258389
-7.836560 6.035469
-7.742335 6.247458
-7.839986 6.030569
-7.745617 6.242854
-7.841401 6.028502
-7.746976 6.240922
-7.841992 6.027636
-7.747540 6.240115
-7.842240 6.027271
-7.747777 6.239776
-7.842345 6.027118
-7.747876 6.239634
-7.842389 6.027053
-7.747918 6.239574
-8.282635 4.318268
-9.898584 1.126613
-12.261205 -2.577164
