16.761541 -11.473414
10.051960 -9.879794
8.170558 -9.666781
7.997938 -9.667949
8.039383 -9.665957
7.847674 -9.672450
7.990539 -9.666415
8.162691 -9.664998
8.090122 -9.665201
7.907332 -9.669372
8.010605 -9.666037
8.180475 -9.665198
8.095493 -9.665011
7.913591 -9.668920
8.012639 -9.666014
8.182277 -9.665236
8.096042 -9.664992
7.914231 -9.668874
8.012848 -9.666011
8.182461 -9.665239
8.096097 -9.664989
7.914296 -9.668869
2.692827 -10.424932
2.499413 -10.492543
2.167341 -8.789851
0.286601 -8.361228
-1.776876 -7.862700
-3.950276 -7.025683
