18.812756 -12.036473
9.795111 -11.095292
7.942515 -9.641809
8.119598 -9.643837
8.099811 -9.628165
7.919984 -9.623075
8.006337 -9.627494
8.175879 -9.634045
8.119867 -9.628237
7.943243 -9.622229
8.016759 -9.627816
8.185093 -9.634591
8.122717 -9.628378
7.946470 -9.622301
8.018215 -9.627866
8.186381 -9.634671
8.123112 -9.628396
7.946917 -9.622311
8.018419 -9.627872
8.186563 -9.634683
8.123168 -9.628398
7.946981 -9.622313
1.641773 -9.678605
-4.406596 -9.033176
-6.816881 -9.015054
-10.133361 -9.579395
-17.570564 -12.035722
