5.987066 -17.800444
7.218701 -13.389413
7.914917 -11.788766
7.920134 -11.781497
7.930141 -11.766373
7.949286 -11.734521
7.986546 -11.666601
8.058908 -11.520370
8.221942 -11.184470
8.078390 -11.467019
7.977664 -11.677479
7.961340 -11.735511
8.227829 -10.967745
8.098375 -11.195855
7.923183 -10.911683
7.933424 -10.573187
8.153129 -8.681312
8.754334 -8.018029
8.693075 -8.417184
8.762846 -8.091379
8.708566 -8.466695
8.713602 -8.414893
8.781795 -8.011142
10.435335 -1.560922
11.536549 0.946465
13.415232 3.952120
