12.550997 19.578421
7.117284 12.752972
5.187085 9.889926
3.449729 8.152728
1.375961 6.139377
-0.106405 3.921768
-1.645151 2.124154
-2.612990 0.744297
-3.599533 0.098553
-4.267624 -0.083642
-4.315769 -0.209337
-4.463582 -0.233830
-4.348217 -0.363200
-4.028202 -0.398540
-4.003818 -0.393918
-4.331630 -0.355672
-4.214046 -0.378912
-4.525271 -0.329615
-4.055267 -0.397075
-4.375545 -0.360899
-4.381501 -0.356627
-4.063471 -0.393992
-4.084874 -0.386957
-4.410976 -0.344802
-4.543315 -0.327933
-4.238475 -0.377046
-4.514100 -0.329120
-4.209140 -0.377596
-8.445630 1.291138
-8.315373 1.173815
-9.258366 1.119520
-9.779412 1.114099
-10.098774 0.282846
-13.857443 -1.972055
