-16.211559 -19.272364
-10.918810 -13.265435
-10.974100 -7.856173
-11.164618 -12.371205
-11.054105 -12.793464
-14.167534 -8.795152
-14.627466 -8.660417
-13.972677 -11.218980
-8.501680 -11.634499
-11.289846 -12.602895
-11.183102 -13.507842
-10.950702 -10.915969
-13.145838 -11.408525
-14.043761 -11.782842
-7.914111 -10.542153
-7.174785 -13.506692
-9.031755 -14.287047
-8.033638 -10.155733
-7.046335 -11.063137
-2.873365 -8.068310
0.011425 -3.072973
1.756054 -0.185964
5.393895 1.090829
6.148523 0.575899
13.493370 4.362040
15.209803 1.166362
18.141964 1.792918
