-18.411079 7.749896
-17.333857 8.087469
-14.836319 3.130365
-8.104750 2.584931
-7.642888 1.312995
-5.032489 1.181740
-5.899057 0.777209
-5.663960 -1.548344
-4.440578 -3.180692
-6.468751 0.578310
-5.296644 0.153504
-9.623620 0.809809
-7.906325 3.374430
-8.842529 2.338048
-7.581263 1.641487
-7.719487 2.382469
-8.530912 1.884042
-10.853744 0.120380
-10.524530 1.221417
-9.320799 1.984014
-12.311522 3.163711
-11.445396 3.121351
-12.123689 -7.546092
-12.070707 -0.324065
-13.984306 6.052125
-11.342826 0.841438
-14.733741 1.072496
-10.296041 0.691927
-9.269539 1.237366
-10.218542 3.195571
-7.935279 8.362679
-10.323750 9.075122
-10.950274 8.566597
-4.579883 7.432494
-4.681024 9.248294
-2.048430 5.986150
-3.840268 6.380498
-5.617894 7.250472
-6.502372 7.834561
-7.835565 5.614522
-2.169443 1.152581
-1.000741 0.790699
-5.441831 6.527799
-7.666414 6.456731
-14.899773 9.278298
-14.779947 7.409429
-13.453599 6.825634
-13.871713 4.794919
-13.320066 3.589370
-7.793387 6.646365
-7.234567 7.208060
-10.153673 9.650290
-6.617733 10.963213
-7.172215 8.242056
-6.850473 8.797789
-9.109108 9.263721
-4.008315 8.509347
-7.181257 6.856346
-6.859503 6.996993
-5.911524 7.594371
-5.299985 8.098552
-5.710023 7.689295
-6.460577 6.951666
-5.660446 7.067069
-7.708914 6.558709
-6.254542 6.971610
-6.354484 6.419458
-6.467111 6.333818
-5.739169 6.485095
-5.370157 6.903606
-5.852213 6.390261
-5.651724 6.532117
-6.596396 7.208406
-6.269012 8.351634
-9.267565 10.320828
-8.038531 9.805366
-9.717074 8.601619
-7.184032 6.728014
-7.409489 7.064579
-6.807045 6.761653
-6.258951 8.121217
-6.617112 7.847001
-6.786890 6.706711
-7.288155 6.650317
-7.637202 6.305122
-7.565215 5.795709
-7.642012 5.970724
-6.212323 0.981486
-6.105726 1.157338
-5.713325 -0.006636
-2.622339 -0.084067
-0.664722 1.211375
-3.446626 0.466843
-9.362786 -2.450021
-11.768608 3.198017
-10.886776 1.656895
-13.227026 3.034534
-12.004776 3.364180
-10.582242 2.381562
-8.976315 1.589210
-7.706148 5.596498
-7.725928 7.386594
-7.431644 7.008564
-7.933761 8.853772
-13.376764 5.361978
-14.576239 7.025187
-7.205292 6.471902
-11.727008 3.317077
-10.510132 2.942931
-5.278477 7.539165
-7.779754 3.800735
-6.582130 6.657637
-3.107116 7.544639
-5.971631 6.740248
-11.716167 0.301810
-13.777280 4.821535
-9.770986 2.354622
-7.850586 2.101953
-7.755522 5.826528
-7.873560 7.963889
-6.490766 6.392412
-7.403009 8.787259
-7.868544 2.559247
-7.815265 4.309814
-7.516994 1.111474
-7.679531 1.741034
-7.682372 4.439578
-7.641760 6.179370
-7.115922 7.978305
-7.777022 9.495324
-10.454992 9.366530
-13.682089 10.820075
-11.089016 8.614009
-7.542015 9.441400
-5.799913 6.460043
-4.508480 6.399983
-7.711031 7.776666
-7.765926 8.117639
-11.085807 8.564609
-3.447710 7.677759
-5.350883 8.020189
-5.059892 7.457731
-7.666731 6.397593
-6.324531 7.896708
-7.823006 4.976158
-6.354202 0.416098
-6.863056 0.191691
-9.294571 3.286073
-9.317333 2.831198
-9.516552 1.874005
-11.389046 3.031671
-10.482380 2.998909
-7.720154 3.173626
-8.906772 1.732717
-11.537675 3.289750
-10.705907 2.691101
-10.136404 2.409468
-9.105597 2.954622
-7.717718 0.933152
-7.790162 1.702053
-7.895777 6.629119
-6.612537 6.521695
-6.756353 6.327851
-4.553516 6.377422
-6.987448 7.526976
-6.617446 6.838108
-3.959367 6.687796
-1.908352 6.402276
-0.666462 4.792324
-0.537209 5.254519
-2.081810 5.535599
-0.960308 5.658516
-1.486857 2.081226
-1.721525 4.727370
-1.164460 4.265703
-2.082842 3.356180
-1.967751 2.625584
-2.288007 2.266506
-1.536087 1.348122
-2.432952 1.554901
-2.571832 -1.486560
-3.236046 -0.434491
-3.431052 0.970801
-1.417054 1.200642
-1.702975 2.911918
-2.317065 4.185729
-0.937266 2.275925
-1.322011 3.861506
