-16.882854 -16.029348
-18.934561 -9.729602
-11.908602 -9.541417
-12.192595 -10.841636
-7.998190 -12.205278
-11.195033 -12.898892
-10.956126 -11.007821
-11.213933 -15.425983
-4.615615 -16.300322
-15.231789 -19.395758
-9.042645 -19.051886
-14.840299 -17.853407
-10.904974 -18.236784
-15.722069 -18.698282
-7.175950 -16.278925
-9.272680 -14.322129
-10.441111 -14.277616
-10.294635 -13.374137
-8.224650 -14.002429
-8.631049 -14.525760
-9.381823 -18.995836
-10.972659 -14.226906
-9.792255 -16.152636
-7.263302 -14.094959
-5.973330 -12.935126
-13.377865 -11.482896
-8.223974 -12.847090
-3.808589 -11.149032
0.225521 -8.951455
5.363782 -8.380988
7.037630 -8.152363
3.641699 -5.250963
5.959249 -6.383922
6.456390 -6.935103
7.500904 -8.692590
8.031196 -6.644516
11.477245 -6.733139
10.625475 -4.683153
10.728247 -6.397085
7.692366 -6.559356
7.464536 -7.436131
6.013439 -7.027400
8.742249 -10.730408
9.910828 -9.616122
9.867776 -5.834503
6.271955 -7.157417
6.204162 -5.454338
6.725430 -7.907827
4.043218 -5.600327
5.028712 -2.823438
4.251865 -2.080922
4.793940 -0.527114
4.012070 0.102280
6.540085 -0.133720
6.296004 0.742066
6.080246 0.108851
6.973371 0.631295
4.027131 0.028477
3.281420 -0.785831
5.084571 -3.230038
4.581654 -3.913634
4.058524 -1.758440
4.031653 -1.243506
5.206634 -2.234591
4.011470 -1.314647
4.215134 -1.339103
4.244127 -4.932801
3.864479 -8.938415
10.733561 -5.583640
8.423794 -7.558911
11.096519 -7.463556
13.509958 -7.191776
12.625034 -7.682808
13.260450 -9.003876
9.477953 -6.296236
6.848898 -5.462086
7.575985 -7.237828
8.555445 -5.791125
11.509096 -7.184981
10.783701 -3.775103
10.873547 -4.614782
8.919695 2.357388
9.180903 3.124352
5.325164 -0.264252
1.998412 -2.279801
4.105448 -2.080627
4.484719 0.115537
6.246798 0.216213
6.348621 -0.136455
7.366660 1.908451
7.130643 0.777122
6.873756 2.776558
9.235167 2.525270
9.274409 1.612863
9.686242 1.861840
9.622661 1.292208
8.638922 3.256856
7.020867 1.820673
6.820931 2.193418
5.461666 0.155720
6.092764 0.834644
4.553126 0.206995
8.610437 2.703865
8.935707 1.563759
6.015282 0.975113
6.840401 0.758234
3.049710 -2.353146
4.678271 -2.553369
6.055536 -5.662004
8.296829 -7.031143
8.022387 -6.212828
9.896690 -6.204587
7.876071 -5.910121
5.406140 -6.793427
4.490789 -3.861908
5.487705 -4.195178
8.696882 2.808543
7.144928 1.444454
9.859100 1.540161
9.581783 4.010069
11.419534 1.527200
9.010971 1.897041
14.736765 3.920588
16.419014 -0.746270
16.122482 -1.042447
16.369770 1.092123
