16.059790 0.736189
9.268138 2.406978
10.882312 4.122592
9.403034 1.332677
7.891389 1.491371
8.098458 3.449934
10.236028 1.572805
9.915229 4.106843
11.439792 3.157440
9.664150 2.570854
13.651245 2.864585
12.579811 0.637563
13.429022 -0.931337
15.041006 2.887850
11.529336 2.583124
12.088511 2.942434
9.431921 3.453727
7.071592 0.806183
4.502474 1.284625
7.480395 0.332968
6.981705 -6.059607
10.068901 -8.266557
9.601680 -6.978631
7.622498 -8.106114
9.110257 -7.581966
11.212504 -4.318577
12.127730 -10.895057
13.722368 -11.332213
9.902871 -8.319274
13.690289 -8.801838
15.629082 -13.023115
10.841521 -6.242360
11.543146 -5.775561
7.894176 -6.139011
9.097279 -5.682202
6.244495 -10.812906
2.855323 -13.367700
