13.618086 0.757256
10.415767 -0.258597
8.377173 -0.665760
1.222917 0.128239
1.584980 0.187410
1.636557 0.157542
1.265896 0.110559
1.251927 0.136135
1.616271 0.193938
1.672477 0.165786
1.299990 0.120234
1.292650 0.147300
1.659950 0.203219
1.724250 0.177595
1.348377 0.134110
1.354409 0.162741
1.725772 0.215749
1.807980 0.174109
1.432495 0.137720
1.470666 -0.002394
1.110306 -0.040894
1.168411 -0.668924
1.512352 -0.718259
1.084788 -3.260669
0.411808 -4.625673
-0.919890 -6.996511
-2.346339 -8.979141
-4.351338 -11.633024
-10.235166 -18.067097
