-4.505147 13.804182
-3.170943 8.993825
-1.990938 6.061313
-0.366931 2.297894
0.486306 -0.389249
1.042228 -2.137253
1.452254 -3.116032
1.558784 -3.423312
1.387096 -3.301660
1.560878 -3.478218
1.392565 -3.348330
1.567662 -3.493983
1.399532 -3.361761
1.571271 -3.499189
1.403107 -3.366192
1.572873 -3.501053
1.404670 -3.367779
1.573563 -3.501774
1.405332 -3.368386
1.573849 -3.502059
1.405606 -3.368626
1.573967 -3.502172
1.405719 -3.368721
1.574015 -3.502219
1.405764 -3.368761
1.574035 -3.502238
1.405784 -3.368776
2.819148 -4.702686
4.844429 -7.041121
6.702654 -8.656435
8.498533 -10.736997
12.699649 -16.362347
