7.894589 3.833730
4.157206 4.267369
1.126976 3.761074
-0.572238 3.565655
-1.555871 4.128349
-1.765860 4.553392
-1.945704 5.066336
-2.448560 5.679486
-3.074738 6.657387
-3.038521 6.649945
-2.989646 6.573019
-2.955032 6.557247
-2.912311 6.473107
-2.887405 6.446101
-2.881252 6.335986
-3.187117 6.758621
-3.152546 6.763696
-3.119463 6.698886
-3.083146 6.696379
-3.037631 6.623469
-3.001203 6.612681
-2.949769 6.534156
-2.915197 6.515960
-2.872498 6.430647
-2.847787 6.400472
-3.277345 6.395957
-3.602555 6.558081
-4.424719 6.519899
-6.165353 7.372799
-8.567795 8.883241
-14.891732 12.531131
