17.451723 15.496844
9.841853 12.345801
6.681520 10.819523
4.657280 10.116846
4.352923 8.952163
4.523177 8.872416
2.585038 5.017788
2.806212 5.280492
3.068525 5.863778
2.881363 5.935143
2.836223 5.722060
2.604390 5.785139
2.528129 5.582973
2.210137 5.625907
2.041464 5.434091
1.586681 5.425314
1.216191 5.231677
0.386823 5.119698
0.411797 5.453323
-0.923055 6.035036
-0.750488 6.276664
-1.314813 7.110116
-0.970724 7.263673
-1.175454 8.158603
-0.726287 8.299053
-0.794363 9.441745
-1.484884 9.459266
-1.481562 11.556165
-4.428099 13.304775
