-13.332218 12.926300
-9.354105 9.057366
-7.352699 8.258076
-7.545015 8.289412
-7.937174 8.416825
-7.859810 8.414689
-7.700785 8.383821
-7.355783 8.256260
-7.548866 8.286989
-7.943676 8.411956
-7.871608 8.404710
-7.721549 8.363162
-7.393088 8.211361
-7.592440 8.221419
-7.640602 7.417116
-7.874609 7.234476
-7.774112 6.826639
-7.588881 7.063814
-7.759260 6.821623
-7.945548 6.568461
-7.643953 6.981431
-7.830555 6.733122
-7.925170 6.601790
-7.745054 6.846742
-7.864404 6.682018
-7.682633 6.927609
-7.823687 6.735812
-7.640256 6.981903
-7.797272 6.770882
-7.613956 7.014302
-7.781464 6.791712
-7.598270 7.033250
-7.771838 6.804370
-7.588751 7.044713
-10.453154 2.544760
-11.052670 0.163464
-11.266818 -1.674245
-11.436322 -2.875757
-12.015528 -2.566195
-12.048336 -2.814869
-9.369844 -8.207047
-9.461394 -8.112362
-9.428761 -8.164266
-9.528574 -8.062200
-9.532105 -8.013132
-9.416612 -8.143106
-9.333061 -8.231196
-9.419395 -8.141238
-9.339262 -8.227209
-9.426556 -8.136408
-9.354967 -8.216859
-9.444435 -8.124116
-9.393513 -8.191517
-9.488317 -8.094163
-9.485350 -8.132318
-9.593078 -8.026018
-9.725258 -8.061354
-9.594398 -8.158362
-12.058149 -8.353389
