-18.166817 -5.594369
-13.360764 -6.580990
-9.693525 -8.157925
-9.800934 -8.098269
-9.919969 -8.016166
-9.936465 -8.019887
-9.692934 -8.158273
-9.800265 -8.098671
-9.918621 -8.016927
-9.934833 -8.020801
-9.689977 -8.160025
-9.796909 -8.100696
-9.911899 -8.020707
-9.926702 -8.025326
-9.675219 -8.168743
-9.780293 -8.110631
-9.877831 -8.039262
-9.885275 -8.047462
-9.599785 -8.209796
-9.693818 -8.156965
-9.934261 -8.012876
-9.683729 -8.131582
-9.787418 -8.062922
-8.622149 -8.096135
0.395567 -11.873484
4.551982 -14.909502
