-4.790350 -8.900004
-7.553658 -7.946451
-8.440785 -8.217639
-9.512474 -8.130103
-9.423498 -8.212770
-9.632454 -8.145051
-9.769551 -8.046271
-9.568918 -8.189910
-9.698374 -8.098659
-9.787946 -8.034514
-9.651454 -8.132380
-9.756693 -8.057841
-9.623085 -8.152753
-9.737496 -8.071802
-9.605606 -8.165066
-9.726131 -8.080012
-9.595364 -8.172223
-9.719601 -8.084708
-9.589449 -8.176331
-9.715847 -8.087398
-9.586033 -8.178693
-9.713641 -8.088970
-9.584020 -8.180081
-9.712345 -8.089892
-9.582836 -8.180900
-13.923804 -5.319970
-19.354565 -3.106016
