16.132830 -10.991367
11.328351 -7.218289
8.946955 -5.873060
10.550212 -0.243464
10.694085 0.188453
10.549807 -0.173020
10.695920 0.251219
10.512470 -0.015284
10.665955 0.389848
10.308178 0.404209
10.132381 0.092356
8.600149 0.024013
8.832840 0.286736
6.078082 -0.146814
5.899404 -0.005771
5.281701 -0.115007
5.418408 -0.636312
5.158081 -0.462829
5.080010 -0.422858
5.328411 -0.579346
5.170113 -1.001418
5.424094 -1.247311
5.464540 -2.889462
5.162151 -2.598742
5.060584 -2.737810
2.011231 1.238021
1.275808 4.006074
0.568342 7.344450
0.236674 10.521731
