3.473977 -0.962534
0.192570 -0.269659
-1.433885 -0.082815
-2.507365 -0.031707
-3.324771 -0.111999
-3.609685 -0.248429
-3.940780 -0.247562
-4.478441 -0.048136
-4.494318 -0.165076
-4.029064 -0.336243
-3.783067 -0.398859
-4.325165 -0.114978
-4.353586 -0.203940
-4.522727 -0.208363
-4.482830 -0.277363
-4.232815 -0.350838
-4.231449 -0.317791
-3.973893 -0.378605
-4.495573 -0.086106
-4.505904 -0.177285
-4.039809 -0.341133
-3.792971 -0.401242
-4.333675 -0.114714
-4.361203 -0.203429
-4.528772 -0.207505
-4.487789 -0.276589
-4.238202 -0.350337
-4.235587 -0.317288
-3.977813 -0.378115
-4.498994 -0.085362
-4.508975 -0.176606
-4.042750 -0.340713
-3.795697 -0.400871
-4.336141 -0.114304
-4.363436 -0.203156
-4.530531 -0.207198
-6.784273 1.231266
-8.259797 1.965476
-10.138510 2.183466
-14.578581 2.475780
