11.118396 -4.170617
13.504642 -3.707869
13.884562 -3.173448
13.256694 -1.670486
11.633101 5.715281
11.427460 5.482988
17.065884 0.780956
8.937534 2.071854
11.837265 1.996661
8.997616 3.109232
6.881394 -0.098930
6.273859 -0.161219
4.842112 -2.481582
4.748075 -2.211569
3.083638 -1.251821
4.592653 -2.680462
4.457994 -5.064924
7.164178 -5.515995
8.524725 -6.046805
9.582402 -6.819890
6.066873 -5.260495
7.291190 -6.118509
6.087883 -6.286781
7.649254 -11.168190
6.777499 -9.163729
5.687279 -8.512548
6.971300 -7.471896
5.581333 -6.032382
4.497982 -5.127650
7.230483 -6.596371
5.668607 -5.281108
6.117010 -5.531232
6.931687 -6.596842
2.630106 -4.244176
3.663724 -1.902970
5.307949 -1.862387
4.902694 -3.007927
4.605876 -1.975331
5.465545 -0.297772
5.271539 -1.108579
3.942357 0.489848
7.189688 0.962977
6.275266 0.652107
7.071033 0.468944
5.226957 -0.119554
4.552480 -1.029506
-3.602156 -2.605492
-5.067212 -5.359070
-8.281507 -6.020445
-5.723250 -4.997986
-8.737526 -5.160266
-8.764923 -4.160929
-12.239489 -3.705633
-14.105756 -4.193629
