13.297275 -5.008258
13.138082 -3.445210
9.529696 -7.406410
6.572284 -14.538007
7.244808 -11.861794
7.364244 -7.681752
5.162768 -7.149617
7.157645 -6.031479
9.002359 -6.063562
7.476872 -5.610852
6.998278 -5.625093
4.236259 -4.880064
4.638091 -3.590950
4.363239 -2.767643
3.390419 -2.120404
5.473135 -2.257663
3.941264 -3.221827
5.315769 -1.215597
4.920733 -0.395615
5.683485 -0.079936
6.398336 0.708412
4.438601 -1.280416
3.758306 -3.193877
2.900118 -3.698985
3.719779 -4.686249
4.622812 -4.377653
-4.117103 -4.001749
-7.234693 -5.304368
