9.987923 -19.226658
8.239333 -13.199194
7.093415 -11.576028
4.910535 -8.182080
3.798718 -9.023203
3.151990 -8.139002
4.330947 -5.780595
3.138347 -4.234676
5.170121 -4.975753
5.027890 -1.258086
3.270914 -2.176622
4.652798 -1.238506
4.913982 0.522399
6.556758 -0.119182
5.599154 0.647253
4.005083 -2.280774
3.329194 -3.184902
3.102699 -3.864102
4.121167 -2.926209
5.073862 -2.935220
5.149253 -3.846965
4.516879 -2.331897
3.009481 -3.950320
5.463914 -3.197536
5.488164 -5.214838
7.923363 -6.245415
12.373880 -6.712060
8.025059 -6.817895
8.576923 -9.244661
8.263266 -8.957528
12.476351 -13.659860
8.654326 -13.085880
8.583561 -9.823944
6.151909 -9.412215
8.685459 -8.349451
9.319040 -8.345589
7.991773 -10.454717
7.488802 -8.932565
5.247064 -11.768499
11.748027 -14.329389
13.655202 -13.102919
10.592468 -7.561029
7.073854 -10.089263
5.595576 -6.842886
6.520735 -10.030186
10.086082 -6.010514
5.963279 -9.903895
5.469157 -9.410772
9.814594 -7.112228
8.024157 -9.085655
6.634067 -9.864505
3.412069 -11.482504
9.497267 -12.894651
6.013158 -13.343877
8.472800 -10.277704
8.972446 -12.716540
10.511855 -15.245499
13.271693 -15.229586
10.270980 -13.383666
6.587158 -11.277363
8.925169 -11.132909
6.728023 -13.228814
10.922555 -12.944348
10.631311 -15.190884
11.326458 -13.546489
14.981705 -13.095685
14.710465 -11.258899
17.033655 -18.831814
17.147062 -11.112888
14.697201 -8.854257
14.558974 -7.154391
13.110168 -4.301663
10.940205 -5.447990
7.159781 -5.953629
5.958650 -7.532493
7.872072 -5.301187
7.146985 -7.700357
10.027849 -7.417108
5.755498 -8.021649
5.902429 -6.213916
6.684038 -6.132289
6.196382 -6.790737
4.301347 -3.939698
5.317210 -2.885065
4.254181 0.436817
6.306832 1.032350
6.588088 0.584062
7.167570 -0.139605
7.293962 -0.095561
6.921830 -0.079869
6.950868 1.964278
8.115669 1.663732
8.641958 1.664334
9.038605 1.575430
8.602540 2.210061
10.875655 7.398325
