17.181061 -11.692642
12.058434 -14.699846
10.045890 -13.228684
8.746914 -13.888562
6.502429 -10.382403
8.743334 -7.710439
6.463036 -9.311547
7.563256 -10.827017
9.010500 -8.018685
9.553161 -7.570045
8.840660 -6.694692
9.154994 -9.276117
6.507503 -8.866959
11.238482 -5.028374
15.034476 -8.241660
13.832609 -5.548478
11.691217 -7.704508
10.847699 -6.302829
10.588532 -4.684741
11.140051 -5.334300
7.966771 -8.724813
8.344527 -10.585993
9.280849 -10.602544
7.335618 -7.250339
9.181008 -10.825407
4.793602 -9.590060
3.783725 -9.256808
8.233769 -10.341698
8.847118 -12.187230
5.262564 -16.844740
10.936892 -13.710590
5.659302 -10.568294
8.951283 -12.367315
7.431173 -8.403394
4.566070 -6.590462
5.293525 -4.567800
5.710505 -6.951930
9.850201 -5.927293
7.151894 -5.796934
9.545872 -6.669278
13.535795 -6.907585
12.975925 -6.900411
8.326864 -14.044484
12.813692 -15.086911
8.945642 -12.990225
8.159274 -9.543527
2.774981 -13.997360
10.311676 -15.813356
11.266320 -14.768601
11.808130 -18.538174
9.609564 -14.490065
9.399989 -12.833999
9.295085 -12.921334
8.794996 -8.691699
5.316226 -10.941261
8.723074 -8.314066
7.871504 -7.513340
7.782289 -9.823310
10.121614 -14.674482
8.219959 -10.288215
9.216928 -8.972754
9.252362 -6.436121
6.371056 -9.010234
5.431243 -8.664649
5.852036 -9.552964
5.211771 -10.057062
5.490203 -10.570280
7.762116 -10.586749
6.397325 -10.592402
8.861760 -7.303459
6.436655 -8.857942
-3.461843 -7.764714
-9.712897 -6.828971
