-17.546417 -13.087086
-9.718293 -8.192328
-10.281948 -9.476338
-5.349864 -7.166287
-3.885790 -5.340352
-4.670771 -5.798162
7.373364 8.760554
9.235886 9.136247
7.765004 7.302269
9.399847 5.800433
8.492919 3.363709
10.035648 3.577629
11.262738 2.206093
7.484153 3.734591
10.950727 2.769924
8.527055 2.703568
7.477283 2.701498
10.739638 2.384881
9.664359 2.524013
14.452774 3.436053
9.514248 1.359453
9.290054 -0.092162
10.696024 2.535051
12.581156 3.236529
13.163895 -0.817971
15.583459 5.306480
15.504532 6.633835
16.983120 7.583475
15.509338 7.291213
