14.237263 0.847001
10.538275 0.935540
8.955771 0.605900
10.309230 0.459470
12.242289 1.362115
11.960436 -1.263198
6.021444 -7.556370
5.850432 -8.703577
5.429216 -6.631997
9.344529 -8.425887
10.318562 -7.234478
7.168077 -8.080930
7.776381 -9.187070
8.377078 -11.518617
10.203068 -7.339037
6.459934 -7.045740
5.792418 -7.553985
5.789227 -6.686947
10.255314 -7.554725
11.325034 -7.656984
9.397873 -9.413813
6.566300 -9.840161
8.539496 -7.290494
9.506678 -7.316152
7.941592 -8.245349
4.165289 -4.757917
4.451618 -6.361256
4.838747 -7.059315
5.506720 -5.357285
5.193640 -5.207642
5.810280 -6.201622
4.582744 -3.973186
12.042161 -0.868176
9.535324 0.115845
11.487499 -0.134281
11.717584 -3.604211
10.227781 -0.140887
12.305811 -0.478229
7.610836 1.255492
10.841084 -0.583581
8.418784 0.476439
5.486169 -4.357229
7.917897 -6.937915
7.484563 -7.892013
6.589933 -9.285786
3.227268 -7.106394
5.031219 -7.971488
8.456305 0.017607
6.319809 -5.396171
4.553364 -6.690269
5.118555 -7.319123
5.518149 -8.792570
6.332037 -6.271406
6.364190 -6.792521
7.319940 -7.722083
14.191303 -6.703417
8.747714 -10.497224
16.376675 -11.910583
15.397629 -8.235556
17.602106 -13.022998
17.063940 -11.968160
15.613697 -8.266641
13.600588 -8.860087
12.938157 -7.350448
13.048292 -11.732545
15.989608 -1.128565
13.181309 1.150722
12.014360 -1.417687
5.236191 -2.071218
4.397625 -5.309399
3.147358 -6.541164
6.411345 -6.103215
6.333277 -5.356200
5.349553 -6.234925
7.135783 -7.977479
10.130977 -8.386702
6.903823 -10.622087
5.401120 -8.018718
6.274695 -6.622281
6.016514 -7.913844
8.991601 -8.610803
11.430893 -10.907099
11.895753 -5.808912
9.513147 -10.252379
5.818593 -10.134805
7.299706 -8.986892
6.866034 -10.370592
6.394874 -8.681351
13.375647 -9.941588
9.117319 -7.522389
10.050286 -6.810399
8.356892 -9.339006
9.235691 -8.543773
3.617544 -6.541101
4.805524 -5.205649
5.598657 -6.343256
5.141087 -2.346465
4.301895 -2.073185
3.431058 -2.060783
-6.565279 -10.838013
-8.058089 -11.350455
-13.142855 -15.518101
