19.819860 19.661367
15.089483 10.555743
19.109638 1.184291
14.808328 0.896465
14.401439 0.100243
17.474884 4.508203
17.510738 1.224128
18.426891 -6.091592
11.711612 -8.590179
15.826880 -7.380165
10.535719 -11.570704
13.774383 -7.929997
9.447876 -6.780896
9.852972 -8.049212
7.308477 -8.399856
9.879184 -8.384362
9.742992 -9.112411
5.768514 -6.509772
6.340240 -9.580078
4.347170 -9.277006
17.516216 -10.304748
11.889745 -7.546994
9.425046 -7.937867
11.396199 -6.865598
11.455083 -9.413081
9.947347 -8.237342
12.410009 -8.145102
12.384642 -15.043447
