17.276272 -4.115787
18.954956 -9.812229
14.595863 -18.431671
18.733185 -18.821161
16.226061 -10.645430
12.486654 -7.742968
10.900354 -7.719979
12.947006 -12.855407
13.911155 -12.201023
12.898418 -11.245061
11.505620 -7.226939
12.761116 -9.721754
8.652246 -10.602131
4.146836 -7.848996
6.992796 -6.880938
6.456904 -6.900912
7.882162 -8.328027
9.877528 -11.827683
9.074139 -11.654195
8.564006 -7.988942
7.574484 -8.669526
9.627122 -8.406425
8.490848 -8.935236
8.124662 -9.448207
9.875598 -12.157114
7.755552 -10.165989
8.664189 -8.711385
10.659133 -7.812055
10.856071 -6.990460
10.009873 -7.077327
16.139925 -7.498578
10.732596 -6.942520
10.823829 -9.342120
11.227498 -11.971324
8.023233 -6.937504
11.616295 -5.267002
12.289989 -8.605322
7.806464 -9.921371
4.070638 -8.737162
4.263538 -7.014483
8.878233 -7.268718
11.386140 -9.795335
9.491291 -9.961749
13.989504 -9.544381
13.951928 -8.595833
13.961010 -7.263781
11.285076 -9.749011
11.616808 -4.055037
11.501268 -2.982763
11.944479 -4.990955
11.748623 -7.636439
11.832916 -2.823427
11.145317 -10.167542
9.534096 -10.508426
6.289023 -8.450862
4.230209 -5.803721
2.394236 -3.538242
3.758070 0.928464
9.835924 3.084073
10.981577 1.899810
8.601961 -0.016037
12.527699 1.184588
12.366845 -0.946626
14.022528 -0.598679
13.860365 0.323212
10.665402 0.008864
13.385092 0.975551
12.773321 1.592369
11.216838 -1.509055
10.805600 -0.586567
11.605992 -1.171701
11.743543 -3.510969
14.454224 -0.321942
10.444486 3.256414
8.357947 0.337888
4.292817 -4.972773
2.069679 -5.751690
3.272329 -6.005478
6.126892 -7.394563
3.539415 -10.156426
3.556178 -6.169864
5.140240 -3.719420
4.919100 -3.973222
4.421278 -2.575233
3.999836 -3.900263
5.918794 -5.595549
5.388761 -6.915023
7.523434 -6.713265
9.193641 -8.792190
6.166294 -7.614524
6.279387 -6.866461
9.717771 -7.062171
9.694185 -8.582664
9.317896 -9.453247
8.145651 -6.714844
10.640983 -7.904630
11.204178 -7.887941
10.596731 -10.208996
10.732615 -7.825165
11.394743 -10.255654
5.489889 -6.183943
4.288243 -3.402913
4.677180 0.264056
9.317592 -0.052486
4.262378 -8.370639
7.461237 -8.795045
11.151007 -1.544159
3.939556 -3.852402
5.694737 -7.822648
5.469515 -7.436630
7.046581 -6.826550
5.535648 -6.664594
4.936533 -6.243241
6.711195 -7.497503
9.075471 -6.691840
8.668539 -7.421047
9.148971 -6.782552
3.660129 -4.871011
8.360922 -7.421165
6.269372 -7.801531
6.133333 -6.938688
5.463764 -6.133680
9.249770 0.389350
6.393824 -0.006120
8.875937 1.073502
11.444510 -1.012931
11.600412 -2.183142
11.730944 -3.385611
12.312696 1.641828
16.162935 -1.209892
14.894041 0.685918
11.889890 3.361969
11.825221 1.659039
9.259270 1.615236
8.956102 2.893116
8.894953 1.668693
7.595082 0.689508
3.499678 -0.502980
5.301418 -7.533613
7.956985 -7.769950
7.220408 -7.798728
6.285225 -6.851760
6.321907 -5.597431
3.721149 -4.967785
5.744369 -8.266147
7.878176 -7.011878
11.061675 -7.250527
8.741355 -7.007781
8.701099 -9.231725
7.845265 -8.427445
9.318281 -6.944839
13.205070 -7.798368
12.019438 -7.465846
5.862679 -8.594931
8.021188 -7.884443
11.673797 -9.061720
13.862877 -8.309705
10.511084 -9.067543
11.566254 -9.049128
10.736282 -9.470309
8.447701 -10.132548
8.587425 -7.334842
5.436541 -8.643554
8.687156 -9.359818
10.159285 -11.242085
8.355729 -7.725909
10.727116 -8.267688
11.373884 -9.466868
11.974491 -7.467494
11.414639 -0.536963
11.672488 2.549206
9.089311 0.888534
7.715654 -0.129809
10.450999 2.812513
7.992056 0.119029
7.246556 0.856933
3.983289 -0.303351
5.401111 -2.718999
4.086655 -1.255670
4.863329 -1.303131
8.104781 -0.202692
9.404985 0.015057
11.882276 -0.269624
11.636595 -4.153699
11.413498 -7.085154
12.548322 -10.177816
10.010320 -8.571506
7.979426 -6.926775
4.895045 -6.685567
9.788809 -7.538028
15.619070 1.449753
14.750182 -0.451175
13.076017 -1.215260
16.545544 -1.326523
11.684805 0.384210
9.315627 1.539928
11.362884 -0.565247
14.596810 0.028169
11.970858 -1.054205
11.175048 -1.400481
9.977440 0.324399
10.852753 2.021845
7.390097 -0.174169
8.159673 1.155359
7.134951 -0.171554
5.019008 1.179136
4.510661 -2.265420
5.524504 -5.580409
3.064779 -4.674896
4.905015 -5.123519
5.001940 -6.876753
9.784297 -7.572956
6.252907 -8.407004
13.160740 -9.354104
13.191657 -9.798062
14.383161 -7.741024
17.083006 -8.387332
13.070786 -6.875295
9.914337 -9.405047
11.621973 -11.598414
7.425900 -6.869617
9.581027 -6.836976
9.380718 -9.503961
8.553460 -7.661963
6.560364 -8.584479
8.354546 -7.014702
7.025187 -8.364770
12.131952 -8.271883
10.729863 -8.265471
10.691622 -8.994662
7.439604 -8.326238
7.125111 -8.947216
9.595228 -10.894064
7.357757 -8.327493
5.639577 -8.389316
-0.922200 -11.168868
-1.408638 -12.274986
-12.209240 -13.812301
