-7.267475 -4.339699
-6.547881 -7.109306
-6.647429 -3.962687
-7.378623 -7.068728
-3.988353 -3.611890
-3.712344 -0.253439
-3.593650 -2.508288
-3.483115 -2.631936
-4.052948 -2.661113
-2.818463 -2.009952
-4.229346 0.782815
-3.350666 0.890490
-2.797663 1.010616
-0.206764 0.890585
-2.124088 2.896944
-1.302716 2.762689
-2.450607 1.716231
-0.875053 0.857893
-1.600668 2.035200
-1.773061 3.979949
-2.124397 3.951333
-0.765242 4.738257
-2.329056 5.972676
-1.208875 3.722499
-1.624781 7.540013
-3.903471 7.672222
-1.970624 9.276294
-2.456209 4.635697
0.246670 5.428633
-3.021804 7.100258
-0.255966 6.637542
-2.442580 4.761325
-2.475592 4.900121
-1.095232 4.606921
0.033462 5.813702
-3.048047 6.989228
-5.789867 6.964028
-6.490648 6.601880
-4.936448 6.797820
-5.060186 6.908954
-4.940638 7.669427
-4.633193 7.127470
-5.646680 6.419897
-7.782517 6.544199
-6.655163 6.394306
-8.592127 6.610321
-6.075758 6.312850
-6.383808 6.611888
-6.395782 6.389985
-5.825455 6.873100
-3.945969 7.384719
-1.863773 6.222531
-1.472617 4.317175
-1.844757 3.035630
-1.613562 4.175683
-1.732743 0.931839
-3.291289 0.144089
-1.986456 -0.224037
-2.019952 -0.791364
-2.145645 -1.256486
-2.191573 -2.542247
-3.398665 -1.731616
-3.347525 -0.858119
-3.765208 0.888734
-3.410303 -0.433339
-2.997002 -0.479007
-2.178977 -0.287140
-3.067070 -3.107462
-7.464343 -5.574002
-6.433294 -6.229351
-3.503336 -4.059976
-4.212607 -2.764425
-4.188120 -2.315269
-4.511728 -1.066543
-4.000139 -2.333243
-3.417211 -1.404802
-3.401513 -0.324907
-3.541447 -0.143322
-4.448407 0.008141
-4.221535 -0.366566
-3.687524 0.249542
-3.181036 -1.232987
-4.030586 -1.538827
-7.512399 2.492320
-7.565334 4.883217
-4.833799 7.654309
-6.370676 9.130460
-1.726494 5.907407
-4.011502 8.051678
-2.313773 6.756676
-4.324762 6.688632
-6.771683 6.564645
-5.647955 6.462947
-3.679913 8.388518
-4.760318 6.621554
-7.026244 6.727336
-9.363932 5.745443
-8.590141 4.495581
-8.751585 4.304322
-9.825157 2.143547
-7.702125 2.520096
-8.287829 2.788950
-8.432773 3.458568
-8.274365 4.507991
