17.667654 -3.435447
19.466385 -2.196892
14.355641 -11.282334
10.007485 -9.179294
9.995449 -9.157196
8.355499 -8.914785
8.441119 -8.871716
3.145408 -8.303739
3.977468 -11.559923
7.142066 -11.621714
10.311627 -9.189062
6.394886 -10.314517
7.637930 -9.815932
9.075960 -7.919185
7.940550 -9.021102
6.406139 -11.514794
5.935713 -8.917888
9.209706 -8.279486
9.674629 -9.401319
9.683541 -9.765864
13.042660 -8.093580
12.362202 -12.797208
12.313770 -11.966824
12.699127 -6.725806
9.392271 -7.984443
11.297689 -5.384799
5.590180 -9.815047
4.520659 -9.255088
5.541699 -8.320850
7.258629 -9.086032
10.546437 -10.821871
6.592896 -8.829219
6.066415 -7.750457
5.518281 -5.330739
5.174195 -7.060484
5.009668 -5.152118
6.138931 -6.364708
2.056916 -6.571548
6.034053 -4.832883
4.540112 -0.780002
6.430620 -2.093870
6.319341 -2.353656
8.946806 -1.080524
7.537805 -1.173249
6.899431 -1.610667
8.900762 -1.671156
8.966673 -2.329207
8.902331 -1.298156
9.785234 -2.729364
6.116832 -4.673888
4.910615 -5.214875
7.784438 -2.123429
5.530465 -2.532574
5.242666 -6.339942
3.712139 -7.824402
5.875575 -6.824866
6.788935 -8.090036
7.469444 -9.057242
1.806103 -9.552236
5.637588 -6.042966
14.173950 -7.045853
12.309153 -7.314022
7.361705 -11.220233
6.985320 -9.883739
6.095872 -8.457232
7.402915 -8.758101
5.731755 -7.802196
10.705494 -8.255137
5.739441 -6.059412
5.527235 -1.135250
11.161388 -3.880287
7.628635 -8.499682
4.489347 -8.358810
3.739632 -6.245533
5.686205 -9.621861
8.695550 -7.952595
8.164319 -8.597811
9.343419 -9.386636
5.927051 -8.488860
5.421252 -3.653549
4.432092 -5.556504
5.505474 -3.556034
5.616316 -4.084162
6.822054 -2.557782
9.691391 -2.220886
10.663572 -2.639138
10.578404 -1.175405
9.529250 -0.418760
9.573667 -0.779920
11.152281 -2.648685
11.345648 -8.255993
11.875694 -6.360029
10.694702 -8.834901
12.409399 -8.173329
4.378679 -10.840384
