5.646723 -11.379182
6.824292 -8.492585
12.430334 -7.727764
8.145943 -9.225566
7.903174 -9.278716
5.640520 -8.568080
5.796282 -5.667580
6.001212 -4.512519
3.673043 -2.109073
7.218177 -1.891314
4.861539 -2.064195
6.059555 -4.978628
3.017483 -7.366966
4.672562 -3.674659
5.960615 -5.487846
6.102567 -6.355744
8.373246 -7.872494
7.963146 -8.902800
10.409101 -9.999522
6.523703 -8.013526
6.447553 -8.776583
7.771752 -8.246261
7.155354 -8.679770
8.049277 -8.031608
8.546679 -8.232122
6.608806 -8.603759
11.180595 -11.045934
11.596950 -7.293101
11.361191 -5.624422
11.406168 0.004715
10.233311 2.378843
10.686024 0.182291
9.434406 1.906291
14.957080 -0.550998
16.614090 4.388683
18.078053 13.321020
