17.987226 13.820618
10.448990 12.429783
8.264591 11.017617
7.340677 13.418967
4.395020 5.747370
2.466959 7.102646
4.994478 8.257950
3.165851 7.316889
5.490191 7.502801
4.891413 3.840237
4.021231 9.280938
1.653843 11.119233
5.261057 6.091266
7.361791 5.354903
6.176337 5.235281
7.250048 5.453910
9.462962 5.313698
8.293593 2.237092
10.925920 3.530226
10.791755 2.846408
10.231254 3.088186
8.093521 2.635169
6.294428 6.036326
3.603223 4.205015
3.607139 6.336125
3.483391 9.167416
4.421054 8.202030
4.634044 6.753577
5.933282 6.084876
8.584895 3.782308
8.800536 3.761441
8.642846 5.496262
9.158531 5.370685
8.950377 5.071222
7.303629 5.288854
5.690051 5.732005
8.630426 5.243175
8.830696 1.845505
8.460815 5.579581
9.490519 5.552986
7.733550 4.693809
9.005274 4.802632
8.685943 5.544431
7.449678 4.850650
9.591453 5.026624
6.030932 4.765265
5.941238 8.953882
5.976494 6.809674
5.198715 6.359973
6.355873 6.573308
5.786950 5.232763
7.228534 5.093262
7.316320 3.685824
5.155647 3.976218
6.426418 8.791074
6.463742 10.126298
4.500092 7.780732
5.209796 10.004111
6.256984 8.248751
5.769525 8.018712
5.657822 9.947411
3.879935 7.711738
1.541180 10.742173
7.202159 10.908595
8.940767 11.208051
10.875660 11.146173
7.743491 4.646943
5.306346 5.300950
5.021584 4.598826
5.922005 3.493914
8.409842 5.171872
8.592690 4.657490
8.137353 3.995365
9.362342 5.118953
5.554959 4.347988
5.394405 5.829380
11.678086 9.438470
8.828920 11.614821
7.463604 10.774749
8.721907 11.578700
11.356678 13.945708
11.856997 9.073785
6.228905 5.204520
8.810533 5.499519
8.110239 4.420367
9.718380 2.360193
8.793100 3.957164
9.820051 5.292053
8.514890 4.426254
9.187290 3.344044
10.234137 1.948992
8.277807 3.619041
8.291485 4.440476
8.866145 4.891871
8.616804 4.731161
8.921131 2.346793
10.904676 3.455630
15.205867 4.003378
14.971210 3.758611
14.265958 3.235552
12.354064 3.519048
14.947656 3.372044
16.205097 5.915964
14.312593 2.549217
11.534067 2.367042
11.552955 3.665368
13.584421 1.395576
5.683702 3.760158
4.357271 6.405418
7.241928 13.089073
5.856565 6.554927
3.268904 6.928537
6.044353 5.051604
5.603186 4.361754
9.415096 5.247343
9.587851 4.057785
7.195268 4.986339
7.658390 2.870413
8.476183 3.857275
11.791794 3.511632
11.438009 3.103151
12.496422 2.089793
11.545910 3.751853
13.739132 1.176542
13.726964 3.589154
11.583796 1.635985
10.284767 0.293722
8.618640 5.496593
8.475489 5.000106
10.591368 3.038864
12.861296 2.699152
12.453657 3.616482
9.668339 3.759561
12.430443 10.101232
10.913425 12.835399
13.835776 8.798642
11.972168 9.558617
9.965425 2.602175
8.849730 4.855880
9.091720 4.192180
9.412857 5.649984
9.661150 4.052073
10.676437 3.411540
11.931964 2.628157
9.386408 3.202563
9.545523 5.617049
7.801031 4.287895
7.506153 2.590495
10.695136 10.902040
7.068673 10.941823
4.794162 10.818286
3.952319 8.785039
4.683701 8.595016
5.365517 10.453050
8.299635 12.338387
5.034660 9.733314
4.511493 8.635059
4.184070 8.818431
5.923802 7.208299
6.026918 10.329608
13.264702 13.647311
11.752976 10.106982
7.887514 4.146747
7.559666 2.798866
5.346081 -0.229796
9.605869 4.912822
8.780570 5.135756
8.338611 5.550380
6.623786 5.549043
8.035548 2.707136
9.114712 5.312922
8.613353 3.177954
8.587751 3.718463
8.745808 3.506771
6.956917 4.189807
5.836392 5.242920
5.188463 13.424733
8.403665 11.079790
8.531209 13.605450
4.218467 11.503125
6.650874 11.235223
8.679532 5.011537
9.180197 2.095940
8.587567 2.208310
8.849809 1.840056
9.409142 5.253241
8.158154 5.253232
5.773148 3.365043
6.632752 4.693550
8.910751 5.055799
9.982087 3.171453
7.822268 4.630257
4.517780 7.127160
4.012584 6.731391
5.849285 8.464465
5.980230 10.632447
8.116720 14.790768
13.269143 17.298319
10.069683 15.107481
13.502655 8.929440
13.809831 14.852860
13.176025 11.213626
14.454850 9.011911
11.252190 12.111770
14.706112 13.912313
6.004684 8.561921
4.530560 6.975219
8.864528 5.480701
6.336695 7.115167
5.486114 4.307669
9.510931 5.356919
7.982311 3.588631
9.659454 5.096434
7.830764 3.881297
10.607529 3.741802
9.304001 1.567493
8.234469 4.221032
9.078544 4.033017
6.919607 3.633592
4.686586 3.936724
8.181099 3.023681
9.599661 4.655346
7.994133 4.235485
8.977324 4.142370
7.536919 3.019704
10.283232 1.828092
14.449644 3.647907
3.548748 7.409167
7.726549 2.633895
12.585724 9.993587
14.005983 11.381138
15.258177 12.680978
13.655100 10.562226
14.145551 10.483833
10.056333 11.174717
12.298296 10.654662
12.623538 12.252998
9.644865 11.836989
6.799747 11.211874
5.943449 9.410098
6.264146 9.874370
4.064955 8.002123
5.442296 5.107913
3.729190 3.624228
5.514526 4.772936
6.303255 4.169522
8.106148 5.548063
8.535918 4.676104
7.672543 5.451950
9.195477 5.073925
8.971025 5.194887
8.179979 4.910032
8.304555 5.647416
8.862678 3.798872
8.885191 2.508055
8.848525 2.801465
4.043076 4.055336
6.330622 5.935963
5.078288 6.929292
3.835685 6.343549
4.331190 5.882675
3.165698 4.627157
3.479760 2.661033
9.153256 4.547265
8.679106 5.235119
9.291874 4.434769
5.120552 5.067286
6.292012 6.586907
4.811110 5.785358
6.581701 5.523981
7.014332 4.324767
7.467170 3.764093
9.093412 5.014903
9.321172 3.651422
9.732554 2.770102
7.072803 5.289243
5.330738 5.184119
4.817307 4.645566
5.320704 9.337037
5.866508 7.495475
4.405229 9.674762
4.936602 8.073346
6.216673 6.060894
4.023378 7.257336
6.989039 5.056093
7.825712 5.503397
7.797243 5.576618
7.683871 4.859301
7.203087 4.549354
7.103666 3.990788
4.730549 5.099115
3.488470 3.229477
6.483920 7.091119
6.263790 7.356692
3.473866 5.864712
6.037403 6.074678
7.269171 4.712517
4.610110 6.005952
5.109606 6.640450
4.117748 3.900945
5.184646 9.118574
6.397734 10.555238
6.970255 11.588741
10.171840 11.667031
8.026358 10.673989
14.665770 14.557482
12.352774 10.435279
10.502558 11.490460
8.332735 11.010572
7.000847 10.962977
5.248234 10.251034
9.284112 12.044038
7.339573 10.858908
4.148806 6.964171
3.839643 5.898764
3.851858 7.047835
9.294733 5.095350
9.269487 3.494154
6.907537 5.094665
5.295626 6.594561
6.046615 3.553818
7.248063 5.005886
9.597293 5.649914
9.355348 5.492830
7.277640 5.570296
9.023902 5.032488
7.239564 2.178376
7.946642 4.537768
9.148505 3.631790
8.085837 4.175846
8.492852 3.762833
8.188604 4.336123
7.899534 4.549618
9.443995 4.296899
7.750734 5.311635
6.758889 4.895669
8.328062 5.316366
8.932287 5.049082
5.993141 3.391370
3.235086 3.387959
7.357031 4.324549
6.504708 4.185613
5.727485 2.868866
11.742176 3.782522
10.060209 1.564323
7.719824 5.391013
4.833129 4.532255
3.984946 7.651141
3.505457 8.160655
5.726220 7.048991
5.799774 8.274118
6.344447 8.309321
1.469444 10.338545
6.917083 11.457070
6.641014 11.317111
6.042606 8.865523
4.826872 8.328148
4.990716 6.849381
5.396775 6.075724
5.523636 5.923259
4.723990 4.363055
7.908592 4.228947
7.363661 4.958744
7.625442 4.995038
7.764803 4.027199
8.465820 5.463366
8.737221 5.550777
7.163407 5.142774
6.311959 4.712480
6.009173 5.893866
6.115116 5.787405
6.526740 9.910172
6.096123 3.973311
6.485319 5.792440
4.757228 8.030978
2.382354 7.680250
2.959472 5.880229
-2.056296 -5.399867
-4.881978 -7.393427
-5.739756 -11.749001
-14.199889 -18.683189
