13.372793 8.993086
12.293575 14.984346
7.470739 13.021992
14.683626 11.379429
11.923438 10.817109
12.723597 9.553630
9.574663 11.742373
10.077967 11.473287
6.624518 11.295821
5.861059 8.815413
5.905396 6.679057
5.694259 3.452159
8.967903 5.553843
9.724342 3.618324
7.626495 5.481193
5.890964 5.518565
8.320208 13.888206
11.024570 12.469659
10.804479 12.072454
9.381334 11.909812
9.874484 13.833291
7.431573 15.983942
4.978038 9.018280
6.631842 4.292797
7.052839 4.625808
8.795273 4.726665
9.410398 3.339528
4.481668 6.537114
6.605279 4.830124
6.428020 7.442997
11.538886 9.845263
5.561662 6.835009
5.382854 4.367181
7.325769 3.148528
7.775596 3.931472
7.368167 4.063619
9.327515 5.390984
8.262061 5.588016
6.635696 2.840923
10.009911 3.078844
7.729707 5.633528
8.359446 4.378572
7.006136 5.377073
8.337517 4.739720
5.628481 4.699836
4.315411 4.340589
7.287802 4.102978
8.673147 4.678158
8.319318 4.398651
8.932523 4.523766
6.252350 7.440169
6.247694 6.661646
8.886305 11.370893
8.794633 12.547329
5.892180 10.464793
6.211272 9.182067
6.477451 7.693874
6.404446 8.222274
5.795396 8.937330
6.928577 15.724067
10.265386 12.195575
11.311679 12.598712
7.094279 10.816956
13.687756 8.833648
8.151512 4.070148
5.994963 5.589829
7.533373 3.243093
9.651037 4.108202
11.974334 10.239511
4.887413 7.736708
6.147103 9.495824
5.954122 9.032498
5.693048 9.377950
3.528217 5.721646
4.172167 5.405345
5.063546 10.897523
4.677998 11.687697
9.201200 11.960155
8.933759 10.844742
5.102724 11.571292
9.140518 11.296304
9.480556 12.867156
9.054022 10.858433
6.748631 11.995543
6.015224 8.688781
4.862720 9.073814
5.345743 9.125131
5.568434 8.512746
5.527675 5.684642
4.163216 5.813260
5.875233 4.933775
9.302886 5.078320
6.772437 5.288240
5.453542 7.359879
7.093451 4.478418
9.062458 5.556345
9.412518 2.799191
9.734117 5.059762
7.688204 5.608390
5.066385 4.854736
6.283213 6.473193
6.463652 6.340410
6.246354 7.630667
3.813954 9.073762
4.121974 7.292441
6.325646 6.859008
3.766499 8.840320
6.008683 5.320739
7.136263 3.666837
7.764681 5.596019
6.566172 3.213905
5.766213 5.891304
6.326725 7.190757
5.503465 6.647913
5.630267 9.764283
3.509596 9.459677
4.782646 7.658790
4.349915 6.233062
2.288707 4.587922
0.259801 6.918683
2.870093 8.059443
6.080350 11.991582
8.728845 11.499318
6.798234 11.324571
4.026772 16.130602
