-3.301209 -2.320908
-1.923764 -3.423588
11.441560 0.509609
11.101787 0.599584
11.465342 -0.938080
11.467665 -6.217802
11.609892 -5.327132
13.276649 -9.516932
6.788821 -11.174960
9.136223 -7.862701
7.674204 -8.963935
6.309949 -8.167256
4.129228 -7.107836
6.052718 -4.685678
4.805300 -5.262387
3.368855 -6.165777
5.448209 -4.039166
5.051387 -2.707008
5.021905 -3.272613
4.893596 -1.706908
3.192877 -5.813278
3.975118 -6.030773
5.468677 -5.256553
5.429365 -6.723845
6.279224 -10.382810
7.520972 -8.439190
8.128058 -8.691061
11.959472 -7.595586
9.305840 -8.540476
9.440668 -10.383601
8.076473 -8.023350
10.034907 -7.977694
13.421524 -13.968689
19.425901 -9.985732
16.266809 -16.708303
19.335474 -18.269686
19.837177 -1.594339
15.980513 -1.617239
16.921097 1.890546
17.856750 -2.458446
