-12.227828 19.095137
-12.627934 11.509933
-13.250585 4.608135
-7.753713 3.822148
-7.731161 3.713155
-9.487981 3.388660
-10.941543 -1.872379
-10.523623 -2.965549
-14.336288 -6.890615
-12.402445 -8.985255
-13.798220 -8.213283
-11.272084 -1.988372
-10.781616 -2.033475
-14.613418 -5.555221
-4.106658 -1.161402
-4.311366 -2.916460
-2.717470 -5.347882
-7.604671 -6.324685
-5.856434 -5.701898
-3.475409 -1.482637
-4.015652 -0.998410
-3.813549 -0.487152
-2.945265 -2.739753
-2.733157 -3.202575
-3.944243 -1.150836
-3.270106 -0.525985
-3.971846 -2.026368
-4.431996 -1.438233
-3.896050 -1.826479
-3.499145 -6.261487
-7.050112 -4.818172
-5.686903 -5.436379
-7.854540 -6.250237
-7.239283 -8.505243
-5.303170 -5.475719
-6.556488 -6.261629
-6.942292 -9.377530
-9.226500 -9.128817
-10.170512 -10.504531
-10.969360 -10.385148
-6.005313 -10.932699
-5.687119 -6.909911
-7.876623 -6.227592
-6.707400 -8.320079
-8.143210 -10.065434
-10.504973 -9.727685
-14.157888 -7.540771
-13.129596 -11.134475
-13.073950 -7.111284
-12.733999 -9.459014
-12.671861 -9.086113
-16.660664 -6.066214
-13.974766 -8.129403
-8.628950 -10.589698
-8.895288 -11.664189
-7.781341 -10.007539
-6.947126 -7.510909
-7.681144 -6.046279
-7.874293 -5.045507
-5.689143 -3.966145
-4.988984 -4.770437
-5.862631 -6.007294
-6.288147 -3.991170
-5.803747 -5.792894
-4.790321 -4.915202
-4.242374 -3.225189
-4.570276 -3.467161
-4.532428 -2.632176
-3.916070 -0.454213
-0.963934 0.354611
-2.001293 2.895364
-2.073857 2.136767
-1.359472 0.535691
-4.213825 -0.120096
-4.212354 0.694338
-3.957440 0.029362
-3.856659 -0.552608
-4.359468 -0.769769
-4.363277 0.280071
-1.438233 1.642875
-2.068457 6.465587
-2.523769 6.760606
-0.782890 5.449372
-1.752985 6.010243
-3.556652 9.397111
-3.816386 8.775270
-7.301321 7.070030
-8.851050 1.365781
-7.941015 3.446338
-7.847250 4.415507
-8.652679 2.020849
-8.959607 1.429785
-9.140796 4.380765
-10.643232 2.036972
-10.726471 -2.967902
-10.242321 -2.421194
-12.066705 -1.432125
-9.881184 -2.550419
-9.783653 -2.100490
-15.972904 -0.689602
-13.107176 -3.399669
-13.574094 -6.610555
-18.639355 -7.503603
-11.637247 -8.289001
-7.580636 -8.177020
-5.224810 -8.426197
-9.586767 -8.799604
-11.249696 -9.596193
