-11.645543 5.996702
-9.718806 1.021080
-10.151155 2.013051
-10.032495 2.699811
-8.745152 1.134339
-7.682198 3.833156
-11.416653 2.069450
-10.335103 -2.302273
-10.429737 -2.828109
-10.352438 -2.127332
-7.813828 -5.722215
-4.062694 -5.961332
-4.833879 -4.613019
-6.398298 -5.092059
-6.463393 -6.638584
-5.896971 -7.882195
-5.771083 -6.253111
-3.459875 -2.416579
-4.053644 -1.529785
-3.461599 -0.015186
-4.511585 -2.178636
-3.704336 -1.396145
-3.754917 -1.590206
-2.552727 -1.760081
-2.917733 -1.472871
-4.275234 -1.288225
-2.978818 0.486804
-3.379546 -2.233234
-3.542413 -1.487750
-3.040465 0.224867
-3.397729 -1.282494
-1.066170 0.324589
-4.386072 -3.591841
-4.006206 -5.647249
-5.800212 -5.434770
-5.652001 -4.014351
-4.422596 -5.057160
-2.877645 -0.219216
-4.429196 -1.772375
-2.130546 -1.400141
-2.005477 -2.988262
-7.157113 -5.491704
-5.763742 -4.907862
-5.954967 -3.909831
-5.795174 -6.898060
-1.773491 -8.589988
-1.922458 -9.809548
-0.600544 -13.106799
