-14.206964 -14.446788
-9.140492 -10.527924
-3.626905 -12.222579
-0.275256 -9.102953
7.107460 0.583893
8.939702 -0.712884
8.373995 2.230093
9.007654 -1.523907
8.142443 1.558403
8.274882 1.266106
8.623890 2.933897
8.411761 2.879855
8.610945 2.563390
8.044284 2.373506
8.810411 1.012338
8.624899 2.106808
7.757449 0.525145
8.655860 2.438224
8.997931 1.838794
8.280326 3.064495
11.277079 4.810080
10.483056 3.451672
11.573770 4.232373
10.470022 3.733279
16.664417 5.203994
14.880973 2.516593
14.630508 1.796113
15.654477 2.040075
