2.540831 -0.146777
4.210243 -2.674652
7.198229 -7.368177
8.044215 -7.716614
8.291950 -10.313865
9.515821 -5.822019
5.907579 -4.171847
4.006886 -6.592717
-1.485335 -7.479578
1.487209 -10.932076
-0.867066 -9.714980
-0.566764 -12.136636
-0.892827 -13.105733
3.047799 -14.226371
0.496596 -10.734536
2.337767 -11.713687
2.310216 -9.723240
1.771366 -7.417663
4.001487 -7.187909
4.606104 -7.435979
7.781921 -6.957194
7.987468 -9.465590
9.319043 -6.867595
8.529508 -5.956695
8.000540 -12.439958
8.049869 -12.147566
12.211966 -15.224712
14.102104 -13.257496
18.552595 -16.107759
17.529528 -19.664209
17.484653 -16.179430
15.684937 -9.624249
14.741274 -13.509492
8.837203 -13.901464
9.245892 -18.334538
7.335079 -13.775060
8.827408 -12.258304
9.325096 -8.825976
4.338341 -8.082201
3.592597 -7.475313
2.593282 -12.546796
8.851554 -11.376461
8.110552 -9.845090
13.228186 -14.181878
12.275434 -16.306536
19.309788 -18.748995
7.915580 -9.318201
7.993000 -6.699125
9.163307 -8.269258
9.316005 -7.909242
8.084435 -10.006560
13.441529 -7.211749
2.246698 -7.789961
1.573375 -9.300544
2.429476 -6.968935
-3.470730 -11.342076
2.253129 -11.227490
8.367233 -12.609242
8.345629 -13.946557
5.799757 -8.022413
4.048866 -7.373365
4.036138 -7.338358
4.696212 -6.446159
0.800159 -10.820596
2.972678 -7.568383
2.222872 -11.061973
1.505447 -5.780865
4.272147 -7.267988
4.895211 -8.070943
7.579941 -14.188666
4.036106 -13.527125
5.473548 -14.712703
3.994160 -13.309978
8.806526 -10.128365
9.276206 -12.854646
8.713769 -9.925611
7.046736 -6.057064
6.862739 -5.678743
11.801343 -7.130580
7.301082 -6.660206
8.871465 -4.017979
6.775651 -6.945794
5.174294 -7.387446
4.286125 -7.650802
4.911308 -7.876386
1.424089 -10.191890
3.841002 -7.236601
4.386527 -8.156746
0.301016 -11.296378
1.125237 -9.134505
0.577470 -11.840631
1.183538 -14.396565
2.034949 -12.778169
3.272877 -14.628307
6.995781 -13.892182
5.675270 -15.641660
8.538486 -14.621079
8.529365 -10.504919
8.028360 -10.698733
8.068707 -11.514065
8.403177 -10.529603
8.658286 -16.181337
13.763060 -18.889071
14.734043 -14.281492
17.963154 -15.712766
14.633633 -12.571691
18.328831 -17.079851
16.152399 -13.348591
14.542483 -9.361031
12.170781 -14.256945
18.349298 -13.217708
13.226415 -7.616382
7.850009 0.585884
5.364915 -2.981446
14.831800 0.813076
15.650621 -0.251217
9.198481 -8.140876
13.812216 -7.429101
12.481287 -6.672890
11.052043 -13.358706
18.696266 -6.951540
18.513290 -6.811199
15.561056 -9.452894
14.534049 -6.700108
19.731747 -5.952270
13.516343 -6.862043
8.882624 -6.847111
11.365608 -4.918067
13.092899 -1.591671
11.014761 -1.724144
10.888029 -5.812644
7.379810 -5.695452
15.562651 -8.037896
14.538991 -10.132775
16.429201 -13.308498
12.816688 -13.890765
8.325741 -14.020516
10.561285 -14.395566
16.203194 -13.204245
15.225718 -10.552005
13.440465 -15.870381
11.986649 -15.976781
11.755955 -15.876702
9.586114 -13.391854
8.609119 -12.298013
9.237733 -8.510464
9.114445 -9.688364
8.915601 -10.444694
7.252982 -5.250242
4.780071 -5.928900
7.435968 -7.336056
8.764982 -6.693609
11.723627 -5.074532
13.316281 -7.325213
7.949964 -9.096600
7.257170 -16.976168
12.814960 -15.248727
9.164438 -10.318664
14.590197 -11.293460
8.569170 -10.568189
8.330823 -10.914738
8.799033 -12.875636
14.184408 -13.030474
11.181394 -13.322717
11.747369 -16.566498
13.085384 -17.681633
4.113818 -14.541020
-1.945526 -10.596404
1.959894 -11.013638
2.494277 -11.288575
0.236410 -12.044046
4.872875 -14.374820
9.688433 -13.398545
6.602804 -16.023134
11.287443 -19.619146
11.683847 -14.574485
9.607344 -14.322469
-0.267119 -13.695157
2.752603 -14.516845
6.450489 -6.984083
7.916268 -6.007606
7.121057 -7.570417
4.102248 -6.898854
8.406153 -9.426089
2.621349 -9.866199
8.022888 -10.836919
6.994458 -5.351761
4.554257 -6.832060
3.953658 -6.691657
2.457720 -9.073216
5.048771 -7.924782
2.663223 -16.663689
6.546168 -14.335019
10.065679 -14.902397
5.500505 -13.372515
5.163250 -14.265985
5.624586 -13.267170
8.214806 -10.139594
11.243818 -13.030820
10.826168 -12.987588
8.781415 -13.566817
8.017634 -10.526882
5.209203 -6.658480
11.085236 -5.897124
10.432910 -12.992908
9.769363 -14.098098
18.787628 -15.019197
14.500719 -10.388511
15.018365 -11.734265
9.080174 -3.458893
9.081902 -6.528913
6.211423 -6.345465
9.363581 -8.859430
8.657909 -6.549914
5.894620 -6.153914
2.817881 -5.806133
2.569221 -8.149309
3.717397 -6.586680
10.402082 -6.964803
13.250516 -7.066784
10.539067 -7.471315
6.637090 -5.704618
9.035435 -8.734317
7.929848 -8.717252
9.246825 -12.461481
6.669381 -13.926712
4.549958 -17.356516
11.199207 -13.544475
13.138754 -14.421689
14.107847 -14.929022
15.379687 -11.299649
15.467955 -15.266938
10.639400 -15.437061
7.972660 -13.530229
11.726337 -13.580923
8.478615 -13.475835
8.927293 -11.539161
8.401885 -12.317175
8.630527 -16.029865
12.517656 -16.681276
5.826533 -15.189466
1.897881 -12.864272
1.898940 -11.431257
0.701377 -12.911450
2.045070 -8.990741
0.815234 -9.280812
0.789217 -14.121821
-2.621060 -13.831152
-1.728812 -9.742541
6.974297 -6.606897
6.334404 -7.374663
7.209903 -6.069532
7.852981 -5.025324
6.900082 -6.834128
12.078351 -7.047495
12.266844 -7.556021
8.950964 -7.472726
8.069503 -6.436512
8.476121 -8.968690
8.064969 -6.921785
8.379892 -10.912383
7.984828 -14.537709
10.043867 -15.029395
15.889516 -12.457711
15.279293 -11.403045
15.156864 -8.843407
13.614346 -7.192723
10.579957 -7.036039
10.424623 -5.549302
9.566366 -3.821944
9.779728 -7.272798
9.496689 -6.479715
9.748625 -7.771703
10.249756 -5.652210
5.087807 -8.170518
7.280781 -6.585623
7.991454 -7.255642
7.854598 -6.098309
6.376260 -7.642194
9.037005 -8.388221
8.238738 -5.368202
9.228017 -7.589753
9.023929 -6.452144
8.452605 -10.724532
11.285249 -12.932612
1.046723 -10.854383
0.598754 -9.983479
2.443328 -7.745732
7.991679 -8.257218
10.948977 -6.272718
9.063235 -5.825963
9.133265 -8.923347
9.382391 -15.982833
5.305850 -15.502336
8.243323 -15.860266
9.131341 -16.329813
9.355520 -11.139760
8.596085 -8.384288
8.786163 -7.561764
15.021494 -11.998454
14.439515 -10.077649
10.445733 -14.668075
15.282563 -16.603195
10.693024 -14.824446
6.108696 -14.417474
7.914745 -13.066962
8.520112 -11.076852
8.006164 -12.713386
8.169970 -12.324864
9.156908 -8.472503
7.892145 -9.618292
12.189922 -15.305086
7.948925 -13.934691
7.846360 -11.284028
8.851439 -5.566679
2.867780 -7.977229
2.308980 -8.589333
4.324060 -6.360888
9.143165 -11.479354
8.404911 -8.689166
9.995987 -15.948829
10.160814 -13.261411
6.090269 -14.054797
14.330885 -13.842534
11.901693 -12.922989
8.552556 -9.751542
10.540421 -4.574285
11.016316 -5.865318
8.656530 -10.530147
10.581030 -14.674545
7.069692 -14.739347
0.213831 -11.326504
0.532490 -15.223485
1.326070 -12.299146
0.856689 -13.549260
2.161358 -9.723281
1.450897 -10.919273
-1.106115 -10.755370
2.333299 -7.992896
3.226682 -8.184130
8.637255 -9.959878
5.567827 -6.295695
4.065178 -7.468644
8.900114 -11.334023
5.111710 -7.147746
2.410045 -8.006434
4.628298 -4.685468
4.115803 -2.505008
8.391339 -9.414358
8.130506 -6.128471
8.771074 -9.731202
9.482849 -6.346424
12.876253 -6.721371
12.402516 -13.137181
15.656673 -15.776484
15.064260 -17.472668
11.774454 -13.975286
9.182409 -11.026372
8.338820 -9.080867
8.694816 -10.498231
8.335845 -10.421071
8.828540 -9.124128
10.345390 -3.969855
7.683812 -6.206770
10.513303 -5.453453
8.771292 -7.541825
8.622020 -10.697474
8.332901 -10.198372
10.359550 -17.194155
9.956424 -17.417479
15.326296 -9.820624
14.680489 -8.883564
7.881562 -8.240565
5.174856 -6.912588
1.793274 -7.898334
2.552531 -10.183056
1.392841 -9.471674
4.247485 -7.358982
2.809601 -8.569372
2.198407 -9.279052
3.060772 -7.301312
6.180096 -7.884402
9.537510 -14.556023
8.999198 -11.915229
8.919920 -9.565322
8.375559 -8.521813
8.076585 -9.344047
9.841867 -4.695652
6.010789 -6.953842
6.584115 -5.461159
6.084763 -8.016386
7.613070 -7.153410
5.139928 -6.717963
9.884189 -7.037677
10.225935 -4.154340
11.232593 -5.407513
9.828262 -7.120620
13.523798 -7.473827
13.387788 -12.944891
16.104794 -17.298988
17.166435 -10.985206
15.177589 -17.679033
10.858342 -14.022537
12.530247 -12.851129
10.104387 -14.933210
11.028455 -12.981294
8.220039 -13.195260
-0.407932 -10.387927
2.672773 -8.992373
1.875789 -9.012151
1.238243 -8.223174
0.383575 -9.626884
1.523343 -7.042410
4.437217 -8.143402
11.131998 -4.863738
7.216364 -5.854184
1.996590 -8.529166
-0.686888 -9.238000
2.132681 -11.126329
7.927319 -10.818096
8.969360 -10.190570
9.363976 -7.804643
6.525281 -18.121319
6.249948 -13.690825
13.141960 -14.887506
12.385544 -13.910211
14.476655 -12.485721
18.956425 -11.874064
14.449591 -16.268915
17.902033 -11.965678
12.417451 -15.115425
12.006189 -13.426358
9.144318 -15.519591
6.606172 -13.552407
7.775657 -14.211646
9.233829 -10.904587
8.662123 -10.024299
8.653230 -4.850421
10.829910 -5.485702
6.489619 -7.255538
7.926494 -7.600734
5.333057 -8.107860
2.772575 -7.328092
2.090182 -11.151431
2.596677 -8.701747
1.231209 -8.777740
0.257843 -10.690560
0.918061 -9.733703
2.484419 -9.128003
2.103881 -11.189763
3.064356 -13.584337
3.865139 -6.841976
2.830835 -10.034706
1.361144 -9.702405
2.713711 -9.460736
2.541363 -10.280571
2.485679 -10.787654
2.615583 -11.503029
2.804082 -15.548505
5.596043 -17.623957
4.601063 -14.406293
6.033302 -13.589237
1.551142 -15.960631
0.980523 -10.671979
2.671968 -10.486685
0.017298 -13.400390
0.023795 -11.236217
1.031941 -7.290778
8.077594 -8.650846
9.040878 -9.806163
8.620697 -16.206942
8.563567 -15.218913
9.493001 -12.924784
8.431284 -13.446279
2.130634 -10.147467
1.829269 -10.839725
2.060368 -12.629243
1.914957 -14.843406
2.055028 -9.045491
0.015551 -6.982884
5.346096 -8.118413
8.626622 -9.057645
9.301925 -7.966097
5.649993 -6.920142
6.453837 -5.209553
2.210777 -7.902194
2.635530 -8.698591
2.593749 -11.406587
2.006199 -12.728782
2.730886 -9.696177
2.427454 -11.974565
1.835243 -12.524495
1.373622 -13.906686
7.877453 -18.173504
9.847116 -14.248040
3.638818 -13.457300
-0.719586 -12.931290
5.788717 -14.238818
9.124629 -13.662013
11.202618 -16.016602
9.605202 -13.166273
11.175607 -13.252582
8.040606 -9.607701
11.754953 -14.517768
8.948134 -15.741021
9.223200 -11.532934
8.572043 -11.782963
8.015774 -11.733989
9.380227 -9.344435
7.050761 -7.553980
8.620158 -5.538039
8.667261 -9.390017
8.782532 -12.290690
8.122725 -13.933326
10.426323 -15.161103
8.152610 -10.923063
8.778838 -9.816043
1.839669 -10.807224
5.265289 -7.149241
5.158982 -8.125154
6.243547 -8.156362
5.566388 -13.796897
4.227056 -14.413235
5.846092 -16.356493
6.341343 -15.575110
2.656106 -11.961425
2.733033 -10.647879
1.875880 -8.543387
2.042434 -9.065024
8.895730 -10.481202
9.022551 -10.791289
5.041143 -8.189379
7.234530 -7.920074
6.254066 -7.585434
5.413487 -6.466388
8.527487 -9.502292
4.897045 -14.963364
2.751856 -11.950839
1.162238 -11.646138
0.605618 -11.376571
-0.958112 -12.364608
0.154655 -14.484101
1.262993 -14.866905
1.860357 -13.730530
3.947579 -13.455112
6.728628 -13.837601
4.285019 -14.495889
9.878430 -14.265779
8.988018 -14.858200
9.285261 -13.099755
7.940321 -10.733864
9.025667 -10.052931
8.547744 -8.030528
6.545053 -3.405452
12.329408 -7.807002
9.454374 -7.022297
8.411666 -8.923581
8.679960 -8.555361
8.816719 -9.699715
8.252138 -12.052314
6.841275 -4.064681
6.254642 -8.026437
9.789601 -7.189798
8.431667 -7.040733
9.952654 -13.627187
8.024704 -9.016459
8.470394 -7.954416
0.128967 -14.301936
-0.165994 -16.682163
0.484303 -14.094795
2.520534 -13.557879
2.765561 -12.989245
2.140351 -9.886779
1.835865 -10.630754
6.557665 -13.695132
12.968182 -15.302939
17.110542 -18.839937
10.590696 -18.021988
7.540747 -18.841528
2.056348 -15.674691
2.231394 -12.166617
2.549939 -12.895426
0.688261 -7.719395
2.753439 -9.549872
1.028401 -9.986060
4.981618 -13.419095
9.923719 -13.174226
1.047181 -16.707262
-1.731177 -12.154387
-1.667751 -11.533778
1.266622 -8.686149
1.527411 -8.308813
5.939413 -7.885782
7.781773 -7.504855
9.271605 -8.227319
8.654687 -13.605689
12.039256 -14.365345
9.337210 -14.633723
8.828021 -10.380905
7.647621 -5.931816
5.426494 -4.560136
8.604126 -5.965137
8.158422 -8.453282
6.629569 -5.880342
4.042520 -8.053140
4.605476 -7.692623
11.624153 -7.733910
16.505507 -10.669445
17.549397 -13.538835
15.141806 -10.877610
14.543493 -11.300281
15.195799 -7.549210
15.230841 -12.216438
10.893490 -15.809636
8.237888 -12.825277
9.179619 -18.521999
12.629885 -14.623035
8.922092 -14.599657
14.111434 -13.389260
16.454140 -13.747507
15.186378 -16.749304
11.869615 -15.799905
15.034145 -14.875518
8.953617 -11.761742
9.267597 -12.662058
7.651113 -13.326656
7.201795 -13.323224
5.141657 -7.473887
1.322580 -7.529017
2.479085 -8.691291
8.564727 -10.148222
8.452735 -9.701055
9.308676 -9.979034
8.266988 -7.884204
8.345247 -10.660140
8.464886 -7.269161
7.045801 -5.957834
1.809814 -11.166385
0.289684 -11.936803
3.141997 -7.219002
6.120737 -7.542139
6.808842 -8.048969
8.633554 -7.380360
9.225939 -9.437240
7.425504 -7.524848
9.157583 -9.604930
8.561589 -13.610090
8.148340 -8.647985
9.096389 -12.669245
8.809250 -11.228281
8.050272 -9.114715
10.952890 -14.213382
10.827257 -13.624261
17.750736 -14.223979
15.550718 -13.070416
14.929544 -16.290674
10.894609 -16.357317
4.991091 -16.129858
4.904053 -7.481631
9.190044 -11.062166
9.402446 -18.658434
6.171928 -13.838511
8.427146 -9.018581
8.440493 -9.772005
7.010121 -6.041385
6.649099 -6.321536
6.361266 -8.098573
4.214417 -8.131521
2.487998 -9.057673
1.454968 -8.622658
-0.257323 -8.827029
0.895708 -10.564116
2.701920 -11.266124
1.573584 -11.373998
4.542270 -13.365755
5.570744 -13.968815
7.240108 -14.177379
5.611773 -14.780658
6.180718 -17.589413
1.660872 -13.708195
1.699311 -10.289536
0.517671 -9.968622
2.491998 -6.615963
5.567594 -6.659247
8.330670 -6.539770
8.065304 -9.943324
8.364613 -9.476039
7.928410 -2.270453
8.983124 -9.198681
11.074995 -13.315101
10.378664 -13.180202
12.438244 -14.061932
17.618143 -12.550929
12.813742 -13.915706
7.970054 -9.230195
10.755776 -15.185191
15.382158 -16.487509
14.928533 -14.972789
14.731260 -6.902850
14.602196 -7.382908
15.566478 -11.036511
16.482790 -13.016439
16.768795 -14.966698
12.931273 -14.488418
11.180405 -14.008398
9.302573 -13.045638
10.703498 -13.961700
11.753512 -13.145664
11.157562 -14.676453
13.141901 -13.848754
17.056009 -13.909568
18.518881 -7.010883
17.939795 -8.322760
8.750319 -11.751360
7.907089 -8.771761
9.776715 -6.253319
8.460913 -11.033646
9.229823 -9.723245
8.616194 -8.491933
8.258290 -9.313510
8.239235 -11.334520
6.948622 -5.776413
2.903725 -6.824077
1.805590 -8.954884
1.232899 -7.887802
2.099834 -10.276214
0.277673 -12.323641
2.215343 -11.930625
1.593072 -8.983974
2.151964 -7.469282
1.860353 -9.094517
1.511193 -5.793756
5.232413 -8.106040
5.905321 -8.049798
11.487073 -6.496647
4.966463 -7.176976
4.506725 -8.138869
7.892044 -7.472217
8.186773 -9.720566
8.737318 -7.758675
8.388433 -11.217006
8.818927 -10.030660
8.989355 -8.861754
9.145448 -9.109805
8.305908 -9.244101
10.410500 -4.831119
7.239857 -8.098354
6.941565 -7.801510
5.791695 -7.934067
9.077131 -9.858201
8.919121 -7.705050
7.896980 -9.656817
8.490505 -13.130651
10.010328 -13.043174
10.070421 -14.421790
9.842949 -6.213347
8.056434 -9.178589
8.435902 -10.161449
6.904494 -7.426953
10.136091 -17.189800
8.175423 -10.478183
8.049023 -13.451440
2.802135 -10.613475
9.314499 -10.824046
7.349126 -6.360022
7.508933 -14.756011
1.614123 -13.470791
1.380790 -8.840554
1.326247 -8.822000
1.636434 -8.333385
2.329853 -8.423181
2.413242 -8.339681
2.732954 -11.138682
2.127359 -15.735452
5.455768 -15.469649
8.489773 -14.157128
7.899876 -14.475885
4.866949 -14.225326
10.507027 -13.401787
9.557881 -13.116602
14.063226 -16.930590
8.992620 -13.495114
9.068383 -10.967570
9.363076 -10.131695
8.219818 -10.765572
8.789004 -9.574115
8.964735 -12.185385
8.541109 -11.678642
15.858190 -11.768538
16.406406 -11.061347
14.451319 -10.405671
15.100168 -19.090677
12.192637 -14.515122
4.975945 -15.073004
2.634001 -13.439858
1.806571 -11.850902
3.479334 -15.923347
4.255015 -13.661074
8.169164 -10.846028
8.985293 -8.054999
8.543169 -12.265676
4.626184 -13.975979
3.351209 -13.814753
-0.611623 -11.620879
0.797187 -10.459477
0.967665 -10.439706
2.078209 -10.596764
2.342939 -9.188102
2.950371 -16.062664
3.409712 -14.483667
10.310809 -13.049050
8.164985 -10.655827
8.768173 -6.813962
6.015422 -6.359839
6.558699 -7.507064
8.234482 -12.523081
6.655023 -8.089140
7.666540 -7.965358
1.821037 -16.735828
10.259920 -15.608953
11.900778 -14.285085
10.381162 -12.942412
9.206432 -10.712562
8.451683 -9.275708
8.216263 -10.697045
5.867504 -6.882266
6.344314 -3.650308
1.258970 -8.014433
9.096108 -11.013924
1.360014 -10.602145
2.284770 -11.564038
1.877498 -11.117435
2.834810 -11.287930
8.351690 -11.358500
9.513593 -13.985758
9.716212 -14.461087
6.627867 -15.503639
7.504627 -13.466882
11.129747 -15.009465
3.172144 -13.287927
10.190819 -13.540641
2.829525 -14.371373
9.832246 -13.468161
12.108248 -13.009265
12.192410 -13.404969
8.972919 -13.518210
7.899570 -9.526649
9.278465 -8.561126
7.931973 -13.342544
5.323737 -13.658019
8.536391 -16.276047
2.286970 -11.311134
1.177791 -10.005222
2.177345 -10.763361
1.677693 -7.876564
2.518633 -6.483926
3.027051 -7.238561
4.614813 -7.272573
6.486542 -6.122334
7.672205 -6.823377
8.311261 -10.386276
9.079586 -9.903079
9.001591 -6.653268
8.792049 -8.294604
7.563559 -6.919750
2.973115 -7.331636
2.402000 -7.797097
1.702159 -8.636599
8.186727 -8.454499
15.293678 -11.936252
18.168161 -16.453230
15.827333 -11.076099
13.468115 -15.169112
12.158459 -13.066343
11.530308 -14.461308
11.584374 -13.592711
6.176728 -13.605203
5.068028 -13.564473
2.737813 -14.138984
2.471938 -9.280252
1.759982 -9.657845
2.836958 -8.825494
2.248814 -8.987620
0.866027 -10.109681
2.217737 -11.743127
5.856634 -7.969936
5.055150 -6.628984
10.288875 -6.242830
10.390050 -4.670858
6.566433 -5.926900
11.721552 -4.027452
8.338614 -7.781510
8.937013 -10.393891
7.777561 -7.562497
7.237638 -8.144315
6.137743 -4.969812
4.511271 -6.469315
4.808870 -7.938533
9.029680 -8.068305
6.081405 -7.634139
4.969656 -8.141741
5.155568 -7.113625
5.254988 -6.736326
5.404274 -7.604245
9.004991 -6.303310
10.865952 -6.384719
9.139040 -12.258714
8.864205 -10.224913
7.938917 -13.282763
7.204544 -8.164431
6.704668 -14.221946
10.875486 -13.080644
9.223325 -13.866529
8.463539 -8.610221
8.258191 -9.758857
8.384687 -8.852609
10.372263 -3.317326
5.313364 -7.715218
4.421207 -6.734990
8.183731 -6.684786
3.943795 -6.465941
4.007277 -7.607718
4.118584 -4.483286
2.181105 -9.334897
3.767009 -7.871866
7.546138 -5.659340
8.896887 -5.902221
6.808438 -5.786714
8.655854 -9.483972
7.867396 -10.749721
9.317370 -11.453984
7.958901 -13.507142
8.773129 -9.712510
8.034243 -8.299059
9.311410 -9.818336
8.583412 -10.088050
8.853931 -9.352101
8.144866 -10.660273
8.939413 -8.530076
8.334123 -9.558091
2.108040 -10.138107
2.817942 -9.789536
2.548029 -9.425890
1.498596 -12.569112
0.908948 -12.115404
1.715625 -11.697185
2.807203 -7.990758
2.642938 -5.190101
5.013881 -7.226438
9.141990 -6.779676
6.308272 -7.323839
6.773065 -4.712334
6.064772 -6.717037
2.432618 -10.832648
2.402053 -9.163962
2.075433 -9.481331
0.710045 -10.580239
2.319196 -10.445580
-1.560142 -9.893229
0.685642 -9.467408
7.918165 -15.399648
6.469378 -13.900460
7.252271 -16.375967
9.017895 -13.508069
8.669827 -13.907518
1.950149 -11.755466
2.806029 -8.071076
1.273510 -10.718557
2.003852 -8.920806
4.435600 -8.092740
6.094976 -8.117316
3.813328 -8.184207
4.070373 -7.997998
1.143598 -8.728859
1.433089 -9.036239
1.180704 -9.664606
-1.455864 -9.707550
1.138015 -9.609379
1.339375 -10.100839
0.479685 -9.744447
1.591312 -9.357257
4.786980 -5.021908
5.427272 -7.037480
3.305930 -7.922209
6.819742 -7.394847
4.627108 -7.164920
-0.935307 -10.012160
0.768063 -12.763605
2.460650 -10.368680
2.292831 -9.777047
0.101578 -11.533485
-0.740595 -11.790627
4.175126 -14.802104
10.613705 -13.498124
11.377215 -13.016008
14.306490 -15.702580
10.856645 -13.207312
1.806782 -9.769437
-0.843508 -9.260631
0.007615 -3.933238
4.373865 -8.088876
4.669060 -4.257812
3.947665 -4.855953
6.955626 -7.565478
4.762451 -8.129827
7.562810 -7.110645
7.893568 -8.050262
11.505484 -5.515879
10.758942 -5.442677
8.347450 -6.610877
6.800683 -7.995552
8.222694 -10.473854
8.194708 -10.946826
8.908315 -10.760577
4.307078 -7.417193
4.378741 -3.283595
3.620481 -6.983443
2.448298 -7.904347
9.308231 -12.632697
9.858841 -14.887460
5.571956 -13.444948
7.690294 -14.766605
2.957879 -8.031828
7.493749 -6.558425
9.016625 -6.681782
7.411775 -7.937336
5.567157 -13.515420
6.669197 -13.363789
10.177377 -13.368135
9.178288 -12.816205
12.643696 -12.886523
17.052723 -13.447165
10.389463 -16.217737
9.164000 -9.743772
19.547306 -17.720926
18.163279 -18.393095
11.648638 -13.439448
12.848674 -13.709973
7.896682 -11.321068
9.355902 -7.642497
9.064672 -8.183362
11.633260 -7.461430
10.748266 -7.674087
8.876329 -16.445471
-0.215206 -11.861628
9.469040 -15.607100
9.887161 -14.414157
8.548578 -11.350333
11.541170 -13.078163
15.592881 -11.108170
8.274155 -12.311021
9.199922 -7.777903
7.607102 -7.621423
0.740628 -11.595717
8.455969 -8.608787
9.100924 -9.046188
8.104174 -8.786913
9.102489 -11.474123
2.454397 -10.373837
1.408025 -9.455940
0.245287 -9.055429
5.959653 -6.513401
7.714751 -4.490101
8.855551 -7.042978
9.410305 -4.554685
2.667688 -7.394541
1.893879 -10.122107
2.156521 -11.428925
4.281259 -14.934868
6.342893 -16.139456
7.154798 -13.422637
2.544814 -12.964263
-1.028948 -13.056314
8.685345 -9.930692
9.142299 -9.959782
8.672874 -8.888685
7.519776 -7.925179
7.711850 -7.817384
3.005350 -7.566658
0.821980 -10.004813
7.121721 -3.211078
4.258125 -7.014555
5.144760 -6.723157
8.218388 -6.010788
8.598372 -12.103353
6.597178 -15.250010
6.317761 -17.052868
6.328487 -13.529376
2.474809 -9.243013
1.359790 -7.782392
5.466005 -8.193239
9.073351 -11.136132
12.695652 -13.338712
13.590956 -14.106303
7.905324 -15.774029
14.023987 -14.766267
10.891570 -13.686172
10.103232 -14.458707
8.846113 -10.641452
8.323968 -11.428889
8.501549 -10.513756
14.017842 -13.150729
12.570998 -14.008044
18.028812 -16.873940
16.385553 -12.789177
6.131481 -14.627923
3.834069 -14.330380
2.203117 -14.209696
1.149951 -15.984704
0.591418 -15.050357
7.697551 -14.159075
8.046136 -11.892735
8.211039 -11.473893
8.581350 -13.456061
2.671552 -16.625032
2.827416 -11.989126
8.306192 -11.753277
8.704421 -12.196889
11.632372 -14.520559
9.295205 -14.844878
8.724363 -9.412898
6.777877 -7.842072
6.605595 -6.979291
7.995167 -7.102535
8.637562 -9.588090
8.008471 -8.292218
7.997383 -8.450807
8.194604 -11.674766
8.979067 -9.840207
8.540716 -10.797563
8.065000 -12.078191
10.470760 -13.504297
11.131724 -13.445384
6.756607 -5.828607
11.380904 -1.800016
11.206586 -3.770043
8.957583 -6.585036
8.336345 -7.931400
5.547266 -6.412549
7.758738 -7.980478
8.206523 -8.549005
9.751345 -5.058792
8.457251 -7.265524
8.664177 -9.532714
9.352798 -9.187619
8.612780 -11.243775
8.477142 -10.079573
9.306564 -12.748770
12.833143 -16.265844
6.627478 -13.346144
7.205523 -15.764922
4.305644 -14.287257
5.806593 -13.252571
6.343008 -14.070931
0.651557 -12.227581
7.957175 -17.760752
7.325288 -15.083456
4.943864 -14.325898
2.539711 -12.385327
1.202482 -10.165195
2.419587 -8.741101
1.047419 -8.888923
6.881922 -5.597312
10.118069 -7.394600
10.925687 -7.449610
7.981016 -12.269313
8.381777 -12.473075
8.417027 -12.802906
8.690381 -12.672869
8.695383 -11.457782
7.102440 -15.923440
12.256369 -15.342447
2.704703 -10.198682
1.872126 -7.042466
1.822460 -9.540082
2.503607 -10.120755
1.828188 -11.770504
0.599349 -10.290955
-0.507983 -12.371850
4.357297 -6.109845
8.190850 -4.154209
7.046978 -7.654025
11.120801 -5.663496
8.060615 -6.467030
13.373838 -7.630709
14.278524 -7.359059
10.137853 -7.427630
6.857916 -7.405521
7.915598 -7.961825
8.858970 -6.111947
9.266126 -8.686169
8.512811 -8.559419
7.878017 -8.864778
8.390940 -10.777794
7.447606 -7.573418
5.404855 -6.883148
3.480955 -7.104696
6.317388 -7.655643
4.917636 -8.090222
5.235279 -7.171402
8.553871 -6.220126
8.645053 -6.773044
4.605572 -7.622008
0.800139 -11.210259
1.285257 -10.163442
-0.718033 -8.828393
1.461921 -10.591363
1.829867 -12.346511
1.373826 -9.183809
3.768921 -7.117555
3.355962 -8.114748
7.031159 -7.126198
7.968703 -8.162639
8.681216 -9.995320
6.150350 -6.581607
3.478146 -7.872841
0.978897 -8.751504
2.527912 -9.530559
5.628013 -5.575398
5.662879 -7.784183
7.000262 -8.004759
6.816830 -7.583804
5.271350 -7.051438
6.610327 -7.971637
7.466313 -7.374983
9.194962 -9.652830
8.072188 -9.056787
8.981216 -10.496347
8.911236 -10.484987
12.693766 -15.689099
8.729702 -11.460215
10.988258 -7.114146
13.612647 -13.212249
9.569697 -16.921352
8.675686 -14.755687
9.214775 -15.663488
11.729865 -14.942151
16.153997 -13.289954
15.983233 -16.044191
9.829827 -13.974572
5.249830 -16.408302
8.908442 -12.677651
8.793273 -8.207873
7.974687 -7.464107
5.289078 -6.460414
2.231103 -8.219214
6.087152 -13.650443
4.226591 -15.464745
0.522397 -8.976926
2.758133 -7.499783
6.590148 -7.273590
10.653555 -7.330451
9.556946 -6.142701
7.028709 -7.565049
8.255177 -10.442248
8.351049 -11.320191
5.557305 -6.429141
3.053380 -7.325175
2.796429 -11.896926
2.429658 -6.841382
4.415084 -4.784588
5.605377 -4.606753
7.363258 -4.016234
5.979093 -4.577379
3.795755 -7.027831
4.098573 -7.068561
3.013938 -6.805430
7.733669 -3.968555
9.319504 -10.181386
8.632431 -13.686284
8.331266 -9.199861
8.024024 -8.144947
15.414033 -12.573241
13.683444 -13.115824
14.450954 -12.468559
15.312036 -10.335014
14.393440 -13.732848
15.055831 -11.616248
10.006252 -7.100881
8.922881 -8.195152
8.176369 -9.928170
8.009537 -9.744381
1.830394 -10.935890
1.161412 -10.483667
4.757690 -7.667417
7.559998 -8.069080
11.013655 -3.565843
9.172232 -11.731975
9.208160 -9.342679
9.437805 -7.690849
14.825480 -9.088449
15.491917 -12.474036
6.419250 -4.207056
10.429314 -7.297413
8.650306 -8.443418
7.590283 1.472821
8.078531 3.620086
10.542562 4.301593
9.421947 -4.441083
11.264812 -7.148268
14.567296 -10.966686
9.804748 -5.221642
10.343987 -2.606837
10.176069 -2.699943
10.820585 -3.532229
11.237316 -5.650179
10.168018 -7.653399
15.164114 -7.660748
13.638256 -13.550691
12.679877 -13.356086
7.779209 -16.126287
10.294900 -14.071265
10.650533 -13.377887
8.392351 -6.516263
14.588580 -10.412135
17.374495 -9.366282
16.954281 -9.267695
11.808270 -3.840216
8.983223 -4.532709
10.739255 -2.277906
9.678811 -5.035096
8.249751 -9.248428
8.021972 -7.048475
8.533552 -9.502902
8.679073 -5.732283
8.420109 -8.237453
7.898665 -9.875764
8.950166 -8.448907
13.665482 -13.368864
11.768624 -14.690208
13.327828 -13.079680
13.196166 -17.438597
8.953917 -12.786620
11.442258 -14.446054
11.578415 -14.710016
10.473532 -14.515536
8.240998 -14.020246
2.636952 -13.464269
1.568652 -12.709786
1.772660 -10.249437
1.528941 -9.895092
0.506517 -8.631778
-0.004821 -8.311074
1.822511 -10.302046
1.437074 -8.176751
3.994767 -8.131015
4.598451 -6.568787
5.136438 -7.440615
3.941269 -6.563415
-0.865902 -10.104157
2.837758 -14.448624
1.188604 -12.015338
1.189704 -10.512110
1.774884 -12.649052
1.353516 -9.740308
-0.581631 -12.367530
9.630022 -15.935863
10.702501 -13.385398
5.974174 -13.787136
8.054130 -16.055607
8.004807 -14.580941
5.889694 -13.216990
8.338889 -11.998011
8.241109 -12.454032
7.906605 -11.072854
8.169280 -10.658034
9.356315 -6.183548
4.396971 -4.254966
-0.483165 -12.089661
5.179381 -15.396955
2.444287 -13.010905
1.197939 -11.841445
2.643733 -14.567708
1.672240 -10.402793
1.403364 -10.826238
2.702834 -11.553738
0.845593 -8.185914
0.799677 -9.161627
-0.776485 -12.026584
2.647217 -11.694205
2.428418 -12.627428
8.483001 -9.604000
9.078373 -14.980427
8.202601 -14.649936
3.793495 -14.068069
5.791920 -13.207745
5.348945 -7.121568
7.937125 -7.521946
7.175686 -5.229861
8.627947 -9.920261
4.044795 -7.499513
5.892858 -7.587039
17.014423 -13.948431
16.823538 -17.988287
11.235144 -15.492236
9.412695 -13.121390
9.131528 -9.745496
1.643820 -10.450398
2.440732 -8.805662
2.776135 -8.918974
-1.334084 -10.700946
0.735383 -10.571292
0.163610 -8.786096
-0.126824 -9.421118
-1.010393 -10.588262
-1.298439 -10.510987
1.065335 -9.645972
2.779268 -9.663898
1.412291 -9.539323
4.338918 -5.789198
6.231001 -3.947376
5.965604 -6.755645
1.482165 -8.653018
2.837245 -9.923223
1.057414 -9.379199
1.113240 -9.605949
1.312666 -10.486668
1.149398 -11.691483
4.560152 -8.016482
4.458171 -4.400699
4.448905 -6.164160
6.280490 -6.989969
8.242277 -7.406501
8.449614 -10.211909
8.008055 -12.113571
8.808338 -8.012430
7.979573 -8.352516
8.719339 -10.855324
7.663724 -13.888557
0.114180 -15.364223
1.690766 -11.000574
1.550095 -9.300023
2.484810 -8.358861
2.105024 -7.787324
1.472707 -10.425496
2.511069 -11.855813
10.040297 -15.313831
8.666593 -11.020633
8.572172 -14.439309
6.421470 -14.494853
5.208553 -14.169231
5.265841 -15.463759
6.476949 -15.240859
-1.031942 -10.858213
1.891404 -10.781507
2.234889 -9.926563
4.026361 -6.118110
5.692085 -7.681578
2.428165 -7.616905
1.765942 -9.788952
2.316695 -7.436879
4.397449 -6.279700
6.178885 -7.830102
8.960166 -6.072857
8.657980 -10.061170
8.822490 -10.071166
8.385886 -8.443731
7.847057 -8.422891
9.030530 -9.343681
8.673944 -5.667879
4.726189 -7.794430
8.545997 -6.478005
8.783497 -10.600945
6.072577 -13.381364
5.712922 -16.837528
0.453063 -10.447383
2.770983 -10.701989
-0.563348 -10.703225
1.122400 -8.733508
0.522198 -8.113807
0.508244 -9.464047
0.821725 -10.054692
0.982633 -10.790357
-0.798697 -10.037051
1.005451 -11.264731
2.263303 -8.841525
2.440561 -5.917097
7.223421 -8.098404
6.732294 -7.052542
6.065055 -7.526063
3.568761 -6.115158
5.145831 -6.556000
5.586360 -7.433489
8.000845 -12.512267
4.034652 -14.011750
4.985908 -13.673669
8.612068 -10.081495
2.746215 -10.029717
2.136062 -9.778670
2.556353 -8.700288
5.231990 -8.019088
5.282769 -7.369809
3.208349 -8.170804
1.886087 -10.543300
1.600157 -12.365331
1.943847 -9.670608
2.557132 -9.868115
1.468616 -9.727868
0.125786 -8.283831
4.205408 -7.237293
5.150785 -6.931209
5.070273 -2.354287
6.977220 -13.311671
8.011321 -13.671130
4.121500 -14.634488
1.081355 -16.388739
9.784295 -17.063044
8.521476 -15.444371
10.832687 -16.905510
9.378939 -13.168910
8.967499 -11.586768
7.993557 -11.883677
9.262388 -12.655756
7.233422 -13.590316
9.386115 -15.895284
8.933311 -10.590019
8.657679 -7.754862
4.420296 -8.061334
1.777440 -7.712719
1.308237 -7.574619
3.828477 -7.970415
2.376151 -8.506098
2.170588 -11.245677
2.729620 -9.498407
2.274987 -8.993148
8.261651 -10.472402
7.869193 -9.816604
8.254823 -12.185689
9.977199 -15.030480
8.920774 -11.376805
5.155155 -16.916006
5.908371 -13.870814
7.981582 -13.437902
5.196301 -14.160627
8.944685 -10.642917
7.348379 -7.947491
7.989357 -6.874802
5.901535 -5.948908
8.807770 -7.730309
12.943031 -16.735250
13.400678 -13.511983
3.728922 -13.499365
1.394872 -11.132154
2.339204 -13.459931
5.592342 -13.456656
1.821881 -11.185023
2.775162 -11.280157
0.393710 -7.756824
2.682992 -11.898673
9.044815 -10.760573
7.738442 -14.793839
8.505521 -12.851462
7.002032 -15.217148
1.329610 -13.866025
2.838982 -9.464270
1.572538 -10.508065
-2.285860 -11.031257
-2.399219 -11.958329
0.048535 -9.607467
2.725608 -8.964997
2.222656 -10.498744
2.702625 -8.796945
2.374887 -10.755986
1.512899 -9.065287
-0.274572 -9.639208
0.762211 -10.399381
2.610871 -10.107558
0.280388 -10.215251
-0.672082 -10.701243
-0.835948 -11.087123
2.078230 -9.286251
2.264666 -7.969678
0.244996 -10.821424
3.190294 -14.644223
5.314122 -13.682817
16.439960 -14.522370
