19.660639 -12.791039
16.111059 -13.956347
15.164248 -13.964681
16.057579 -16.814400
17.038704 -18.782320
10.185352 -13.106304
10.763958 -14.617641
13.630234 -15.751058
11.034172 -13.035604
10.477854 -14.665809
5.138165 -13.413411
1.311107 -8.209996
2.797477 -7.845053
2.619198 -11.285018
1.647550 -10.541593
1.581542 -8.210560
2.333098 -7.547806
3.251690 -7.945111
4.808072 -6.605526
3.891385 -7.754666
3.407007 -6.751402
1.109165 -10.897251
1.790621 -9.212939
-0.213424 -12.534725
2.144327 -13.357133
2.641080 -9.273277
2.387343 -9.095172
7.944232 -11.764255
8.008590 -8.759920
9.208538 -6.915183
8.970011 -8.980195
8.789614 -7.732294
6.041441 -6.616585
6.161542 -5.684044
6.475193 -6.295383
8.722510 -4.714760
8.219297 -8.606027
8.587822 -10.400703
8.404766 -12.018451
8.217415 -13.927106
12.588161 -15.029043
13.019831 -14.909726
8.197953 -11.582871
6.351684 -7.402758
7.574272 -6.432197
0.974424 -8.439996
0.944203 -9.117686
-1.004941 -9.077789
-1.724352 -11.571397
11.458990 -12.947659
7.653321 -15.790778
8.412200 -19.762936
6.428942 -13.585729
8.983990 -8.476687
8.562727 -11.048368
9.046443 -8.484618
7.769444 -6.786930
12.262772 -7.183221
8.323790 -5.340737
8.144079 -10.623942
8.584550 -9.361156
15.815579 -11.392268
14.517023 -10.260178
8.376475 -11.590053
2.536628 -5.893138
2.461934 -9.004247
9.112258 -11.646506
7.904985 -11.910892
8.595295 -11.218701
8.173036 -13.024368
8.096143 -8.966933
8.218799 -13.392558
2.955377 -16.538668
8.780115 -14.538162
10.254727 -13.370754
7.842955 -16.166790
10.817228 -13.565206
10.901001 -13.838181
15.026741 -11.507440
8.448808 -11.135867
8.601326 -10.193553
9.724726 -14.680693
7.758812 -13.338812
9.102073 -9.205616
9.325864 -11.680163
10.160973 -7.240952
8.939903 -6.796930
7.917737 -6.716244
8.083783 -7.717095
6.965319 -6.928143
8.209806 -5.336140
1.370401 -7.081617
2.166997 -11.806699
2.158772 -13.727333
1.892260 -9.838347
2.245592 -8.590143
6.140604 -8.042480
11.826511 -14.051046
12.281098 -15.447165
8.149080 -12.283780
8.716691 -12.900083
11.110207 -14.899301
9.002948 -12.967926
14.412657 -12.308644
16.128319 -10.155166
14.610601 -14.315925
8.405544 -10.166652
8.511438 -9.407575
1.284406 -10.448941
2.118582 -10.732459
9.099165 -9.031104
2.227599 -10.599479
6.838835 -7.929117
7.475241 -6.982727
16.754660 -10.561690
4.209886 -14.636925
6.481950 -13.970984
5.990467 -7.797701
7.449606 -8.086225
6.731409 -5.591765
9.380106 -5.782080
1.207358 -13.782700
0.898312 -10.610356
1.988677 -12.211267
2.538841 -10.613513
1.313834 -10.588977
5.030853 -8.114299
8.780249 -9.705052
8.003875 -11.913476
8.508881 -10.454896
9.015353 -10.857646
8.450830 -10.635797
8.371095 -4.722129
7.081260 -7.141555
6.025599 -6.763756
4.685992 -7.814308
6.296900 -6.339721
7.804051 -7.828729
5.293462 -4.335677
3.473397 -7.315162
3.553484 -6.177872
6.488684 -6.584348
10.175360 -6.218091
8.202790 -5.993456
2.396847 -8.114626
1.775709 -10.917060
2.537680 -10.284403
8.869206 -11.714790
8.576583 -8.888255
8.746172 -12.454931
8.907736 -13.279928
9.012932 -11.870613
8.505678 -11.507171
9.101959 -7.813981
7.588302 -7.049795
8.902044 -5.598842
8.456671 -11.925731
1.405625 -14.954776
0.529766 -13.768360
1.226695 -8.999260
1.044230 -12.351432
-1.118550 -13.164289
3.614906 -14.857429
4.338090 -15.767844
5.033840 -13.416709
6.856375 -13.287251
6.691389 -13.577313
11.126770 -13.213652
10.387673 -16.698772
8.925360 -10.488772
2.638015 -9.280190
1.882423 -9.448653
-1.661967 -13.790897
-1.339531 -13.033658
0.696944 -11.627587
2.770803 -14.692749
10.331729 -14.305817
8.675368 -11.783431
5.735511 -14.153473
4.358611 -14.652903
0.550939 -10.115857
-0.153367 -10.615494
1.328379 -6.645283
2.617882 -10.076794
2.821365 -10.777193
1.563503 -9.848019
3.915147 -13.512095
9.489706 -18.952276
5.586255 -13.289156
8.698782 -11.406040
7.948435 -8.523870
2.308022 -9.438487
5.840267 -6.618875
11.930842 -4.395001
15.281504 -8.704196
18.284327 -9.502357
8.173141 -11.195798
3.811084 -7.840534
4.179174 -7.549833
2.803376 -9.372075
6.790493 -7.934837
4.487386 -7.991601
4.249771 -7.977194
7.646087 -13.695135
1.376277 -11.629321
0.108820 -13.123582
2.275707 -10.969742
8.608594 -12.459184
8.504168 -10.258773
9.283829 -14.585206
9.362458 -12.132304
4.063774 -18.657267
4.441155 -14.951955
0.706724 -14.281943
2.673448 -7.490588
0.956316 -10.438806
2.214800 -9.288530
1.092052 -10.085328
3.425056 -7.555316
5.247581 -6.971544
3.575340 -5.844180
1.156000 -7.344553
2.699269 -10.612872
2.773979 -9.361692
2.773887 -9.118190
2.796602 -8.771028
4.676386 -4.726694
4.111188 -7.330153
3.319398 -8.165095
10.685883 -6.543604
10.799234 -5.605803
11.646695 -7.059529
6.354203 -8.171399
2.723541 -11.043290
2.839356 -12.778569
8.519119 -12.638822
8.059105 -12.341645
11.028977 -13.789866
8.752379 -13.019547
9.720121 -15.472238
8.815182 -9.158340
8.955528 -10.249694
9.100970 -13.111167
13.987776 -15.266043
6.182747 -13.261357
9.716379 -12.859638
7.382992 -5.288373
3.969826 -7.710087
0.636053 -8.596595
2.004273 -8.211120
8.836082 -9.764801
9.357678 -11.395568
9.114180 -9.758275
6.585705 -4.343736
7.961373 -3.480494
6.917134 -7.690884
6.370254 -7.578689
3.881424 -8.010234
4.010383 -8.102044
7.761938 -6.569287
9.283818 -6.073803
5.435584 -8.076230
7.920808 -7.051114
8.579152 -9.998927
8.560852 -8.723584
7.611885 -7.175762
1.876284 -8.400880
8.096480 -3.455674
8.252740 -8.533713
10.936766 -5.523601
7.205944 -5.984718
8.829722 -6.581536
11.634398 -7.067662
7.620083 -8.055624
4.943696 -7.209689
9.777651 -5.782216
8.713506 -10.022932
8.743351 -7.885397
8.238170 -8.781482
1.495449 -9.610081
1.778026 -11.149795
3.526141 -13.295417
2.342258 -11.334996
2.057597 -13.121461
0.948904 -9.432446
4.298664 -6.216889
8.083725 -9.541945
6.427954 -13.597102
7.982323 -13.162378
5.030746 -16.665442
5.997430 -13.453277
8.930590 -9.898360
6.774669 -6.037346
7.031229 -7.005651
6.465607 -6.628976
5.337962 -7.767904
4.359754 -8.028264
7.673423 -7.109486
4.943105 -15.174071
1.462637 -10.668680
-0.500028 -10.141432
7.201429 -7.934392
2.642323 -8.664304
2.715383 -8.898688
2.611511 -8.084073
2.533806 -6.681523
0.215261 -9.019845
1.937629 -9.432310
3.605016 -6.338176
0.913030 -9.754161
1.734767 -11.598018
1.098822 -16.458601
6.706966 -13.785799
10.748399 -14.859879
12.476910 -13.940388
13.310940 -14.358405
10.708906 -12.985799
14.087097 -13.220733
9.347047 -14.122573
9.182039 -14.384796
10.428211 -15.294987
17.311069 -15.980489
13.810369 -14.686681
11.171649 -17.846218
8.074056 -10.097011
8.989795 -8.519026
8.411371 -8.307054
6.846204 -5.552493
3.811739 -6.458192
4.205064 -8.065711
3.726662 -7.636450
2.789378 -10.074338
2.705840 -9.392472
1.925825 -12.176145
-0.355983 -12.107551
4.472064 -14.143897
7.525854 -14.491659
11.965084 -17.306179
8.074735 -11.372604
10.726016 -15.540401
12.974666 -14.487062
8.777668 -11.072690
8.743542 -9.687404
8.203987 -10.684414
9.981561 -13.105320
6.534463 -14.235614
2.782107 -12.702789
1.939722 -9.703300
-0.154049 -10.014737
0.512473 -9.560571
2.432522 -10.127985
1.333935 -11.530146
1.130781 -12.680682
2.073405 -8.965827
4.053411 -6.327232
1.174899 -9.523675
1.499962 -9.735016
2.636219 -12.424718
1.237817 -10.070289
0.246689 -10.722848
4.039679 -14.418044
4.683959 -13.228733
2.014764 -7.110431
1.959775 -13.115872
1.554663 -10.661702
0.793789 -9.981463
-0.890502 -9.383591
3.734065 -7.121578
5.602427 -7.928530
6.129236 -8.175053
5.081311 -5.325445
8.605785 -8.183890
8.856175 -11.705790
8.187530 -13.363101
8.438964 -10.950339
9.261516 -10.049542
9.298409 -8.959641
9.290153 -8.401769
7.971372 -9.621848
8.736657 -7.795491
10.805294 -6.976868
6.526344 -13.990910
9.808323 -16.864416
14.218790 -13.402463
8.575927 -10.824697
7.017690 -7.984293
4.058448 -7.946476
2.443236 -10.928847
1.029135 -11.322530
1.093352 -12.925134
2.365523 -12.332962
-1.064062 -11.558866
4.098590 -13.273091
9.699624 -13.005591
11.037771 -13.284029
11.479486 -13.082500
12.140286 -13.052533
11.358994 -7.338072
10.272055 -5.365579
12.955921 -7.664042
8.692180 -10.772158
7.928840 -13.976233
4.308018 -15.653984
7.031270 -15.634364
8.969583 -12.562357
9.273370 -11.229039
5.237025 -5.260558
7.275785 -4.879173
5.441981 -6.739215
4.459383 -13.690717
5.703611 -13.774304
2.222452 -13.076753
1.211437 -12.789983
2.462347 -10.623865
2.423831 -10.771186
2.298662 -10.745697
0.211980 -13.017312
1.869021 -17.494747
5.684415 -16.244871
6.296455 -13.232585
3.980950 -15.883195
0.307927 -9.911604
1.266327 -11.152291
2.202471 -11.364875
0.676130 -13.337389
4.894711 -13.854997
7.386088 -16.423513
5.652328 -15.082284
4.469484 -13.230911
10.384440 -14.218154
12.448364 -15.829646
10.290119 -17.529346
0.673862 -12.568743
0.929746 -9.536818
1.325076 -11.494507
0.037730 -10.861271
0.185890 -11.075259
2.360860 -11.444057
5.376976 -13.682581
7.730086 -13.302012
8.604617 -11.090292
8.512780 -10.987441
9.096580 -10.798063
8.552623 -9.092722
8.505066 -6.610940
8.326946 -11.600148
8.653915 -11.462259
8.373906 -11.232862
4.164062 -13.686278
2.001806 -10.693109
2.424050 -8.235539
2.110248 -10.111879
-0.280020 -10.118946
2.261513 -10.409204
2.228795 -10.013368
8.965306 -8.549062
8.122211 -9.231742
5.528087 -5.058965
2.007033 -7.937910
2.061047 -11.311651
2.777467 -11.551696
2.048389 -7.930094
2.886373 -7.098735
4.782207 -5.857387
4.043808 -7.312467
8.097611 -8.231853
8.889593 -11.104712
7.932823 -10.758348
8.572230 -11.776994
6.807468 -16.221712
5.916090 -13.869345
6.318680 -13.757147
7.598016 -17.315592
4.423176 -13.240187
2.053486 -13.643410
-4.259052 -13.006883
-0.281345 -11.720584
2.794164 -14.710841
2.683146 -10.509295
2.759705 -7.809007
4.561472 -4.171995
8.379430 -8.495572
8.323481 -9.430984
9.012660 -11.550790
9.960374 -14.906376
10.146496 -14.392358
13.224623 -15.447560
13.066920 -12.829847
14.694399 -15.753628
5.218843 -14.318403
0.939667 -12.980932
2.394167 -12.045597
-1.038827 -8.937131
3.368834 -7.135394
-0.575376 -14.140720
-0.471789 -11.325983
1.356411 -9.517837
2.422822 -10.106287
0.048606 -10.077848
0.659602 -9.397676
1.970039 -9.677993
2.352664 -8.519069
3.226490 -7.124949
5.476912 -7.425043
1.177349 -9.432909
0.805656 -12.149417
1.567046 -11.347730
4.268884 -13.679173
9.854271 -17.264832
8.247602 -10.530087
9.371009 -11.740430
8.027339 -9.608054
7.196225 -5.314277
5.367295 -7.684170
5.075815 -7.641364
5.148788 -7.793498
4.679469 -13.981412
2.182060 -11.716826
1.830267 -10.005536
1.566898 -7.483105
4.765905 -6.995966
1.976705 -9.357505
5.896229 -6.019736
3.197393 -15.087047
9.209929 -12.673588
7.903692 -10.321627
3.025006 -7.523154
2.264914 -10.562660
9.032437 -9.996528
7.745673 -6.622968
5.668009 -5.057780
7.505638 -13.431203
8.610670 -11.300517
8.930575 -10.375935
14.959052 -12.225177
2.735242 -15.200326
-0.713213 -8.689090
-0.254531 -8.346139
-1.464018 -11.022964
2.086805 -10.162721
0.697693 -10.585320
2.406435 -10.918454
7.929581 -12.172091
8.594953 -12.865399
8.260289 -12.644066
1.891178 -10.574653
-1.192919 -12.489871
6.397444 -7.996049
10.381734 -7.522471
7.042328 -7.146991
8.686559 -3.417510
10.634598 -3.837172
15.537469 -8.362972
16.470451 -12.374806
8.443926 -15.468455
9.010241 -14.120110
8.849466 -11.866360
8.138417 -10.597120
8.455088 -12.535801
7.932810 -9.404507
8.060617 -9.535989
9.368213 -9.707149
8.938956 -11.307580
8.022192 -9.280577
9.865693 -14.670854
8.339925 -11.135718
12.456673 -13.058201
7.816600 -13.264211
9.794517 -13.242907
5.484642 -13.916186
1.200181 -13.553787
0.883261 -11.562397
4.439571 -7.376457
5.228975 -4.400795
5.795624 -7.612113
5.435564 -3.807191
8.932506 -8.595548
9.178185 -4.211414
5.916385 -7.851212
9.226428 -6.086903
8.966391 -7.405762
5.393085 -7.598348
6.473967 -7.568707
3.443430 -6.575669
4.035474 -6.474076
4.599785 -5.466498
6.331922 -7.613166
2.018674 -7.794858
2.140787 -5.200444
2.334444 -3.494563
9.188085 -5.961053
7.850394 -8.557467
7.974998 -9.815183
8.782324 -10.286294
8.481826 -17.719301
5.378506 -14.880010
8.571711 -15.352578
7.290230 -14.296670
4.688716 -14.657106
3.404589 -14.118241
0.065337 -14.836159
2.465220 -12.544378
2.194493 -13.066631
6.215257 -14.972703
5.432694 -14.523708
9.161745 -13.893170
8.364949 -11.480769
8.633733 -11.796144
8.413760 -7.522204
11.127336 -5.320201
5.254923 -5.286744
4.758798 -14.376340
7.475749 -13.268220
6.957570 -13.568403
3.780979 -15.388032
4.880049 -19.658998
5.207641 -13.629280
12.251312 -14.500245
14.860386 -14.759793
9.651654 -13.327029
9.278444 -10.027091
8.736739 -5.632381
10.237291 -6.468301
8.245443 -2.193428
7.592935 -8.167186
6.322392 -5.615606
7.524066 -7.760762
8.403806 -5.684524
6.481524 -7.294825
2.830368 -8.185934
11.517081 -15.368124
11.182919 -12.843753
6.742065 -15.119124
12.397591 -17.852884
11.346904 -14.472251
17.247295 -11.800739
15.462221 -7.336871
12.742859 -7.088965
9.805337 -6.540241
10.544099 -5.623488
11.764269 -5.072715
10.581270 -6.558905
7.932071 -16.064943
10.269303 -13.639444
9.343919 -12.894131
8.767679 -9.673018
5.935553 -7.743223
4.364644 -7.769655
11.767129 -7.547388
8.004577 -11.636508
9.228221 -12.867370
8.948304 -12.796588
9.233463 -17.532120
2.570200 -13.086427
0.926779 -11.848500
1.210993 -10.654569
-0.303111 -7.759423
2.697779 -9.473567
2.378084 -9.138646
2.199446 -8.775607
2.711097 -13.747220
7.780634 -14.526195
5.564595 -13.696935
1.915042 -11.431541
1.690350 -9.219001
3.478622 -8.128995
1.873906 -6.895234
4.470660 -4.897449
2.123949 -6.680402
0.862310 -10.003039
2.044652 -10.715026
2.221922 -12.225432
-0.411984 -8.979993
4.513633 -7.051515
8.784966 -10.145211
10.924925 -14.224488
7.995419 -10.152940
9.638351 -5.403236
8.433944 -7.979049
10.433134 -14.072438
8.736674 -8.973946
0.769321 -12.511091
3.436591 -14.348193
5.678447 -13.823267
3.982567 -7.376368
3.681462 -7.980574
9.750325 -16.977098
8.394260 -11.343908
8.914972 -10.057782
5.948359 -7.820076
5.812511 -7.014369
5.539917 -6.088862
6.671262 -5.202670
7.987173 -7.979375
9.325024 -9.546581
4.765679 -7.570616
1.951539 -12.283332
1.392274 -10.476169
2.823146 -11.318286
1.373537 -11.330493
2.336258 -12.808801
2.444444 -7.910869
0.052123 -10.499868
6.882204 -13.621007
8.611477 -9.570013
7.932750 -9.910009
1.455080 -10.362972
1.633585 -13.808282
2.005934 -8.963393
11.343361 -13.794862
7.061027 -6.985889
11.630874 -5.361006
5.047374 -7.477686
8.651095 -9.056735
3.023297 -7.476085
5.864002 -7.292246
9.056789 -11.384141
8.507508 -11.614686
8.716125 -12.104059
8.905849 -16.022779
8.855224 -12.336770
11.673267 -13.036496
13.895080 -13.198557
8.617781 -10.485536
8.453834 -6.227412
5.806747 -7.959944
6.086824 -5.464969
8.818192 -10.224559
9.157753 -11.478956
2.850256 -14.956115
4.198771 -14.522372
5.320547 -15.549848
9.075841 -14.209470
8.061646 -9.266463
8.184671 -10.291846
-0.282903 -10.377984
-1.465453 -10.917229
1.802861 -11.458059
4.568684 -14.091095
8.517624 -14.081088
10.539051 -14.110957
2.224538 -13.130729
-1.679555 -10.778046
-1.691576 -10.410663
-0.278869 -10.891829
0.074016 -9.333076
2.189267 -8.708079
5.851093 -14.487597
3.961744 -13.265458
-0.473376 -13.597499
2.528641 -13.123154
1.374528 -11.287020
2.739522 -10.066797
0.221563 -8.786201
1.870757 -8.981833
2.878367 -3.449827
5.811188 -7.733043
5.095605 -8.063233
8.768312 -11.404943
9.177167 -10.597650
7.951978 -7.210117
5.436927 -13.812916
3.857278 -14.363910
6.384518 -13.616663
0.783040 -12.046077
2.543582 -8.960528
8.232466 -9.895896
8.221718 -11.604470
9.023642 -8.571836
10.334200 -5.737496
7.537405 -7.349756
10.462222 -4.240568
9.700143 -2.211600
6.897571 -2.642174
7.986139 2.722482
7.493794 2.247838
8.262863 1.811983
8.455604 3.284234
9.008251 0.809889
10.554272 -2.133581
10.555113 -3.578094
9.330574 -4.336620
10.566305 -1.597763
11.723767 -4.168356
6.988757 -5.044989
11.502403 -6.011109
15.488810 -11.969676
14.431286 -13.751644
15.165110 -11.525206
13.609955 -14.120457
10.664070 -13.307155
12.276358 -14.293157
9.016834 -15.982009
4.596241 -15.882195
-2.564484 -11.645737
1.378832 -9.336270
2.284590 -8.924068
2.504116 -8.734313
2.668153 -10.295072
0.535689 -10.621062
1.163553 -11.867972
0.683353 -11.614897
-2.042746 -15.583610
4.869786 -13.812908
-1.729965 -14.887628
1.609509 -12.263129
1.375859 -10.918887
2.238423 -10.762105
1.898085 -7.008031
8.708962 -6.231722
8.472651 -9.139854
8.354796 -11.694331
2.545801 -11.732849
3.074282 -14.707364
2.621861 -13.034120
4.400037 -15.273909
11.640680 -14.411038
11.783358 -16.187136
8.234535 -14.332681
8.632093 -7.452610
5.320059 -6.802053
3.913666 -8.142370
4.118263 -7.631444
4.829712 -7.943794
6.035513 -7.589454
1.916939 -8.031219
3.415263 -5.468049
0.994186 -8.750930
1.106729 -9.666650
-3.411897 -7.067171
-6.794670 -7.232450
-8.979538 -3.288973
-13.025764 0.096456
-19.186787 -1.379754
