12.569330 16.440166
8.545303 11.557331
6.451168 10.617795
6.325507 10.561080
5.221189 10.228761
6.233372 13.603494
4.998702 10.430449
8.047060 6.752676
7.534186 8.579309
5.561910 11.227709
2.540460 11.072217
1.085776 11.039392
-1.219291 11.390634
-0.447567 11.750869
-2.026055 8.649854
-2.129245 9.997909
-1.387161 9.635138
-2.004147 7.551678
-1.116562 5.229798
-0.593512 4.187292
-1.375573 7.129725
-1.475497 6.961430
-2.290841 6.142972
0.008260 5.852329
-0.352723 4.238502
2.858653 3.293648
2.836550 5.402053
4.290091 4.478382
1.956560 4.185837
1.852065 5.527706
1.518487 4.670039
1.845021 5.742760
2.323100 4.836253
0.917972 5.155691
-0.994352 5.784365
-1.740846 6.617115
-2.852713 10.052778
-1.199961 12.848544
-0.239496 13.411532
-12.628115 16.295305
