-11.027860 0.902531
-9.396878 1.162905
-9.605812 1.301926
-10.302496 5.690312
-8.023927 7.380157
-8.689165 6.824842
-7.034284 7.619770
-6.672081 7.687713
-4.684761 7.468433
-4.364990 6.938152
-2.957713 5.882297
-3.153115 5.099069
-2.589428 4.052593
-2.164061 3.842232
-2.924121 6.090312
-5.638936 6.081980
-7.749176 6.098681
-3.750682 6.227830
-2.970986 6.513435
-2.999853 4.018336
-3.153112 3.248404
-2.651622 3.062438
-1.691687 2.379004
-1.868122 0.678234
-2.067038 3.267994
-2.658144 1.683112
-2.200243 1.137058
-1.944860 3.703844
-2.491459 4.985805
-1.667094 2.158055
-2.409891 2.429904
-2.909326 -0.272325
-3.522870 -0.535655
-2.750558 1.132639
-2.984792 3.127410
-2.640214 3.301558
-3.132389 4.829670
-2.292108 6.543468
-5.090693 7.359139
-6.292555 6.983486
-9.915039 5.169362
-10.230142 4.946511
-8.674784 5.030667
-8.938910 5.273171
-7.595821 7.194288
-9.283422 7.694390
-5.784350 7.362476
-1.682831 5.449726
-2.529642 3.147672
-2.620870 2.609611
-2.981123 2.426523
-2.733836 1.713753
-3.155447 3.087116
-1.852035 3.467695
-2.866091 5.779179
-4.274395 6.848926
-3.216263 7.720741
-4.419709 6.152181
-4.535521 7.293575
-3.022222 6.090612
-2.983341 5.019058
-2.437634 6.087829
-4.614386 6.812228
-5.398140 7.159058
-6.227029 6.831485
-2.948308 6.365774
-2.443634 4.480277
0.445573 5.631062
4.349836 2.818802
5.608270 7.406061
4.803831 9.448743
6.259522 9.073485
9.749174 11.009720
