-9.210250 14.268511
-7.715986 3.995830
-7.538744 2.067281
-8.398942 5.706190
-8.312626 4.949247
-7.575876 7.064578
-6.242075 7.359126
-6.835046 7.396906
-5.867701 6.660507
-3.892210 8.530931
-6.564563 7.253108
-6.136094 6.342161
-7.354875 6.616004
-5.598358 6.654113
-3.075203 8.059064
-1.870291 5.787540
-1.674628 7.075977
-3.818556 6.401409
-1.068642 4.717911
-1.885972 3.386564
-1.520320 3.014673
-1.402330 3.901462
-1.766894 3.303080
-0.566339 2.082151
-1.030114 3.032326
-2.431077 1.985874
-2.113214 2.799833
-1.910454 1.836176
-1.124052 2.428117
-1.795099 1.429180
-4.224651 0.888288
-4.546401 -1.090683
-4.140267 0.189536
-3.878590 -3.017763
-5.370286 -7.091903
-8.357475 -4.100464
-7.800720 -5.290065
-11.484894 -3.705120
-11.318859 -1.579792
-10.443779 -4.932403
-4.592657 -4.811162
-3.597120 -0.955929
-4.429420 -3.136592
-4.051423 -3.458298
-3.527402 -2.234157
-4.478367 -2.339517
-4.709996 -3.956124
-7.619426 -5.183521
-6.912992 -4.383166
-8.547011 -4.794551
-12.519794 -4.281936
-11.864077 -0.269204
-9.219933 1.714131
-7.715182 2.883690
-7.877620 1.564331
-8.833435 1.244801
-7.843551 3.601885
-9.675435 1.584191
-8.534562 4.072046
-11.151047 2.150993
-9.701799 2.269590
-8.406185 1.324709
-8.572207 2.091003
-9.992155 4.230191
-8.231873 1.759052
-4.250126 -0.305719
-2.887063 -1.371045
-2.794351 -0.280678
-3.192562 -0.177125
-1.651925 1.401120
-1.510630 2.194645
-2.030230 -0.916768
-3.151196 -2.069022
-4.255831 -0.655008
-4.211802 -0.012689
-3.860687 -0.498353
-2.939464 -1.314674
-3.351243 -3.590750
-2.603709 -1.970345
-3.747413 0.288970
-3.493327 -0.487414
-2.810156 -0.116698
-2.491736 -1.369477
-3.898828 -0.813033
-3.585193 -0.895607
-1.571853 0.554157
-5.107769 1.259625
-8.357109 1.255420
-7.513347 1.969309
-9.266960 1.432095
-11.337646 -0.852173
-10.136793 -0.140414
-10.020873 -3.215063
-12.509096 -3.941275
-12.959866 -6.270397
-11.716534 -3.275230
-10.924558 0.074524
-7.975633 3.295450
-2.582408 0.251519
-2.370757 1.204024
-3.850525 0.649950
-4.862838 1.141974
-5.096901 1.211455
-3.322965 1.043778
-4.209662 -0.648687
-3.619887 0.964416
-4.510790 -0.565666
-2.627432 -0.231826
-2.866706 -0.540211
-1.730515 0.361284
-2.409035 3.446037
-0.934232 2.549432
-2.170647 4.005424
-0.058585 3.388355
-0.670168 2.057152
-1.833970 0.882024
-3.746235 -0.565045
-5.370969 1.257655
-1.625360 1.033134
-3.531502 0.658584
-2.806887 -0.660320
-2.713114 1.112100
-2.875352 -1.105423
-3.591180 0.663734
-3.183585 -1.132766
-2.412591 -0.311365
-2.210166 2.267729
-1.959453 4.077406
-4.588500 7.663083
-3.665027 6.528433
-7.740215 2.838231
-8.106127 2.011777
-7.537052 4.143729
-8.781927 6.484036
-8.392937 6.847731
-8.988717 5.075316
-8.085617 6.325553
-5.865696 1.224662
-8.134411 2.766801
-8.666016 2.527213
-4.298387 10.070046
-5.973351 7.146796
-3.438271 0.726226
-3.560376 0.094536
-1.583988 2.018745
-2.209064 3.445713
-2.129893 2.703985
-1.135704 1.777871
-3.963088 0.362360
-3.803619 -0.228986
-3.208040 -0.098942
-4.452690 0.741654
-3.832736 -0.174695
-3.236241 -1.946986
-2.272065 -2.742410
-4.426498 0.798295
-4.568658 -1.777949
-3.646755 -1.812246
-3.951162 -0.189595
-3.197010 -2.159218
-3.193098 -2.429876
-3.324599 -1.776529
-3.843690 1.171787
-7.207430 1.138445
-8.387409 1.381048
-8.008154 5.380937
-8.657724 6.640298
-8.981884 4.634506
-8.070952 2.949825
-8.640265 2.940625
-10.451393 0.492891
-11.976480 -0.293317
-12.182714 -1.932450
-12.275615 -3.707355
-4.335784 0.731102
-4.137342 0.166571
-2.298735 1.120870
-4.032880 0.194310
-4.128003 0.629521
-3.265579 -0.080137
-3.290231 -0.387271
-2.600033 -0.522793
-1.584056 0.133498
-7.478582 1.224202
-7.627225 1.537147
-7.945312 2.664555
-5.745689 1.276700
-3.630558 -0.661687
-2.579978 0.444403
-1.564979 1.522181
-0.822540 1.529975
-1.769995 1.987544
-2.976469 0.730755
-3.875906 1.145895
-5.192729 1.168724
-4.184102 1.203717
-4.364929 0.373844
-3.203690 1.274133
-3.533313 -0.404206
-3.328417 0.013488
-3.794544 0.343191
-2.324783 0.930910
-1.737059 3.327947
-1.807611 2.154865
-0.985380 0.786284
-3.774671 1.072658
-1.874541 1.418101
-2.026947 3.921528
-1.529987 3.799163
-1.539520 2.603891
-2.465846 4.318778
-2.314947 5.216277
-1.920232 7.304142
-7.480635 7.890075
-6.373738 8.594550
-8.012585 6.063951
-9.159979 3.684876
-9.049153 1.896955
-8.936123 4.278982
-7.816001 2.304853
-8.304534 2.180494
-8.187172 2.653709
-8.548452 3.042316
-9.172574 1.350228
-7.651876 1.121500
-7.401284 1.230584
-4.210659 1.154580
-4.427204 0.481791
-3.503955 -0.004018
-2.173177 0.187574
-2.496289 -2.766075
-4.105303 -1.709207
-3.559938 -3.427937
-3.422067 -2.812566
-4.424980 -1.117604
-3.522177 -1.902963
-3.079581 -1.946181
-4.306993 -6.323291
-5.535657 -4.392815
-4.344592 -4.543929
-7.280169 -5.711723
-6.394209 -6.971859
-6.714638 -4.744151
-5.975247 -4.169170
-5.431115 -5.554751
-5.211733 -7.812937
-3.936576 -1.865821
-4.362386 -2.709428
-4.376532 -1.156753
-4.321897 -2.414084
-4.025553 -2.264219
-3.582198 -3.495207
-6.220702 -7.466098
-9.150105 -4.425123
-8.088072 -4.806424
-6.481973 -5.880275
-3.697416 -3.405090
-3.826169 -2.758952
-4.402795 -3.656149
-4.486626 -0.119348
-3.765874 -0.096444
-4.315331 0.529123
-4.178609 1.077332
-1.752031 0.961489
-3.400123 0.566381
-4.524894 1.059587
-4.065804 0.393308
-2.031178 0.898830
-1.650783 -1.165674
-4.574687 -0.475135
-4.229452 -0.909299
-4.301701 0.418644
-1.124569 -0.788848
-4.208727 0.674525
-2.114090 0.530995
-2.145041 -0.869129
-0.106976 1.503006
-2.302227 1.379157
-2.471931 1.158021
-1.844886 1.227742
-0.674198 1.190744
0.124505 0.530195
-1.782067 0.054384
-1.640264 -0.824106
-1.370846 2.154447
-7.878233 2.179799
-9.355494 1.858984
-8.552560 1.679114
-7.592201 2.023150
-7.625556 1.284004
-5.526531 1.164706
-2.726914 0.633815
-0.339018 4.522428
-1.849774 3.232384
-4.055129 1.237597
-2.861503 0.131275
-3.891949 -0.056146
-3.891523 0.338111
-4.556372 -1.032205
-4.085113 -0.541319
-4.133150 -0.792236
-3.138739 0.803570
-3.642650 1.281451
-4.684709 1.216195
-3.743421 1.017405
-3.114465 0.059036
-4.148591 0.837479
-3.329718 0.664440
-1.875080 1.432728
-2.283580 2.995565
-2.289912 3.045910
-1.763638 1.275211
-3.239904 -0.112521
-4.009941 0.409039
-3.025053 0.385800
-3.891923 0.371209
-2.963019 1.026548
-3.487679 0.031004
-2.842872 0.835680
-4.579540 -2.529136
-4.247821 -5.601457
-3.660741 -2.730210
-3.612220 -1.612428
-4.263512 0.000749
-3.598641 1.249037
-3.426027 -0.220564
-1.957331 1.455631
-1.851695 1.635899
-2.163939 1.754299
-2.073908 3.051708
-1.881501 3.165585
-2.222759 3.681096
-0.890110 5.654773
-3.245801 7.961341
-5.468452 8.351409
-5.021897 8.277372
-4.600174 8.030437
-3.054167 9.901254
-4.819554 6.581504
-4.914641 7.324503
-4.378947 6.740672
-1.692727 6.755557
-2.290978 5.520404
-1.645050 3.783830
-2.255581 5.916601
-2.470315 6.542782
-5.451481 7.275540
-6.237279 7.225391
-4.196224 7.475392
-4.357295 7.152521
-5.735776 6.856601
-6.705756 6.664282
-5.972215 6.498855
-4.009012 7.603729
-1.347219 6.268333
-1.896972 4.878429
-2.322154 4.668931
-2.472033 4.487564
-0.913367 4.718467
-1.760528 4.882199
-1.852311 5.715548
-1.529330 8.753007
-3.403315 7.037901
-2.999750 7.318704
-3.534408 8.051396
-3.959279 6.481762
-4.274686 7.790737
-7.697918 7.108860
-9.208639 4.837228
-8.190694 3.998707
-10.012222 2.973116
-7.757499 1.237754
-7.579189 3.202494
-8.640057 1.494510
-7.628778 2.435965
-10.515436 0.734140
-8.521386 2.511207
-9.161491 1.261922
-10.513477 3.310681
-10.228085 -0.448746
-12.023909 -4.081706
-15.883996 -11.632103
