-13.815633 7.771044
-9.295959 3.051379
-9.766022 1.666811
-7.815618 2.374642
-9.381113 4.965597
-8.637360 1.471675
-8.455519 2.558879
-8.805905 2.162254
-9.465114 6.147130
-7.059297 6.559606
-5.448092 6.322145
-4.637986 8.548707
-1.545942 5.878116
-2.010323 6.278792
-1.779906 6.276340
-1.686419 5.156358
-1.728797 5.685508
-1.257088 3.846201
-1.897628 2.190856
-2.642734 1.001218
-0.599632 1.176917
-2.113078 2.582419
-1.751393 3.790972
-2.169884 5.697359
-1.866287 4.601677
-1.422315 5.545672
-4.430894 8.665038
-4.729583 7.108404
-5.827138 8.629111
-10.212320 7.789128
-8.807196 4.798279
-7.467248 7.229433
-9.528814 6.543509
-3.772950 1.193980
-1.196067 -0.247656
-2.007074 2.205318
-3.048033 -0.660481
-3.916502 1.096308
-4.444955 0.965048
-3.672288 1.101473
-4.197560 1.064650
-1.139884 -1.613529
-5.803832 -5.899354
-2.500866 -2.840709
-2.092870 2.890737
-1.066441 2.541100
-0.178082 3.452153
-3.554379 7.060752
-5.263916 7.996050
-5.352329 8.317822
-8.129112 5.635401
-7.867023 6.388993
-7.703001 3.946057
-9.882469 3.975918
-6.887823 8.551738
-7.773632 9.552410
-7.724058 4.380079
-8.465557 3.253397
-8.131799 1.890757
-7.539778 1.594285
-7.585629 2.351628
-9.601020 3.338752
-9.325106 2.815085
-8.293313 1.960436
-8.419046 3.824910
-10.416411 0.263304
-8.365643 1.340783
-3.459547 0.802209
-3.925223 -1.542339
-2.915639 -1.916166
-2.176376 -2.861598
-3.301251 -3.842132
-5.569754 -3.947912
-2.617439 -4.854368
-3.604880 -3.828122
-4.073527 -0.608252
-3.673488 0.070890
-3.920309 0.206249
-3.808622 1.083351
-3.026803 1.308575
-3.630855 -0.000735
-3.388122 -1.774603
-3.222353 -3.434125
-4.052779 0.825454
-3.103393 0.935207
-3.772584 0.612460
-3.670396 -0.164631
-3.273586 -1.863749
-2.823223 0.399041
-2.247860 -1.395272
-2.666828 -1.760771
-2.999005 0.910987
-2.998204 1.112496
-2.445762 0.189057
-2.062125 2.620430
-7.906739 2.483768
-8.389620 3.970663
-8.691862 3.492779
-7.673928 2.801225
-5.734504 1.291695
-5.879288 1.220360
-6.258157 1.261644
-3.497481 1.227884
-0.895979 1.129393
-1.839888 2.961873
-2.306511 3.812604
-1.645256 6.374782
-4.664313 6.959821
-5.562075 8.252884
-5.485826 6.497208
-4.200453 6.830936
-4.455982 0.729430
-3.776375 0.877259
-4.341046 0.714771
-3.836318 -1.445724
-3.737188 -0.954202
-4.580314 -0.443571
-4.072085 -1.231669
-4.328349 -0.999157
-3.287869 -0.596131
-8.357312 2.442556
-8.673103 1.732704
-10.715622 1.074088
-10.114269 0.725767
-8.644474 -5.820791
-5.373833 -4.805261
-4.067581 -2.245484
-4.517599 -1.188938
-2.236809 1.001312
-0.628823 0.215601
-3.114397 0.181084
-4.400391 0.620062
-4.359601 -2.390257
-2.751531 -4.159929
-2.859170 -0.581081
-4.182842 -0.660027
-3.976525 -1.620602
-4.388721 -5.041016
-7.602811 -4.445245
-9.526103 1.480810
-8.640127 2.427424
-9.579098 3.758004
-7.977201 2.825329
-10.272011 0.693954
-10.613010 -0.116765
-4.265891 -0.030275
-4.412733 0.702098
-8.569195 1.279361
-10.455761 -2.808798
-4.272543 -1.850512
-1.799009 1.077298
-4.597790 -0.414736
-4.318522 1.112092
-2.882720 -3.783616
-6.230372 -4.110953
-5.540536 -4.437129
-7.328516 1.235357
-2.872136 -0.237381
-4.329700 0.135239
-4.305275 -1.767649
-3.545684 0.734483
-3.839435 0.086427
-4.314444 0.564951
-7.523839 1.132477
-7.946707 3.126765
-7.542271 1.550322
-8.194725 4.856732
-9.138680 4.607331
-5.449615 1.199421
-9.916614 -3.677812
-9.275944 -5.706913
-9.565506 -7.896691
-7.875572 1.906562
-8.975641 1.667181
-10.014870 0.088293
-12.003222 -2.464522
-11.667614 0.138184
-10.354858 1.859549
-9.113039 3.946604
-8.032952 1.316024
-7.634391 2.942270
-8.202689 1.504322
-9.207326 2.259656
-9.156803 5.224190
-8.187473 4.392486
-7.640851 4.351717
-7.887811 4.270517
-8.236003 4.549540
-11.504154 5.988753
-8.400669 5.815040
-7.005355 6.791821
-10.989931 5.365856
-7.575006 5.871591
-5.398789 7.336342
-4.818580 6.930176
-4.879081 6.814161
-4.406197 6.324327
-3.210640 7.840922
-5.101232 6.799222
-5.365965 6.501365
-1.886879 6.470809
-2.319709 5.371342
-0.176557 3.132993
-1.677744 3.940234
-2.434592 1.853942
-1.527844 5.407260
-2.294741 4.489641
-2.424276 3.806774
-1.949456 -0.845356
-1.830403 -0.543229
-3.381423 1.227778
-3.317989 0.944597
-2.020963 -0.558172
0.327037 0.231578
-2.136160 2.084311
-1.137558 8.002640
-3.720298 6.423727
-7.691316 9.176153
-10.716360 4.936528
-7.860743 4.379081
-9.354530 5.100711
-9.235975 4.049551
-10.930472 2.913953
-8.142168 6.433539
-5.272328 6.627383
-5.701017 6.814540
-6.299592 7.005359
-7.153716 6.592762
-8.986835 -6.674813
-7.194048 -5.365480
-9.740273 -2.765170
-7.755008 5.392206
-7.529571 3.188607
-7.752417 1.359214
-7.762035 1.216933
-5.961549 1.189973
-6.844134 1.146341
-4.306802 -2.722552
-4.227995 -2.929300
-4.319666 -1.912271
-3.540199 -2.230955
-3.123156 -3.475707
-4.092413 -4.821930
-1.226935 -2.580205
-2.746265 -0.433542
-3.559039 -0.128671
-3.212925 -0.675060
-2.961435 -0.537425
-7.477528 1.286010
-5.024480 1.263255
-5.898610 1.142483
-3.506554 -0.539693
-2.227545 -0.568777
-3.795372 0.212988
-4.296987 -0.962352
-3.295210 0.493582
-4.176261 -0.681649
-3.145458 -1.550917
-3.061357 0.074384
-4.063399 0.251618
-3.460427 -1.805955
-3.153184 -4.225842
-5.435969 -8.556047
-9.119511 -10.738711
-9.643273 -13.501505
