18.801344 -3.635832
17.280727 -5.995279
15.714815 -10.983704
18.807171 -3.849675
16.931793 -1.517892
10.125476 -5.345788
11.206789 -4.783474
9.369340 -5.126801
9.135984 -5.249239
11.361844 -5.295874
10.055830 -6.563341
12.365372 -7.455067
6.938870 -7.949075
9.337330 -11.129552
9.290245 -14.819245
9.125546 -11.056967
7.354918 -11.574506
10.209866 -14.041578
11.315838 -12.978120
9.325123 -11.286152
8.066192 -10.951035
9.546656 -4.694032
6.161032 -9.201467
8.391000 -11.591932
8.953707 -14.318524
14.132067 -14.103908
8.398863 -14.066980
5.143075 -10.442764
6.545445 -11.566294
10.870684 -6.326920
9.621103 -7.796542
7.709773 -11.841384
6.835979 -11.864888
15.728291 -10.203551
14.910387 -10.013318
9.301731 -6.752817
9.154262 -8.788328
13.838318 -13.319295
7.555424 -13.624894
8.972753 -9.767623
9.017820 -10.929029
8.103811 -11.123003
9.495704 -7.285715
11.948268 -7.693715
10.264325 -6.163229
6.056231 -5.712145
7.035367 -8.009847
5.712649 -10.660932
7.071412 -10.417003
11.052697 -5.326352
10.933745 -7.559097
7.913548 -8.153356
7.895230 -11.064769
8.493966 -10.851483
11.846503 -12.934613
9.289321 -12.067052
8.792714 -10.564457
15.072182 -11.856523
15.439816 -16.307756
15.208784 -9.845078
15.774757 -9.775013
18.921885 -15.670890
13.323640 -13.482701
14.601082 -15.247817
14.407564 -8.710391
15.084671 -8.257394
13.935148 -7.306874
9.068236 -6.615079
7.533269 -7.559718
3.590049 -10.758470
7.553658 -11.256296
9.809312 -14.822660
12.421323 -13.174532
13.656696 -14.400216
12.451676 -13.631415
14.726936 -16.443117
7.815263 -17.662592
7.528159 -8.031453
10.693431 -6.061909
11.379007 -6.939080
14.137280 -6.920651
10.543485 -6.492482
9.718431 -5.616476
9.090884 -4.443282
10.261001 -6.364225
10.141389 -7.815944
8.828459 -6.944258
8.945910 -8.622512
5.627618 -11.950814
6.380174 -8.905467
8.189947 -12.046865
10.004233 -17.065454
14.244880 -19.231649
13.293793 -13.858727
8.856365 -14.169646
9.259083 -9.207003
8.815636 -16.703671
7.843703 -13.747787
4.194086 -8.625827
1.194922 -9.417922
9.807940 -7.633591
9.751225 -5.137220
10.416114 -5.905834
11.379975 -3.849506
11.340611 -5.179466
11.067302 -4.889745
8.692092 -6.838621
9.790179 -6.444623
5.688111 -7.708806
6.910253 -6.730782
5.639330 -9.836762
6.765079 -7.416908
8.205254 -5.762516
10.705827 -5.535523
8.920894 -9.036027
6.514307 -3.688663
12.857172 -1.449867
14.224969 1.425559
14.003952 2.925128
13.236851 4.106588
10.200153 3.125087
10.226389 4.368024
9.538745 4.362922
8.389404 5.150826
12.190144 3.626776
7.669051 1.581616
8.827784 1.766482
7.231651 3.626096
7.284656 -1.186975
7.017047 -1.455771
7.374011 -1.606403
7.153595 -2.317798
7.080507 -3.701980
8.475896 -6.044951
10.467186 -5.801107
11.863363 -6.364971
5.515428 -4.742690
10.061532 -6.016804
11.564752 -6.222157
10.794567 -6.244192
10.405501 -7.425778
12.982766 -6.664662
8.445800 -7.177061
11.891856 -5.361205
10.210061 -16.178778
11.478420 -16.748222
14.906576 -12.378421
7.950038 -8.219905
12.328420 -13.211767
10.399096 -13.373183
10.970222 -5.427171
9.041553 -6.272383
7.468223 -5.365486
5.644545 -4.701586
16.689081 -9.033784
14.388385 -9.801728
14.606117 -8.253301
9.959909 -5.206381
8.687368 -7.594167
8.119087 -10.665504
8.690895 -9.932309
6.084080 -10.848557
8.547261 -10.755403
9.221755 -10.983184
9.231479 -8.636763
7.769789 -8.451715
7.572247 -5.075338
9.646409 -6.709744
9.592040 -7.418967
8.273167 -6.073859
13.580503 -7.761333
15.242619 -6.706717
15.026615 -11.857823
14.562054 -10.002380
15.286542 -10.134656
14.610676 -13.684182
16.873859 -17.129362
13.633373 -16.405994
15.377531 -17.578466
7.764932 -11.816589
8.493587 -9.581139
8.674178 -10.501025
5.808066 -11.631099
9.544928 -7.275772
5.868886 -8.045780
8.454960 -6.139716
9.373329 -10.900108
9.253930 -13.232313
7.771345 -13.551678
9.000912 -15.413257
9.241043 -11.036490
4.452992 -9.269301
10.405016 -4.759273
11.287199 -6.442186
12.725638 -7.248682
12.769224 -7.008440
8.239984 -7.315006
6.243354 -9.371447
3.932554 -8.496499
6.071665 -11.301000
7.416208 -10.168577
8.979973 -12.607036
7.785344 -10.240679
7.974161 -9.128076
8.978622 -7.107460
10.325457 -7.423594
-3.558474 -13.319937
-4.927763 -13.221242
