-12.359365 7.935284
-11.115500 6.044908
-9.816888 2.246317
-9.926921 0.795393
-9.700259 0.715042
-10.268644 5.878660
-8.861418 3.795683
-7.916748 1.284202
-6.189824 1.150744
-4.006780 1.142563
-3.443922 0.001457
-2.746053 -1.415901
-3.298909 -1.520603
-2.466552 -0.135003
-3.346457 -0.702849
-3.659294 -0.595666
-3.071795 -4.128478
-8.376406 -5.746747
-9.263298 -6.243750
-10.103836 -2.412877
-9.858553 -1.987347
-6.677802 -5.477340
-3.376516 -3.049250
-2.997586 -1.097810
-3.460346 -1.159522
-2.433301 -1.687295
-3.414577 -2.675037
-3.462106 -2.995429
-3.985122 -2.825047
-3.013743 -0.798640
-4.085226 -3.910610
-6.257345 -4.011528
-8.172798 -6.581957
-8.541692 -4.168886
-7.503699 -4.051857
-6.604823 -5.039510
-3.749859 -3.889714
-3.728419 0.223031
-4.553298 -0.277013
-4.496945 0.453746
-3.172042 0.375869
-2.914038 0.675164
-0.379110 1.828689
-1.242419 2.678362
-7.916228 4.220151
-7.809849 1.571160
-7.609919 1.877920
-9.261990 1.432817
-8.735297 1.109625
-11.607748 2.151200
-8.777320 3.999179
-1.654761 3.885125
-2.115464 4.298055
-4.493105 0.635172
-3.231787 0.208197
-4.398005 -0.899387
-4.088802 -1.482593
-4.689264 -5.040759
-4.260641 0.492336
-2.427230 2.164950
-2.438994 1.970763
-1.960332 1.999271
-2.417646 2.152445
-1.798601 3.412345
-0.377039 1.362249
-1.917754 2.444520
-1.808908 2.515761
-2.307784 2.206677
0.048798 2.177787
-3.092725 1.213216
-3.404152 1.057779
-3.102155 0.215023
-3.551557 1.133893
-9.063358 1.453270
-10.635102 -1.830486
-10.585130 -1.933483
-10.258863 -1.250924
-9.677481 -0.704810
-9.892171 2.257741
-11.717860 3.538890
-10.568939 3.532270
-4.020693 -5.059683
-3.174167 -1.995042
-3.935961 -2.314772
-4.217088 -0.226296
-3.890229 1.177168
-5.429142 1.132590
-3.377410 -0.256202
-3.099209 -0.945271
-4.414876 -5.646204
-6.823462 -4.213153
-3.780315 -3.135364
-3.731988 -0.614783
-7.910654 3.547024
-10.887280 2.358318
-9.699402 -0.702589
-4.994721 -4.166500
-8.410252 -4.855360
-8.914770 -4.262981
-7.584534 -5.542926
-7.842417 -6.253432
-3.482727 0.606314
-3.855470 -0.682050
-9.846753 -0.988261
-8.012268 1.680559
-6.962031 -4.633302
-8.968750 -4.175424
-6.648838 -6.783258
-7.589515 -4.541708
-4.146458 -1.452734
-4.450846 -0.672036
-1.585985 1.699406
-8.612683 1.560752
-9.196566 1.413411
-10.529291 0.491745
-7.017964 1.122706
-8.340704 1.580029
-8.777609 1.437321
-6.298944 -4.693207
-7.073238 -4.661746
-6.575667 -6.475801
-3.380395 -1.832021
-3.872283 -0.875133
-1.985064 0.655282
-2.468670 0.045953
-2.962077 1.294786
-1.771234 2.843643
-2.250253 1.008068
-2.224671 3.036510
-7.552990 3.863957
-7.630567 3.742536
-8.605192 5.092811
-9.078841 3.011078
-7.609408 5.468251
-7.962075 2.095281
-4.907769 1.294377
-4.528648 -1.334762
-3.643549 -0.477202
-4.001055 0.187782
-4.341124 1.183215
-4.916663 1.139538
-4.466522 1.177726
-4.208320 1.090946
-4.182710 -0.042072
-4.151461 1.202314
-5.552727 1.216756
-4.385061 -0.704741
-3.051138 -1.113074
-3.539150 -0.173771
-3.091523 0.831453
-2.036879 1.163099
-4.124946 0.814578
-3.173861 1.221795
-1.578795 1.329850
-2.300734 3.194889
-1.187823 5.660921
-0.286960 4.526264
-1.799613 3.242507
-2.348315 3.210776
-1.023237 0.768439
-4.583534 0.126050
-1.979533 -0.324553
-3.989661 0.818780
-3.820180 0.968121
-3.770837 0.260106
-3.606767 -0.940828
-3.803294 -1.861705
-4.201322 -2.219824
-4.249772 -1.706317
-2.438214 -0.358518
-2.525872 -0.716438
-1.895630 -3.920305
-5.631108 -4.683935
-7.397816 -5.731275
-7.047682 -4.138191
-4.467559 -6.108355
-4.300594 0.710200
-4.404561 -1.426966
-3.586728 0.151715
-4.322123 -0.292346
-4.226109 0.432882
-4.190593 0.796308
-3.392448 0.164063
-1.750350 -2.363743
2.028818 -6.001353
2.130705 -7.458532
2.230242 -12.277385
6.531738 -12.665698
6.331254 -16.038076
