12.532590 16.141062
11.687937 7.537511
11.586605 4.654153
7.907067 2.417326
4.483427 0.658609
6.754629 3.431125
7.938405 4.035448
6.947440 5.025455
6.147155 6.238715
6.422295 5.706163
7.312681 2.723871
8.455406 5.543862
8.866637 4.297263
7.795963 4.507045
8.544529 5.184309
11.243672 4.478972
10.870864 3.246002
10.940185 1.923897
9.871002 3.058012
8.014734 2.433675
4.543306 1.244542
6.541181 -2.395457
7.226694 0.207070
5.303802 -2.828456
6.116888 -3.780824
5.584006 -3.649261
3.984056 -6.623182
3.116399 -11.206409
