10.664937 14.654614
8.465931 12.023369
4.812590 10.142074
6.312237 6.195814
6.145968 7.279375
5.170990 8.425529
5.359076 6.704817
4.712083 4.192261
6.115407 4.331880
5.735367 5.368742
4.959363 2.861308
3.759353 2.372467
4.267040 4.465176
4.743572 4.802192
5.744541 4.818933
5.453479 7.169837
3.839194 3.502261
5.461294 3.307026
7.965151 5.028683
9.126941 5.225843
8.918076 5.167899
5.844071 3.291347
6.523144 8.556958
4.432105 9.358939
5.015287 5.929100
4.515540 6.306716
6.276460 4.483576
2.035615 3.370453
-0.958158 5.268012
-2.227354 7.828404
-1.227462 6.630466
-2.621625 8.260860
-3.466983 8.327265
-1.284665 8.926956
-1.680092 10.083898
-4.066809 11.768140
-6.605606 11.293498
