-19.157665 7.443899
-16.007721 3.379350
-16.235775 0.420234
-13.447527 -6.459364
-13.385332 -4.598317
-16.649664 -6.095034
-14.251725 -4.245879
-12.923999 -3.539445
-14.481926 -8.092135
-6.746769 -8.733337
-6.223812 -7.750642
-7.621335 -5.428008
-6.402558 -4.316064
-6.500059 -3.427377
-13.102155 -1.462577
-11.626814 -2.079364
-10.494158 -1.516779
-10.450434 -2.595005
-10.611812 -0.877693
-10.331935 1.723710
-11.496355 -1.304693
-10.117081 -1.382210
-9.848843 -1.849649
-6.967941 -2.516717
-6.999716 -4.383452
-5.077491 -4.649145
-6.831157 -8.227611
-8.807363 -8.331166
-9.085123 -15.102250
