-7.638329 7.050047
-8.230072 6.238972
-8.394629 4.728045
-9.211208 6.389461
-7.035710 6.458529
-7.700110 6.936275
-8.904076 5.749527
-8.255975 4.960867
-9.950014 2.297219
-7.146127 -0.116821
-2.687704 0.609769
-2.401807 1.076136
-2.483876 1.245552
-2.743918 2.522345
-1.769699 -0.012641
-5.568306 -0.555354
-6.362968 0.375924
-5.347224 0.909123
-5.230890 -0.980665
-6.510430 -0.135806
-3.887938 0.829322
-5.042756 0.599855
-4.885505 -0.027035
-5.876681 -0.535438
-5.172678 -1.137066
2.641105 -10.343150
7.663246 -13.663718
14.926059 -16.283335
