16.773876 -15.975207
14.533342 -15.045473
13.488561 -6.529781
5.057333 -3.486133
5.246075 -3.891666
7.327007 -1.766619
7.354675 -0.507722
7.625731 2.752231
8.715208 1.700844
8.508127 2.748407
11.579576 3.504806
12.757616 1.004229
13.816530 1.816712
10.828826 2.541892
9.981058 1.655367
9.768160 3.914604
6.675162 4.556322
5.508920 3.361641
7.771454 3.744636
8.832202 5.127041
9.710498 4.331060
9.494234 3.997609
9.473016 2.639062
9.338085 4.290380
8.779581 3.480912
10.945526 3.287291
12.627891 3.123342
12.491548 1.451538
13.907675 -0.062304
13.594204 -2.856742
12.782150 -0.499156
15.531989 -6.741429
12.919957 -8.719070
11.390783 -4.264758
11.217913 -7.789203
13.506079 -12.777062
15.858344 -9.392441
15.423780 -4.129169
13.980654 -2.800933
14.598122 0.420364
10.713803 2.142180
9.629616 2.043570
10.960085 1.889615
9.474876 3.665758
12.930349 2.842777
15.897116 3.431250
15.248478 9.677263
12.232447 10.347997
13.294918 16.395161
