2.446421 11.270008
-0.912598 8.002159
-2.954814 5.661766
-4.338736 10.924341
-5.372605 8.540761
-7.869044 7.261663
-4.105310 5.989589
-5.867520 6.122302
-4.787951 6.453709
-3.749458 7.195535
-1.960546 7.200210
-1.910735 3.955280
-2.486534 1.955552
-2.309061 2.350004
-0.366655 5.201204
-1.415840 5.742634
-6.791193 6.712123
-7.538252 9.534513
-15.221254 8.929137
-15.270202 4.090866
-12.758336 12.181390
-14.309086 10.351575
-12.579830 8.608880
-11.136183 8.776130
-10.994482 8.712778
-9.544418 8.518092
-8.858414 8.863250
-11.898479 9.229321
-10.610258 9.102933
-16.706427 10.558587
-14.184978 4.940217
-13.483750 0.876855
-13.146154 2.938832
-14.075686 2.599562
-11.233095 3.395218
-5.804958 8.171698
-4.668053 6.535675
-3.762700 6.130399
-5.866265 6.692096
-2.485078 3.251088
-2.603159 2.881624
-7.704585 6.247010
-6.218903 6.092415
-4.968163 6.044285
-6.103026 6.440988
-3.107275 8.108477
-2.332273 2.434263
-2.332791 3.687378
-2.951502 4.505328
-3.031705 5.228550
-2.620881 3.624305
-2.549144 5.183142
-2.761693 4.468078
-2.823077 4.023585
-1.468938 1.607907
-2.282712 2.829175
-0.969094 4.447581
1.093713 5.217442
0.119806 6.122280
-4.642407 6.101439
-5.469497 6.887739
-4.775294 6.946368
-7.551775 7.167100
-4.196235 7.931035
-1.552987 7.863064
-2.893180 5.143217
-2.629885 4.118197
-2.154102 4.313103
-0.930430 3.539767
-2.856901 4.588871
-2.803207 4.620633
-2.123713 3.810440
-1.678918 4.848814
-0.915550 6.172792
-3.589071 6.057657
-4.410099 7.011748
-6.514512 7.899007
-7.166860 8.526007
-6.904907 6.237781
-5.442206 6.480070
-6.213055 6.207922
-7.676219 7.870555
-7.085486 7.685549
-7.700994 6.578035
-5.719718 7.870441
-5.820133 8.283278
-7.570347 6.716515
-6.895943 6.937897
-6.514644 6.805606
-3.285067 6.033144
-4.170745 6.968303
-5.052443 6.078688
-5.080654 5.983011
-6.240657 8.867238
-9.532148 8.848546
-7.371679 9.712594
-5.921337 7.097960
-9.722597 8.974717
-4.319531 7.859791
-6.124965 6.081160
-2.976420 4.554977
-2.715177 6.590469
-3.459036 7.324890
-8.474714 3.311058
-10.013414 2.930389
-10.403626 2.173240
-9.001935 1.903048
-11.701752 3.040573
-10.380293 1.389879
-14.014961 -1.712447
-13.210931 5.988223
-13.637743 6.449091
-15.287511 7.470073
-13.865724 7.842062
-8.363240 11.208914
-9.222077 8.970440
-8.376676 9.844151
-9.816422 8.686810
-10.920729 8.996753
-9.992888 10.665802
-5.929910 8.133147
-7.937986 6.352867
-6.426438 6.067203
-6.495304 7.162354
-6.342869 8.320300
-9.796130 8.570573
-13.352510 6.903121
-15.042364 6.085192
-10.753116 3.106395
-12.084349 0.697222
-11.128148 0.903901
-10.517658 -1.849437
-15.469273 3.825558
-13.140522 2.248771
-10.621902 2.229209
-8.534603 2.274024
-8.411375 1.431232
-8.534705 3.457853
-9.326861 1.179168
-9.916771 -0.170177
-10.713089 -0.818359
-8.547159 -4.376642
-3.010578 -1.641369
-2.802872 -0.474082
-4.844977 -4.266346
-8.617562 2.199077
-8.412361 1.490543
-10.600501 -5.069672
-6.529802 -7.025764
-6.989480 -4.088458
-5.923352 -3.921952
-6.652051 -7.751047
-5.544553 -5.615057
-3.804438 -4.058428
-5.051459 -5.054189
-7.001074 -4.215738
-6.104223 -5.133690
-3.915855 -4.694665
-8.601434 -5.518132
-9.720425 -3.852082
-12.151825 -1.773297
-10.218853 0.268443
-9.766754 -2.549935
-9.562443 -4.432836
-6.051970 -4.096296
-7.337698 -5.708659
-8.017802 -6.396848
-8.231829 -4.494207
-10.587128 -3.673722
-10.463220 -2.633255
-9.826392 -4.227163
-9.993747 -6.166209
-8.125019 -5.688784
-12.897714 -1.875608
-11.793432 -4.430119
-8.154873 -5.831847
-9.305394 -6.747370
-11.543644 -0.245927
-11.792959 1.102252
-8.301203 1.936817
-8.268284 2.792434
-9.929311 1.967108
-16.564287 3.731845
-9.316619 1.765376
-10.208106 3.369267
-7.504759 6.323500
-7.221517 8.302454
-5.294754 8.246001
-6.552146 9.908035
-3.967886 7.332099
-4.059846 7.025011
-6.497237 7.365290
-4.351500 8.865775
-4.795542 9.005507
-4.688763 11.357234
-4.172715 7.377092
-5.224892 7.049001
-6.163884 7.602368
-3.449724 10.164625
-2.905003 7.235401
-2.756849 4.597198
-3.085256 4.851564
-3.090738 4.893826
-2.916215 4.372606
-1.956936 5.588636
-3.508855 6.984681
-4.883631 6.609149
-6.259324 7.162763
-6.685274 7.203937
-5.586450 6.011618
-6.073955 7.784387
-5.356066 7.181223
-6.411386 6.191924
-3.238036 6.059792
-2.617703 5.628039
-3.008307 5.170717
-3.504085 8.025050
-4.949275 5.981912
-7.985020 8.525045
-8.328513 9.027784
-7.918757 9.212343
-6.123582 8.625880
-7.482748 7.439370
-5.593041 8.533683
-2.944889 6.774278
-5.647719 6.281975
-5.472382 7.371020
-6.283554 7.205797
-5.928298 8.254073
-7.324072 8.041786
-9.783645 13.654920
-12.649031 9.910485
-15.414726 5.541788
-14.209255 8.578311
-9.409073 10.582198
-10.964401 3.195110
-11.713197 1.249282
-9.948507 3.277627
-10.573936 3.348117
-9.307224 9.756912
-5.892067 8.026019
-7.780868 9.684706
-6.012606 7.596593
-6.601012 7.883009
-8.346987 9.310792
-5.640317 6.407652
-5.374509 6.798219
-6.407758 8.404689
-12.916273 8.842622
-9.018246 8.711959
-8.764442 9.046105
-11.021559 10.004192
-10.613280 9.688672
-11.013134 10.349505
-5.669248 11.155402
-6.028087 6.500404
-5.627335 8.585095
-6.009024 10.342936
-4.863073 5.935705
-5.352514 6.706742
-5.982990 6.339121
-2.388564 6.803062
-2.250607 4.864194
-1.703029 2.703483
-1.817056 4.213717
-2.726687 4.515443
-2.277495 3.466141
-1.494025 3.940674
-2.523763 3.273121
-1.146524 3.873295
-4.478108 7.264436
-4.416290 7.151402
-4.507062 6.099595
-5.326892 8.369798
-6.717098 8.629474
-6.382455 8.032408
-4.217482 10.122807
-3.692263 9.761830
-0.659604 8.397645
-1.134151 2.242808
-2.789335 1.623266
-1.032815 0.829466
-3.130021 0.339759
-3.543849 -0.113426
-2.151037 -0.159919
-4.097919 -0.503721
-2.615148 -4.256861
-3.465535 -2.329473
-4.277172 0.791115
-3.927971 0.279045
-2.831037 -0.750665
-2.858727 2.392377
-2.613061 1.784633
-1.637116 5.180153
-2.966651 6.689884
-3.043128 5.018821
-3.076858 3.485588
-2.191611 3.164256
-1.673581 2.823543
-2.675365 6.172285
-1.731792 3.811933
-0.515163 3.003151
-3.087990 6.701662
-2.369570 4.191120
-3.143515 2.825414
-0.066486 6.843233
-1.245077 8.384505
-4.197787 9.140019
-7.602502 8.483705
-5.814251 5.977519
-5.852260 8.211165
-9.537532 9.836854
-9.276342 10.604304
-10.799602 10.489282
-7.553452 10.529223
-7.409154 7.759082
-6.237882 6.305075
-3.563953 6.103281
-3.004663 7.109350
-1.890281 4.075226
-0.801798 1.572482
-2.856178 3.195757
-2.988317 3.117351
-3.076356 0.610429
-2.324255 5.340694
-3.472969 6.743783
-4.081087 6.499319
-4.612312 6.124850
-2.957414 8.680863
-1.546838 5.611321
-2.115022 5.021224
-2.540363 2.641308
-2.176023 2.479520
-2.213305 4.209991
-2.717230 4.884717
-0.586301 6.242622
-4.305088 7.594721
-2.459186 5.580363
-3.110788 5.812889
-3.202922 7.551738
-4.755367 6.957463
-4.999042 5.975989
-4.048725 6.904743
-2.423173 5.190320
-2.196088 5.877276
-5.520319 6.220668
-7.581429 6.169522
-4.590738 6.076612
-5.126764 7.532119
-8.352293 1.651271
-10.297096 2.293148
-8.618744 2.575369
-5.143289 7.736658
-4.697867 10.027751
-7.398333 6.138162
-5.786740 6.495922
-5.262659 7.167487
-9.918658 9.714877
-6.028158 6.534753
-6.898095 6.493582
-6.291598 7.117829
-8.068076 8.725667
-7.343039 6.079144
-10.924006 -1.282039
-11.348225 -0.218105
-9.692495 1.841773
-8.502358 2.988265
-5.339454 6.307106
-8.508392 1.346009
-8.475987 3.125391
-8.419397 3.411303
-9.690771 1.170902
-8.306162 2.711875
-4.586660 0.509334
-4.240798 -0.104204
-4.281140 -1.623739
-2.433822 -2.098823
-4.289742 -5.575314
-4.622293 -4.070047
-10.207308 -2.137443
-11.564234 2.437996
-8.594150 1.905173
-9.794224 0.890803
-9.377613 1.515197
-11.688348 2.592445
-10.030948 -1.373245
-10.982785 -0.835149
-10.637569 -2.708178
-11.207653 0.954419
-8.842595 2.697736
-8.534776 3.261047
-8.258459 3.316206
-9.629307 2.542278
-10.456406 2.764792
-13.007614 2.421049
-10.281544 3.205935
-9.447626 2.433016
-9.792777 2.380314
-9.622318 2.292275
-7.790340 8.004587
-7.425498 6.206114
-7.872012 5.945073
-7.528940 6.283365
-9.708186 3.021357
-6.146051 7.565106
-2.987255 8.313698
-5.673170 6.021153
-3.825181 6.846984
-1.590928 4.056590
-3.912501 6.299416
-6.701430 8.064401
-7.527228 6.484403
-6.372620 6.086082
-6.067101 6.041211
-7.979704 8.531542
-7.057846 7.440769
-7.358675 6.876980
-8.052430 8.984357
-11.272317 8.762157
-9.196950 11.684411
-7.464729 9.722754
-7.876717 7.080816
-4.093601 6.614141
-4.673994 8.624331
-8.173676 8.518286
-8.232800 10.012538
-9.100216 9.359408
-6.218327 9.571087
-12.032822 11.724948
-12.092470 9.099729
-12.968342 9.388725
-6.571931 8.313063
-7.677990 6.996444
-6.324481 6.088456
-7.825338 7.942330
-5.194148 7.389812
-6.668126 7.205835
-7.446864 8.066038
-6.821467 7.070707
-6.347598 6.683886
-5.092291 10.950823
-9.810061 8.629546
-9.022622 10.279078
-7.473710 8.086000
-3.756138 7.934994
-11.902332 10.361433
-6.871601 11.890620
-7.583487 7.101856
-5.396187 6.551160
-6.786889 6.399157
-6.421317 6.589510
-3.907692 7.090255
-6.048057 6.866942
-3.942194 6.527033
-3.258680 6.830365
-2.698698 4.840805
-2.896956 2.854838
-2.996198 4.472820
-2.184186 5.469253
-3.306927 6.807716
-3.941015 7.108291
-4.455604 6.268153
-3.454700 6.096690
-2.463963 5.811748
-2.610456 2.407987
-1.232547 5.134511
-3.092736 6.911198
-5.832581 6.889206
-5.942005 7.639865
-5.636032 7.300460
-7.479443 7.336947
-5.954462 7.974164
-6.149921 7.658668
-7.250545 7.082706
-4.837242 6.717686
-7.618067 8.394847
-5.932662 9.546886
-7.776834 7.545707
-7.762766 6.566105
-6.777432 6.751518
-6.213934 6.454806
-4.808753 7.108885
-5.059292 6.421910
-6.023911 6.019616
-5.756148 8.287482
-7.783750 6.673645
-7.691160 6.316242
-3.596276 6.437827
-6.302425 7.097867
-6.866727 6.089377
-8.471582 9.562543
-7.048636 7.351385
-6.327356 6.225250
-11.292564 1.476986
-11.009415 3.179979
-8.582887 3.372697
-8.827652 2.881517
-10.636042 -0.294956
-10.737204 0.652862
-11.383629 3.235102
-8.740718 2.986115
-8.220689 3.493551
-4.932869 5.973717
-5.354294 5.957245
-5.637383 6.639338
-6.633647 6.299260
-8.621592 1.734565
-9.403085 1.943353
-9.050274 3.465713
-10.127604 2.071315
-10.444860 1.211858
-9.872581 -0.733797
-10.638583 -2.567113
-9.288727 2.279374
-6.054773 -4.695856
-5.073911 -7.026139
-7.082233 -5.006522
-6.675666 -6.828119
-4.449293 -3.714104
-3.556540 -2.083250
-2.783481 -0.083304
-2.074289 0.289656
-2.353191 -0.846735
-3.184809 0.642890
-4.011910 0.173562
-4.520118 0.913823
-3.520181 0.582960
-3.163062 0.845754
-2.699008 -0.156370
-3.901912 0.059957
-3.647392 -0.188645
-2.719768 -0.518543
-2.952840 0.880586
-1.171260 -0.280214
-2.218255 -0.230031
-3.790830 0.050905
-2.687572 0.613423
-4.479074 -0.205766
-4.154345 -0.611690
-4.186092 0.389611
-3.857033 -0.481038
-3.054646 0.292584
-3.792708 -0.240818
-2.889261 5.906894
-3.662372 6.044301
-4.440104 8.317768
-4.620792 8.172663
-4.108251 6.987967
-3.268005 6.373464
-3.289382 8.043535
-6.291125 6.794892
-6.137740 6.783698
-10.444716 -4.066507
-8.638812 -4.347888
-9.280060 -4.516543
-7.918436 -6.911428
-6.643148 -4.388600
-3.881615 -0.531542
-4.097183 -3.867537
-2.130059 -2.504933
-4.332620 -3.238513
-3.903374 -3.281424
-4.521034 -3.534312
-9.168401 2.026917
-14.104696 0.921184
-10.179266 -0.836017
-13.049093 -4.811111
-10.100176 -1.376838
-10.111343 -0.933757
-5.584273 6.014195
-7.368791 6.399653
-12.548868 1.177342
-12.599861 -1.232415
-12.121609 2.442831
-8.716826 2.085845
-12.536650 -1.317606
-10.856957 -1.268108
-9.080968 2.911203
-13.462917 -0.165187
-13.449882 -3.564201
-14.734241 -4.190943
-8.362292 -3.954562
-8.132852 -6.939301
-10.772344 -15.273121
-9.029016 -12.281245
-10.673656 -11.880036
-16.997492 -12.086705
-17.503363 -16.078104
-19.753063 -9.664375
-14.402527 -11.865132
-9.424369 -10.533180
-13.451444 -11.236442
-9.509726 -12.930776
-9.945285 -9.229993
-12.221414 -8.405402
-7.874618 -11.954964
-11.354842 -9.159278
-13.754295 -11.186189
-13.293509 -10.793324
-9.366505 -13.964417
-10.205504 -15.078954
-11.172854 -12.873421
-10.685470 -9.340706
-12.170246 -9.223903
-12.855978 -10.909729
-14.442379 -9.837309
-17.011234 -6.492830
-14.869596 -9.855756
-19.785223 -10.115775
-17.320587 -14.188993
-18.593878 -13.392253
-12.552592 -7.235686
-13.830223 -11.422638
-11.975020 -10.818147
-5.943727 -11.116275
-10.340900 -19.125986
-13.953878 -17.573475
-16.210110 -17.870941
