13.532097 17.544527
15.370732 11.219824
13.084507 9.511257
14.805904 11.199916
14.946682 8.342785
17.483313 0.663475
16.088388 -0.137559
13.850422 3.286391
15.007133 0.773957
12.460991 2.916713
11.281363 1.972589
12.815415 2.876583
13.188622 3.385792
17.477219 3.886159
15.622924 4.804301
16.010010 6.986610
16.418707 5.382214
14.961883 2.729634
12.596004 3.141647
13.266759 3.759123
10.955107 3.405620
12.626464 3.364580
9.943821 3.142752
9.560471 3.948311
9.762033 5.989816
7.673592 5.034295
7.353239 7.047936
8.207922 9.723990
11.729488 9.494253
12.198397 9.167231
6.828902 11.185986
8.146726 4.557001
9.082297 2.423641
10.731586 3.638928
10.699702 3.276320
9.496050 2.503128
9.294624 4.156115
11.227479 2.685195
10.388166 3.196185
11.026349 3.755302
11.752877 3.457329
8.154846 2.080854
7.438045 3.755592
7.325540 4.171337
9.523746 5.325565
9.513170 8.666343
8.058366 7.547794
9.824671 7.158067
8.222439 6.517276
8.873550 4.208378
8.619191 2.349355
11.899882 3.330712
11.865776 3.042014
6.224113 0.575226
10.588638 2.027324
8.888092 4.810629
11.182205 2.317991
11.675241 2.195206
12.466553 3.125988
12.294089 1.397424
14.522558 -0.509303
15.746719 6.023349
15.146103 7.768643
15.313383 9.260562
14.890242 6.960645
15.076441 4.057221
18.220436 2.711185
12.348160 3.541991
10.336856 3.482931
11.241711 2.634466
7.800629 4.337510
9.519475 4.846779
8.152598 3.178996
5.882256 3.263179
5.134961 6.495694
8.098987 9.989978
11.925755 11.107214
12.831806 8.799095
8.431551 6.844712
5.445190 3.827024
7.153304 7.988907
8.651297 6.245929
9.702045 1.179506
10.487601 1.888654
11.264886 2.744215
7.941941 3.535643
8.698753 3.725915
7.517082 2.449856
8.151717 3.795120
5.629508 2.933588
12.572298 3.416340
13.405679 0.935862
13.964593 1.863016
10.978099 1.995971
5.767867 4.871429
7.629385 7.381061
9.568627 5.725724
8.085032 4.299004
9.541132 8.400216
3.629918 -7.447355
9.410283 -12.873565
13.526288 -18.675287
