-7.481472 -19.546114
-9.275074 -12.019731
-9.732611 -9.358335
-10.254163 -8.020766
-9.217173 -8.195974
-9.356436 -8.103201
-9.366310 -8.088746
-9.227641 -8.182652
-9.294039 -8.136331
-9.442762 -8.033809
-9.426886 -8.047612
-9.282815 -8.145723
-9.325314 -8.115757
-9.190893 -8.206183
-9.273711 -8.149724
-9.420393 -8.048274
-9.411543 -8.057912
-9.268814 -8.155129
-9.317578 -8.120818
-9.468815 -8.016866
-9.443624 -8.036454
-9.297934 -8.135528
-9.333676 -8.110278
-9.198326 -8.201471
-13.670448 -4.906249
