-0.702703 -16.064478
0.406578 -10.556678
0.590935 -7.866077
0.636702 -5.239694
0.535115 -2.064973
1.012759 -0.670797
0.678738 -0.126967
0.528373 0.099381
1.214360 0.519282
0.820810 0.505822
0.624705 0.454546
1.297672 0.713927
0.875789 0.622416
0.663590 0.526830
1.326121 0.754479
0.894209 0.649671
0.676486 0.544554
1.335381 0.764920
0.899987 0.656879
0.680583 0.549482
1.338315 0.767914
0.901784 0.658911
0.681858 0.550937
1.339226 0.768801
0.902336 0.659511
0.682250 0.551371
1.339507 0.769067
0.902507 0.659692
0.682371 0.551502
1.339592 0.769147
0.902557 0.659747
0.682407 0.551542
1.339618 0.769171
0.902573 0.659763
0.682418 0.551553
4.242877 1.192918
6.233735 3.238179
