1.670991 10.188824
2.748386 7.268369
3.264958 4.266764
3.753212 1.870353
1.940975 1.286285
1.751181 1.014557
1.343745 0.265374
0.786722 0.193666
1.608043 -0.915811
1.516791 -1.972553
1.722420 -2.881851
1.739951 -3.063020
1.005020 -2.826704
0.600679 -2.699256
1.109455 -2.859885
1.592540 -3.204320
1.698157 -3.219887
0.996826 -2.932135
0.603856 -2.790549
1.121730 -2.905238
1.598243 -3.224697
1.702109 -3.231075
1.001526 -2.940590
0.608556 -2.797946
1.125019 -2.909242
1.599594 -3.226627
1.702879 -3.232205
1.002274 -2.941484
0.609257 -2.798744
1.125477 -2.909699
1.599779 -3.226852
3.389479 -4.096680
4.540125 -5.129029
5.894554 -5.606045
6.059010 -7.799847
6.314499 -8.152981
6.890058 -8.998845
6.838186 -8.797128
6.709999 -8.122543
7.829447 -9.013761
8.063241 -8.868643
8.503344 -8.163248
9.114989 -8.784820
12.085795 -6.101931
16.362053 -8.493504
