12.306756 -5.974292
9.286711 -9.237943
8.701146 -8.852489
7.599727 -7.969511
7.212578 -8.285668
6.152126 -7.993297
4.289171 -4.214774
0.297174 -2.283667
0.281745 -2.232585
0.297849 -2.285350
0.282818 -2.234915
0.299425 -2.289130
0.285346 -2.240144
0.303219 -2.297541
0.291708 -2.251819
0.313106 -2.316024
0.308107 -2.277439
0.340558 -2.355000
0.353470 -2.331201
0.422026 -2.432858
0.481419 -2.434699
0.626624 -2.567946
0.773573 -2.597760
1.066316 -2.748977
1.299936 -2.781495
1.778068 -2.927459
1.140211 -2.586270
1.118254 0.401078
1.692326 0.496506
1.672551 0.846741
1.672940 0.969537
1.649629 1.060544
3.422615 1.372478
2.755367 3.147611
2.389635 5.989676
1.760926 9.231125
