19.391075 -7.316845
12.593362 -6.011569
8.804226 -8.799235
7.682034 -8.225797
7.279725 -8.656354
6.900316 -8.716212
6.878469 -8.804776
6.718890 -8.789281
6.787147 -8.823869
6.677374 -8.800087
6.765944 -8.826356
6.667470 -8.801910
6.760875 -8.826686
6.665107 -8.802247
6.759656 -8.826732
6.664536 -8.802318
6.759360 -8.826739
6.664399 -8.802335
6.759289 -8.826741
6.664366 -8.802339
6.759272 -8.826741
6.664357 -8.802340
6.111578 -7.131988
3.756034 -4.996510
2.653509 -4.205829
1.539473 -4.037078
0.199695 -4.338730
