-19.004826 -4.383899
-12.012036 -1.373768
-9.135261 0.309951
-4.764408 0.871070
-2.012960 0.818761
2.832996 5.356957
3.618589 5.583553
3.648345 5.336392
3.554565 5.296165
4.065789 5.615397
4.010029 5.405756
3.901466 5.396246
3.920160 5.260939
3.836023 5.319480
3.885044 5.212449
3.810082 5.294132
3.870529 5.196557
3.799797 5.285610
3.864739 5.191173
3.795670 5.282663
3.862431 5.189307
3.794028 5.281615
3.861500 5.188627
3.793374 5.281225
3.861128 5.188371
3.793114 5.281075
3.860982 5.188273
3.793012 5.281020
4.366333 6.338241
5.040634 7.436971
7.128150 8.964208
9.726142 11.109057
17.273296 16.410088
