17.789801 -16.061899
10.827945 -10.113650
8.142692 -8.659797
8.045938 -9.054738
8.235845 -9.151364
8.095574 -9.093699
8.279576 -9.182917
8.105840 -9.097140
7.845662 -8.960584
8.002324 -9.068681
8.201077 -9.160256
8.089221 -9.093486
8.274301 -9.182480
8.104805 -9.096976
7.844481 -8.960458
8.002013 -9.068644
8.200823 -9.160214
8.089168 -9.093477
8.274257 -9.182471
8.104795 -9.096974
7.844470 -8.960456
8.002008 -9.068643
8.200818 -9.160213
6.198379 -7.693344
4.387854 -6.269708
2.989129 -4.796096
2.419758 -4.074208
1.401582 -3.256930
1.402005 -3.255991
1.402866 -3.254270
1.404590 -3.251117
1.407868 -3.245411
1.414181 -3.234772
1.426530 -3.214884
1.450585 -3.177172
1.497428 -3.103978
1.588724 -2.955498
1.780268 -2.625754
0.754066 -0.938327
-0.332180 1.083682
-2.299673 4.053521
