-2.136750 -10.659908
-0.957582 -7.949256
0.213308 -5.124268
1.096830 -2.486479
1.698706 -1.020171
1.345288 -0.647128
1.052857 -0.557812
1.743332 0.277502
1.372953 0.201712
1.292390 0.233729
1.663080 0.323426
1.498447 0.294452
1.140131 0.197758
1.124667 0.193730
1.483819 0.290027
1.373516 0.259393
1.748991 0.347670
1.559669 0.310640
1.197339 0.214914
1.164501 0.205450
1.526281 0.300803
1.402407 0.267512
1.778558 0.354355
1.581740 0.316287
1.217896 0.220918
1.178659 0.209340
1.541391 0.304388
5.830873 1.331855
8.123558 2.832956
9.886851 4.586032
