6.127256 9.310128
4.605914 7.906698
2.953830 5.384784
3.039917 5.307926
2.963985 5.391163
3.049890 5.314658
2.975927 5.399819
3.061483 5.323791
2.989456 5.411376
3.074393 5.336079
3.003888 5.426664
3.088170 5.352396
3.018838 5.446824
3.101849 5.374274
3.033051 5.473591
3.113840 5.403740
3.043907 5.509555
3.121233 5.443651
3.046592 5.557738
3.118535 5.497981
3.033019 5.622984
3.096095 5.572150
2.991738 5.710474
2.104265 5.321259
0.294941 2.915757
-2.039356 0.446770
-4.374386 0.295413
-6.848633 0.251762
-9.076631 -0.841354
