13.670945 -4.467614
9.225240 -6.817273
8.266284 -9.453794
8.041439 -9.429429
8.103899 -9.496068
7.845690 -9.493072
7.981750 -9.497838
8.219123 -9.505778
8.200102 -9.501740
7.959504 -9.493991
8.062943 -9.496639
8.288076 -9.508449
8.235656 -9.503146
8.001557 -9.493369
8.087839 -9.496994
8.309714 -9.509764
8.246757 -9.503563
8.014654 -9.493139
8.094860 -9.497228
8.315861 -9.510235
8.249941 -9.503688
8.018417 -9.493087
1.618149 -9.704062
0.765322 -9.846084
-1.238990 -10.338783
-4.276817 -12.048976
-11.151578 -17.081806
