10.382890 4.522690
6.971606 4.671118
3.545291 4.375160
0.820456 3.597547
-0.656201 3.448825
-1.245483 3.971147
-1.676260 4.860469
-2.232441 5.596407
-2.405410 6.079319
-2.619849 6.487689
-2.618994 6.487178
-2.617599 6.486329
-2.615322 6.484899
-2.611614 6.482450
-2.605634 6.478206
-2.596141 6.470724
-2.581406 6.457469
-2.559917 6.433475
-2.532255 6.388526
-3.177313 6.338542
-3.774145 6.568702
-5.106097 6.351670
-7.009994 6.564318
-7.742119 7.869750
-7.549585 7.937562
-7.785285 7.912761
-7.586244 7.966652
-7.790664 7.911914
-7.591086 7.965691
-7.791494 7.911589
-7.591838 7.965401
-7.791625 7.911531
-7.591957 7.965351
-7.791650 7.911523
-7.591979 7.965343
-7.791651 7.911521
-7.591979 7.965342
-7.791653 7.911520
-7.591982 7.965341
-7.791653 7.911520
-7.591981 7.965341
-7.791653 7.911520
-7.591981 7.965341
-17.531784 7.889942
