18.949942 4.115050
13.181796 3.486655
11.214145 3.625324
11.076797 3.443976
11.214008 3.644637
11.113042 3.503126
11.216544 3.654479
11.116023 3.514114
11.216714 3.655962
11.116223 3.515812
11.216718 3.656165
11.116229 3.516048
11.216716 3.656190
11.116226 3.516078
11.216716 3.656193
11.116226 3.516082
11.216716 3.656194
11.116226 3.516082
11.216717 3.656194
11.116226 3.516082
11.216717 3.656194
11.116226 3.516082
8.741659 1.972803
6.791339 1.141592
1.146819 0.161564
1.493143 0.257905
1.254010 0.188814
1.608876 0.279063
1.388771 0.218542
1.752611 0.302175
1.562613 0.254360
1.194929 0.170466
1.773721 0.300243
1.361941 0.229393
1.101657 0.148893
1.444732 0.247647
1.197185 0.173449
1.547966 0.266691
1.316954 0.195193
1.676819 0.279953
1.468423 0.187929
1.105723 0.104650
1.660305 0.012129
1.245369 -0.050907
0.997495 -0.805885
-2.385341 -3.364655
-4.812352 -5.539536
-6.938544 -6.910704
-9.355546 -7.690181
-14.639515 -10.402710
