-19.488552 7.298120
-13.145836 4.382552
-7.607690 7.574646
-7.780148 7.432389
-7.887506 7.379749
-7.669745 7.541994
-7.609457 7.572367
-7.782148 7.429768
-7.891152 7.375146
-7.673073 7.537723
-7.615956 7.563830
-7.789464 7.419967
-7.903864 7.358099
-7.685028 7.521620
-7.637425 7.531996
-7.813094 7.384346
-7.937622 7.293420
-7.718750 7.460379
-7.666261 7.412319
-7.832060 7.255488
-7.748893 7.034530
-7.904497 6.824655
-7.942381 6.646179
-7.802921 6.862111
-7.906884 6.688809
-7.767907 6.904147
-7.884433 6.718268
-7.745260 6.933336
-7.868186 6.739651
-7.728247 6.955399
-7.856722 6.754981
-7.716141 6.971223
-7.848559 6.765826
-7.707729 6.982127
-7.843046 6.773088
-7.702032 6.989476
-7.839336 6.777973
-7.698164 6.994465
-7.836790 6.781323
-7.695510 6.997890
-9.186094 2.979606
-8.391380 2.153288
-8.419851 1.766612
-8.345873 1.598029
-8.476660 1.333668
-8.648849 1.392684
-8.578333 1.347309
-8.734987 1.412470
-8.610721 1.363924
-8.763426 1.429441
-8.196263 1.250674
-8.621922 1.371131
-8.773397 1.436556
-8.201569 1.254269
-8.625906 1.373876
-8.776958 1.439240
-8.203463 1.255589
-8.627327 1.374889
-8.778225 1.440219
-8.204142 1.256072
-8.627836 1.375259
-8.778681 1.440576
-8.204388 1.256247
-8.628020 1.375394
-8.778845 1.440706
-8.204475 1.256310
-8.628087 1.375442
-8.778904 1.440752
-6.220447 0.933994
-3.146698 -0.232549
-2.233639 -0.658551
-1.098000 -1.977450
0.808547 -4.428980
