-8.516205 -16.178976
-2.048239 -12.725471
1.074168 -11.524091
8.196616 -10.021639
8.013600 -10.001641
8.196614 -10.021638
8.013598 -10.001641
8.196609 -10.021637
8.013593 -10.001640
8.196589 -10.021631
8.013568 -10.001634
8.196510 -10.021607
8.013479 -10.001611
8.196220 -10.021522
8.013144 -10.001526
8.195141 -10.021210
8.011901 -10.001216
8.191097 -10.020108
8.007239 -10.000130
8.175712 -10.016500
7.989549 -9.996715
8.116271 -10.007500
7.920834 -9.989479
7.888023 -10.012551
8.090258 -10.026007
8.082664 -10.931581
12.347535 -10.993567
