-8.923537 0.218406
-5.882502 -0.443812
-2.682706 -0.861335
-0.368922 -0.990376
6.104755 -1.291610
7.469714 0.151528
8.652933 1.386544
8.675127 1.397050
8.654034 1.386856
8.676681 1.397488
8.656369 1.387511
8.679978 1.398401
8.661327 1.388866
8.686964 1.400282
8.671793 1.391627
8.701658 1.404094
8.693771 1.397138
8.732619 1.411537
8.739761 1.407583
8.797858 1.425829
8.836704 1.425982
8.940050 1.446673
9.050857 1.438837
9.263722 1.440913
9.533398 1.362772
10.747255 1.567071
10.715741 1.342308
11.480934 1.306497
11.951283 1.402193
12.110998 1.381688
12.194141 1.438238
12.224970 1.413379
12.236812 1.448183
12.243194 1.419151
12.243598 1.449938
12.246085 1.420135
12.244677 1.450242
12.246546 1.420301
12.244847 1.450293
12.246618 1.420329
12.244875 1.450301
12.246631 1.420334
12.244880 1.450303
12.759144 0.157029
13.951254 -1.260611
13.205530 -0.950634
12.955884 -0.231669
13.598378 -1.326366
13.424225 -0.596894
13.124556 -0.260303
13.514505 -0.976732
13.138172 -0.573412
13.526274 -1.296702
13.132295 -0.846733
13.522883 -1.563615
13.118605 -1.096715
12.888184 -0.375247
13.576788 -1.406123
13.410320 -0.673274
13.121903 -0.308998
13.511444 -1.025189
17.023005 -5.399396
