-12.600081 -8.415611
-9.867828 -8.135594
-10.010941 -8.033262
-9.801044 -8.176373
-9.938604 -8.078074
-9.985150 -8.042179
-9.843987 -8.144552
-9.837998 -8.146680
-9.978581 -8.044293
-9.766730 -8.200459
-9.901270 -8.105019
-9.927526 -8.083987
-9.790943 -8.181828
-9.756546 -8.203938
-9.889912 -8.108392
-9.914882 -8.093106
-9.779255 -8.190036
-10.013653 -8.016340
-9.871201 -8.121319
-11.719568 -2.379179
-11.109284 -0.379059
-10.917027 1.251772
-10.484776 2.797070
-10.318146 3.157683
-7.900647 6.985233
-7.817051 7.097868
-7.810285 7.110443
-7.893048 6.999969
-7.900370 6.985589
-7.816787 7.098183
-7.809910 7.110897
-7.892668 7.000471
-7.899884 6.986217
-7.816324 7.098741
-7.809258 7.111702
-7.892006 7.001361
-7.899150 6.987386
-7.815607 7.099774
-7.809289 7.113597
-7.892258 7.003529
-7.914607 6.995785
-7.825185 7.108854
-7.742534 7.488112
-7.863433 7.415206
-7.681813 7.871678
-7.828845 7.862807
-7.673160 7.886486
-7.818785 7.882886
-7.671673 7.887391
-7.817067 7.884041
-7.671432 7.887484
-7.816787 7.884154
-7.671392 7.887497
-7.816741 7.884169
-7.671387 7.887498
-7.816734 7.884172
-7.671385 7.887499
-7.816732 7.884172
-7.671386 7.887499
-7.816734 7.884173
-7.671385 7.887499
-7.816732 7.884172
-10.568953 8.765712
