16.113268 -18.796846
10.411020 -11.330461
8.270119 -9.015839
7.865461 -9.422217
8.007893 -9.537982
7.852011 -9.455390
7.999233 -9.562657
7.852145 -9.457185
7.999479 -9.564041
7.852298 -9.457324
7.999619 -9.564157
7.852334 -9.457341
7.999652 -9.564174
7.852342 -9.457345
7.999658 -9.564177
7.852344 -9.457346
7.999660 -9.564178
7.852344 -9.457346
7.999660 -9.564178
7.852344 -9.457346
7.999660 -9.564178
7.852344 -9.457346
7.999660 -9.564178
6.410656 -7.688213
0.483067 2.719551
-0.217506 4.520813
-1.430792 7.556359
-1.033988 10.062308
-1.467511 15.774132
