5.069090 -14.085877
8.149180 -11.203540
8.032946 -11.295153
8.149126 -11.203359
8.032878 -11.294908
8.148987 -11.202881
8.032702 -11.294260
8.148630 -11.201619
8.032259 -11.292555
8.147738 -11.198287
8.031160 -11.288045
8.145540 -11.189470
8.028505 -11.276149
8.140293 -11.166169
8.022189 -11.244749
8.129364 -11.105413
8.012101 -11.161774
8.117499 -10.943167
8.017094 -10.934854
8.186793 -10.480037
8.208519 -10.244119
8.902827 -8.969670
10.613070 -6.929236
11.731847 -5.752194
11.823572 -3.859391
11.172056 1.733824
11.167917 1.541161
11.178240 1.273576
11.173805 1.649343
11.171929 1.733698
11.167766 1.541011
11.177862 1.273237
11.173460 1.649016
11.170956 1.732821
11.166595 1.539978
11.174924 1.271126
11.170768 1.646969
11.163294 1.728369
11.157589 1.535174
11.152157 1.268535
11.149585 1.643836
11.102420 1.757261
11.086759 1.580789
10.952405 1.608648
10.919575 1.360726
12.610477 1.351740
18.276146 -0.468145
