12.843254 -10.574100
8.624328 -9.889506
8.169497 -9.956257
7.986582 -9.922448
7.959798 -9.925736
8.146745 -9.957492
8.028289 -9.936761
8.205767 -9.969781
8.049816 -9.939817
7.845948 -9.911153
7.889936 -9.918098
8.087489 -9.947809
8.005371 -9.933362
8.185974 -9.965887
8.042704 -9.938812
8.218171 -9.972166
8.054256 -9.940450
7.851127 -9.911590
7.892708 -9.918320
8.089859 -9.948151
8.006360 -9.933516
8.186832 -9.966061
2.560851 -9.961061
2.643281 -9.786601
2.560897 -9.414279
1.130228 -9.009370
-1.171683 -8.630470
-3.676028 -8.208081
