-13.876974 8.151888
-7.660698 7.815114
-7.787700 7.785565
-7.660857 7.814991
-7.787886 7.785421
-7.661319 7.814634
-7.788421 7.785004
-7.662659 7.813590
-7.789974 7.783782
-7.666517 7.810518
-7.794441 7.780189
-7.677445 7.801360
-7.806801 7.769730
-7.705988 7.774558
-7.838747 7.739015
-7.772349 7.695288
-7.912180 7.646350
-7.871080 7.510994
-7.734574 7.576838
-7.839413 7.084816
-7.923975 6.973292
-7.827901 7.103493
-7.913200 6.992448
-7.814420 7.120161
-7.899270 7.011106
-7.799408 7.138608
-7.883842 7.031632
-7.951655 6.942466
-7.867940 7.052488
-7.937504 6.961435
-7.852907 7.072196
-7.923244 6.980492
-7.837876 7.091833
-7.909477 6.998880
-7.824229 7.109159
-7.897936 7.014300
-7.813008 7.122996
-7.888460 7.026905
-7.803805 7.134312
-12.132477 3.436623
-11.455709 0.869560
-11.902918 -2.943521
-9.536580 -8.211804
-9.634890 -8.111781
-9.538925 -8.210328
-9.637461 -8.110127
-9.543166 -8.207664
-9.642116 -8.107133
-9.550880 -8.202792
-9.650587 -8.101617
-9.564801 -8.193985
-9.665882 -8.091613
-9.589426 -8.178357
-9.692698 -8.074183
-9.631628 -8.151509
-9.738312 -8.044456
-9.701902 -8.105830
-9.584009 -8.218286
-9.813444 -8.039631
-9.686794 -8.157594
-10.040166 -8.060396
-9.892020 -8.157452
-11.816535 -8.246452
-12.765409 -11.374781
