-14.233318 15.635092
-8.667207 9.207559
-7.329699 7.922035
-6.494935 6.949018
-5.148328 5.945657
-3.238099 5.948085
-3.184484 6.012666
-3.169889 5.688511
-3.158198 5.255764
-2.819195 4.656151
-2.963441 4.547422
-3.097853 3.766690
-2.435000 2.781812
5.764493 -8.023972
8.218006 -9.768815
8.105795 -9.711306
7.889892 -9.599070
8.217907 -9.768769
8.105680 -9.711253
7.889734 -9.599002
8.217622 -9.768634
8.105347 -9.711099
7.889270 -9.598800
8.216776 -9.768235
8.104362 -9.710643
7.887907 -9.598207
8.214293 -9.767058
8.101467 -9.709298
7.883892 -9.596448
8.206985 -9.763567
8.092950 -9.705296
7.872070 -9.591197
8.185593 -9.753242
8.068123 -9.693467
8.122826 -9.723588
7.995282 -9.659777
7.937635 -9.642310
8.025894 -9.729445
8.451596 -10.045947
8.712723 -10.304654
9.887658 -11.290732
15.429678 -16.333239
