17.095636 -4.899890
14.882066 -1.563121
14.880489 -1.551019
14.876674 -1.532436
14.867463 -1.504299
14.844768 -1.462112
14.789068 -1.397038
14.649881 -1.294688
14.290955 -1.115847
13.317011 -0.723622
12.510832 1.094186
12.088026 2.042303
12.092318 2.030437
12.103500 1.999986
12.132612 1.923216
12.206962 1.732439
12.395775 1.274751
12.099781 1.924877
12.155535 1.737309
12.300261 1.296316
11.836919 2.018076
11.735355 1.915294
11.580004 1.747585
11.335461 1.529086
9.636928 1.565372
9.506104 1.419286
8.737659 1.468512
8.515117 1.345433
8.222737 1.345411
7.917758 1.326379
7.775349 1.303312
7.667058 1.283655
7.594957 1.276282
7.549466 1.263333
7.510725 1.264749
7.494462 1.254131
7.425265 1.060677
7.332367 0.908810
7.184464 0.470838
6.764158 -0.525369
5.159266 -0.709879
-5.375281 -0.441768
-8.367718 -0.114925
-11.536205 -0.344130
