18.227596 -11.395631
11.595785 1.841146
11.652488 1.581122
11.596560 1.711016
11.653612 1.424854
11.726183 1.303010
11.658450 1.630847
11.595955 1.841843
11.652681 1.581921
11.597028 1.712629
11.654143 1.426705
11.727108 1.305679
11.659266 1.633266
11.598673 1.846691
11.655805 1.587174
11.609606 1.716072
11.668601 1.429329
11.796019 1.263474
11.719514 1.597813
11.824368 1.536457
11.793509 1.715282
11.844770 1.568053
11.807005 1.735743
11.848494 1.573637
11.809464 1.739322
11.849173 1.574617
11.809912 1.739952
11.849297 1.574791
11.809994 1.740065
11.849319 1.574822
11.810010 1.740085
11.849324 1.574828
11.810012 1.740088
11.849324 1.574829
11.810013 1.740088
12.533497 -0.762026
11.714489 1.993397
11.700277 2.007316
11.714670 1.993498
11.700557 2.007452
11.715145 1.993642
11.701284 2.007597
11.716372 1.993654
11.703171 2.007335
11.719539 1.992582
11.708051 2.004741
11.727655 1.986316
11.720591 1.992113
11.748283 1.958802
11.752536 1.941290
11.801167 1.856787
11.834787 1.765483
11.938379 1.511630
11.845112 1.818240
11.909054 1.487836
11.866964 1.653850
11.916471 1.450901
11.871970 1.633164
11.918041 1.446296
11.873017 1.630595
11.918358 1.445745
11.873228 1.630294
11.918422 1.445685
11.873270 1.630263
11.918433 1.445679
11.873278 1.630261
11.918434 1.445679
11.873280 1.630260
11.918434 1.445680
11.873280 1.630260
11.918434 1.445680
11.873280 1.630260
12.672594 -1.057303
14.315954 -0.195531
15.000212 -0.933437
19.907211 3.018091
