-9.908711 11.960546
-8.337253 8.630603
-7.751284 8.152387
-7.751519 8.152253
-7.751986 8.151958
-7.752912 8.151294
-7.754727 8.149770
-7.758245 8.146200
-7.764988 8.137633
-7.777519 8.116725
-7.799298 8.065998
-7.836774 7.938550
-7.890462 7.033113
-7.805173 7.139451
-7.855323 7.058129
-7.938199 6.946917
-7.909443 6.987985
-7.825057 7.099684
-7.899514 6.999767
-7.815611 7.110198
-7.886972 7.016576
-7.803329 7.125345
-7.868779 7.040537
-7.950925 6.929761
-7.928336 6.962699
-7.844614 7.074201
-7.927067 6.962890
-7.843462 7.074494
-7.926523 6.963618
-7.842883 7.075248
-7.925731 6.964683
-7.842037 7.076349
-8.861279 2.133670
-8.661498 -2.611340
-8.985635 -8.226478
-9.002855 -8.125736
-8.985633 -8.226480
-9.002853 -8.125738
-8.985628 -8.226481
-9.002848 -8.125740
-8.985611 -8.226490
-9.002829 -8.125751
-8.985558 -8.226514
-9.002765 -8.125779
-8.985378 -8.226592
-9.002554 -8.125876
-8.984764 -8.226806
-9.001833 -8.126135
-8.982425 -8.226824
-8.999069 -8.126103
-8.969810 -8.216493
-8.984110 -8.112358
-8.856621 -8.026866
-8.849756 -8.212161
-8.523177 -8.688525
