6.656439 -14.749173
11.593820 -12.921189
12.729317 -17.829460
10.582397 -13.827222
8.156322 -12.458343
10.483787 -16.340267
13.291483 -15.252797
9.076954 -14.206939
8.763284 -9.356901
8.203676 -10.739753
9.173469 -6.859587
3.349092 -8.006719
2.786734 -7.869141
1.612847 -9.757752
2.135838 -9.411500
2.564857 -10.957448
1.262749 -11.170394
1.678857 -9.393413
3.535562 -7.389131
5.496870 -7.430980
7.974836 -6.752716
2.954136 -6.742382
6.527286 -8.187257
7.933161 -7.692872
8.314149 -9.191305
8.952987 -10.895677
9.216396 -8.276095
8.500200 -9.954117
8.519554 -6.897342
5.725768 -7.160083
5.776917 -7.240120
5.247805 -6.842021
6.126998 -5.575424
5.239872 -8.058159
5.619067 -8.031061
4.234847 -5.754136
3.664587 -3.762993
0.439486 -8.853527
2.137264 -7.109934
3.642869 -7.136974
5.766994 -5.292294
6.786619 -7.581168
0.971214 -7.689511
-0.531139 -11.763716
1.137507 -15.338310
2.470995 -17.090490
1.102654 -13.591361
2.319201 -15.082780
7.372124 -16.949823
3.363599 -13.859466
7.075779 -16.370684
9.796316 -17.454916
4.527348 -16.246370
7.922027 -11.617898
9.609345 -7.129601
7.111032 -7.733399
5.999821 -5.704942
5.533880 -5.198134
5.675297 -6.635295
7.225620 -6.839750
3.327168 -6.723290
5.680145 -7.261075
6.052282 -5.689147
11.071321 -15.442470
8.859643 -13.231847
3.584189 -4.577477
2.052768 -9.911829
0.937579 -9.172871
3.596313 -6.300167
1.479706 -10.401039
5.428010 -14.118760
8.237067 -11.579787
12.293693 -13.151437
6.128996 -14.296824
2.359604 -9.468602
1.574134 -9.974566
1.101864 -11.506350
1.469192 -10.628437
2.042013 -9.101991
8.712256 -6.960008
8.544978 -8.685143
8.174112 -13.315567
8.308617 -9.187108
2.531407 -6.003644
5.381703 -1.862626
7.744397 -1.021060
10.469422 -1.307621
9.982416 -1.578774
8.668205 1.161911
10.187515 0.522784
12.331474 -2.561043
2.085873 -9.655242
0.006000 -9.418265
2.817497 -8.995030
9.060376 -12.102244
8.812878 -10.370118
12.112415 -6.338570
12.481182 -5.641801
9.885009 -6.767985
8.418828 -8.144677
8.161757 -10.343809
3.899733 -6.657311
5.036648 -6.748625
10.362480 -13.680205
8.834829 -15.596677
11.501887 -5.827419
8.409407 -13.102489
8.045012 -14.685454
7.535248 -7.127582
5.929597 -7.380043
4.958511 -7.117630
5.325133 -8.051394
5.784088 -6.897431
2.912684 -7.716117
8.554090 -8.869710
7.911009 -11.397624
10.618576 -12.926332
8.654003 -11.692616
8.864598 -7.894440
9.917355 -7.450153
9.881485 -7.111380
10.311389 -6.785620
2.714212 -8.292572
4.627239 -5.002063
11.780066 -14.263917
14.621145 -10.553724
18.991274 -11.814720
16.209871 -19.599360
14.824375 -12.843612
14.900616 -12.887898
11.225497 -14.070418
9.023496 -10.253554
9.645593 -16.276596
7.126112 -14.162625
7.810464 -15.002352
3.306983 -13.416174
6.893184 -14.256670
4.733731 -13.966760
2.470112 -12.564396
2.251274 -12.226438
5.178166 -6.419266
5.710310 -6.539160
6.804663 -7.964303
4.782205 -7.581802
4.217164 -6.781788
5.753101 -7.544302
8.398352 -7.077973
4.987949 -6.046023
2.869926 -6.347143
2.451807 -8.740610
2.356807 -9.120603
4.255422 -4.351988
4.068443 -7.891152
5.519988 -8.185475
5.104914 -6.990974
4.515760 -7.689295
8.341867 -9.398494
8.624537 -9.767738
8.737410 -8.654459
8.589499 -10.172478
7.850899 -11.995438
8.364621 -13.163524
8.070684 -9.784039
8.730216 -10.906657
9.479451 -7.043577
9.503399 -7.146541
7.920971 -7.232770
8.322737 -9.814899
8.114482 -12.386506
8.814968 -9.906682
9.045241 -9.890157
9.203943 -14.172853
2.809206 -13.620441
1.067182 -9.740935
1.177176 -10.322269
1.118069 -9.898627
0.232943 -8.812149
0.865801 -9.887988
0.580366 -13.214634
6.639920 -15.175117
4.455001 -14.607670
0.543074 -11.378416
0.457451 -9.196023
2.837310 -8.519931
2.159217 -3.566489
3.881832 -6.503119
3.144588 -5.943478
3.887516 -4.814337
6.516402 -8.167349
5.263141 -7.593526
5.952392 -7.843884
5.433656 -7.593493
6.361836 -3.906756
6.171867 -5.791003
4.231920 -7.814593
3.940009 -7.636858
6.340940 -7.918643
5.340007 -7.678212
3.658057 -5.127134
4.256931 -6.194763
2.866078 -1.264461
5.005661 -0.167087
