-0.041531 -8.967767
1.237276 -2.889612
0.379149 0.482675
1.758543 3.292427
0.824005 4.566876
4.377066 5.867264
5.140111 5.265118
2.234048 3.372459
-0.290474 4.452756
2.829352 3.988183
2.359549 4.488100
3.910264 5.496153
-0.526731 5.567804
-0.824357 4.879042
1.235624 4.276959
1.356241 4.100543
0.018244 5.689392
-2.018987 6.031863
-1.279147 7.624362
-0.817710 8.270954
-2.487280 8.495879
0.051944 3.436472
0.300329 5.264524
1.102041 3.840096
3.491268 5.207012
3.688616 4.711381
5.897357 8.035844
5.983375 7.909476
6.350976 9.726125
4.721855 7.682563
6.659773 5.460255
7.778155 5.143191
9.735656 4.330446
8.489450 3.799211
-1.898642 5.742824
-2.171797 8.723468
-2.472628 5.972157
-2.015958 6.646429
-1.387249 5.158999
1.837091 4.097146
2.667124 3.723559
5.051864 1.513135
4.758899 6.628723
4.623600 9.011647
5.661785 7.655138
3.780096 4.606623
3.043119 5.634068
3.768866 5.567410
2.961366 5.281613
3.713964 4.702140
2.870576 4.911415
6.203019 5.613540
4.464941 6.127022
4.267022 5.671975
5.635500 7.566100
4.627558 9.642080
5.306703 7.327619
4.776927 4.323448
-1.732360 6.112339
-2.879239 6.325174
-4.581479 7.172636
-1.275597 10.407796
-2.985678 9.412873
-2.550377 6.892484
-0.264436 5.715871
3.382106 4.572014
2.298159 5.411053
2.546265 5.619408
2.053787 5.346099
3.103633 5.606035
2.976098 5.398103
3.688996 4.374984
3.393503 4.518172
6.315055 5.853400
4.389131 7.114627
4.683947 10.521329
5.809297 11.327619
4.258166 11.079883
5.935070 16.805721
