-3.905510 -5.147024
-2.194795 -4.584939
-0.395119 -1.750490
1.185049 -0.856050
6.091558 3.766076
8.280945 4.461695
9.375039 5.444013
7.224020 2.218704
5.109270 4.801570
6.127346 7.429687
6.384410 7.352717
6.063673 5.605822
6.350045 5.325264
5.744758 8.165197
6.494486 7.109620
5.539677 7.506007
6.632673 3.785928
8.064912 3.370041
8.300550 4.299139
10.193835 4.895297
9.507323 5.248825
7.823669 4.758770
7.178264 4.699040
7.555969 2.360963
9.538056 5.599578
9.760523 4.099595
7.269882 4.027512
8.977424 2.322096
8.660660 1.859173
9.796551 4.848753
9.100131 5.400077
7.001412 1.277898
7.307754 2.645064
7.342328 2.675628
4.442386 3.235181
8.809670 2.947785
5.381544 3.444892
3.792069 3.271393
6.248411 2.919939
5.572907 4.834038
6.001505 5.481863
5.523317 4.769327
13.287468 4.940318
7.423137 11.418501
6.871696 10.817090
5.762284 10.989710
6.433501 10.935458
6.221787 10.688891
10.457644 10.951444
13.441652 10.496009
12.993608 6.705327
13.014936 6.945285
12.464764 8.730488
