4.181977 16.578827
4.572212 3.857924
5.652152 7.360815
4.878682 9.738235
5.435377 8.343259
5.532091 8.629098
5.651375 7.734257
4.826370 9.839510
4.126647 11.831988
6.220750 7.872330
4.433102 7.864687
4.948976 7.981315
0.614011 4.424106
1.106583 5.240883
1.859603 5.336548
2.868495 4.274622
3.599555 4.705791
1.940158 5.115020
-1.494945 5.780772
-0.707905 8.690104
-1.249491 8.354289
-2.140060 9.427423
-0.874438 10.996222
-1.185495 10.599258
-1.070788 4.585390
1.675613 3.429740
0.724272 3.711423
2.439799 5.841170
4.127226 5.194575
5.152782 5.446416
5.500604 9.491965
5.713243 10.130689
5.067703 10.612437
4.860928 12.136416
6.326679 9.124297
4.363240 6.853270
4.460347 4.368378
5.795997 5.429899
6.085868 5.933958
2.506925 3.003689
0.439409 4.330071
-1.301623 5.420558
-0.914631 6.990389
-1.687588 8.265349
-2.960806 8.819777
-1.148282 9.594966
-0.758490 10.909972
-2.386925 10.098132
-3.830039 8.464593
-1.984526 9.015289
-3.549686 7.070309
-1.759641 5.596814
-1.160000 8.297019
-1.848180 7.936312
-2.942604 9.022081
-4.268914 6.854677
-4.332906 7.258311
-2.739415 6.568380
-4.352469 9.275684
-1.562532 9.447700
-0.889300 7.938028
-2.089709 7.275441
-0.867345 7.510663
-0.915014 9.196511
-1.777714 7.804467
-2.339668 7.702251
-4.136082 6.590335
-0.586965 5.917690
0.526572 3.658838
0.548053 5.266996
0.117530 5.405830
-0.337417 3.431872
0.812338 5.508965
2.245525 4.218424
1.093358 10.966644
4.800629 11.005785
5.260621 8.308156
4.341369 10.902400
4.622953 8.764606
6.525202 6.581812
1.822328 5.180560
-2.841429 6.403760
-1.748379 4.822714
2.647536 5.359992
3.852648 4.175875
2.623873 3.662961
2.079053 4.022632
0.018423 5.691737
1.254568 5.598985
3.763308 5.274554
3.745005 5.698360
5.551553 6.465568
4.333041 7.020360
5.753057 8.561108
5.921770 2.620375
4.011234 4.447122
3.176406 5.465239
-0.615391 5.249779
-1.684302 5.347772
2.482179 4.856870
0.893751 3.530615
-2.561217 7.342710
-1.120921 5.070358
-2.105229 4.447249
-0.638659 5.517838
1.948397 4.992218
0.493299 3.935999
0.997231 5.648365
2.811882 4.936269
5.007666 4.455630
4.809637 6.874084
4.647660 4.950105
1.235761 5.233676
0.185351 4.733113
-2.987668 7.385046
-4.261035 7.681207
-0.728912 9.018830
-1.705301 7.979908
-0.738561 9.697616
-1.983871 9.355148
-3.357537 6.511950
-1.019481 5.029194
1.728572 5.749920
-1.260191 5.722326
-1.939306 5.612896
-0.954044 8.454084
-0.779440 8.125511
-1.691923 8.142586
-0.285937 4.407749
3.606933 5.836050
1.827376 4.638002
2.308402 4.454812
5.265834 4.420517
2.574320 5.907919
4.802160 5.494314
6.488533 9.943000
5.582465 8.685693
5.084379 8.341064
4.970855 8.777984
5.599376 5.331847
6.297089 6.759152
5.381999 7.159891
8.186138 2.616498
9.009839 5.439698
8.685655 0.758376
7.685332 5.498710
8.042390 4.368775
7.034317 4.421359
9.372849 2.803653
8.710564 4.019860
7.551383 5.377372
11.180855 5.458374
10.706098 5.167945
9.744291 1.532695
13.883138 9.209913
11.894720 9.363815
12.159886 8.022549
12.631220 9.448636
12.441791 6.914159
13.733314 11.737775
11.922417 13.470028
16.137611 12.420850
