-7.603145 10.558965
-5.853931 7.310301
-4.173181 6.619960
-2.901682 6.328671
-2.859030 6.333394
-2.616523 6.364386
-2.680106 6.424752
-2.603841 6.377930
-2.673548 6.434844
-2.604929 6.380872
-2.675042 6.437452
-2.605860 6.382050
-2.676016 6.438553
-2.606323 6.382593
-2.676492 6.439065
-2.606544 6.382847
-2.676718 6.439306
-2.276067 5.895640
-1.987564 5.274351
-1.828180 4.176029
-2.023983 3.927547
-2.307711 3.404515
-1.930426 2.141219
2.961944 -8.040782
8.190776 -9.552754
7.983577 -9.509332
8.190788 -9.552752
7.983591 -9.509331
8.190825 -9.552756
7.983636 -9.509332
8.190954 -9.552764
7.983788 -9.509334
8.191393 -9.552791
7.984306 -9.509338
8.192857 -9.552884
7.986041 -9.509366
8.197672 -9.553387
7.991727 -9.509705
8.212314 -9.557645
8.008626 -9.514232
8.240749 -9.606719
8.036801 -9.575624
8.080912 -10.206567
8.302791 -10.113059
7.934037 -12.435132
7.963096 -12.911320
7.122105 -15.525417
