0.693546 -15.988426
2.515093 -10.518727
2.740257 -9.381444
2.636623 -9.463611
2.749484 -9.126973
2.651116 -9.263125
2.746426 -9.080028
2.649191 -9.226270
2.744475 -9.071561
2.647262 -9.219705
2.743605 -9.070110
2.646346 -9.218611
2.743251 -9.069886
2.645964 -9.218457
2.743112 -9.069862
2.645813 -9.218448
2.743059 -9.069863
2.645755 -9.218451
2.743038 -9.069867
2.645732 -9.218456
2.743032 -9.069868
2.645725 -9.218457
3.145620 -7.899575
3.471416 -5.143044
3.871627 -2.646074
4.477933 -0.886117
6.821520 1.028270
8.624369 2.341825
10.371334 3.636678
17.610773 10.732492
