15.291598 1.896033
11.190235 1.311092
9.585722 1.402816
8.988699 1.435575
8.426470 1.412581
8.263099 1.334215
8.022214 1.309875
8.149873 1.375141
8.276030 1.449480
8.140406 1.337662
7.950619 1.299488
8.085715 1.363541
8.210523 1.433788
8.088141 1.326449
7.919809 1.289870
8.058162 1.357452
8.182170 1.426287
8.065581 1.321232
7.906493 1.285553
8.046055 1.354789
8.169497 1.423060
8.055454 1.318970
7.900544 1.283659
7.419640 0.979178
6.159656 0.271425
-2.050848 -5.263699
-4.019002 -7.428295
-5.806705 -9.043195
-8.866501 -12.550269
