17.828568 -6.483373
13.074238 -1.821767
12.092379 2.140715
12.093234 2.120167
12.092318 2.140442
12.093128 2.119712
12.092089 2.139645
12.092732 2.118397
12.091254 2.137361
12.091313 2.114683
12.088316 2.130981
12.086397 2.104499
12.078293 2.113707
12.069793 2.077480
12.044890 2.068976
12.015016 2.009622
11.935861 1.964216
11.836784 1.860740
11.604116 1.760772
11.313557 1.636333
10.707742 1.540286
10.723572 1.757511
9.430862 1.546565
9.084873 1.521500
8.754351 1.490703
8.148537 1.307238
8.249683 1.392232
8.083682 1.280914
8.287860 1.388752
8.394514 1.465990
8.201613 1.324913
7.945354 1.267532
8.008565 1.316158
8.108104 1.383120
7.970376 1.267007
8.157819 1.366445
8.263729 1.433980
8.094587 1.299856
8.301088 1.401678
8.408028 1.476932
8.212883 1.331174
7.952193 1.271026
8.014780 1.317850
8.114594 1.384989
7.366461 0.907540
6.693046 0.246473
-2.461681 3.169374
-2.404670 4.543689
-2.162417 5.078544
-2.087565 5.371827
-2.407659 5.941809
-2.850636 6.579974
-2.778101 6.504876
-2.703792 6.374641
-2.774312 6.515872
-2.698367 6.440303
-2.595734 6.312537
-2.716090 6.400476
-2.720906 6.459908
-2.853264 6.571674
-2.778622 6.487801
-2.693293 6.340977
-2.903217 6.398345
-2.988093 6.428590
-3.426696 6.401558
-3.569556 6.404440
-4.011057 6.311536
-5.163020 6.759096
-5.185026 6.563723
-7.151264 6.337758
-7.156634 6.571218
-7.295125 6.680494
-7.300554 6.802596
-7.342379 6.768446
-7.311100 6.848222
-7.344237 6.786385
-7.309862 6.857825
-7.343270 6.790272
-7.308999 6.859956
-7.342846 6.791121
-7.308718 6.860430
-7.342721 6.791306
-7.308641 6.860534
-7.342688 6.791348
-7.308623 6.860558
-7.342680 6.791356
-7.308618 6.860563
-7.491890 6.232390
-7.765565 5.382936
-9.948462 6.081288
