18.842176 -12.493021
9.864155 -11.349488
7.946017 -9.702386
8.173155 -9.704188
8.025110 -9.695839
8.240556 -9.702298
8.118986 -9.696916
7.883156 -9.695717
7.891921 -9.708300
8.126982 -9.707291
7.942413 -9.698270
8.169926 -9.700794
8.020688 -9.695738
8.236703 -9.702011
8.113555 -9.696888
7.876780 -9.695950
7.872804 -9.709102
8.110768 -9.707297
7.912542 -9.699426
8.144327 -9.700778
7.974601 -9.697232
8.197488 -9.701129
0.714252 -10.012738
-1.421023 -9.793048
-3.689458 -9.888141
-6.862576 -10.446285
-12.203615 -12.358625
