-1.901346 -14.133916
0.961636 -10.859064
2.874490 -9.111324
4.567461 -8.299111
6.851250 -7.945152
9.383650 -8.085131
9.415303 -8.443420
9.842895 -7.873312
9.706704 -8.384864
9.637031 -8.680902
9.956713 -7.965164
9.766960 -8.430768
9.680810 -8.710317
9.980080 -7.973876
9.779505 -8.434070
9.689624 -8.712258
9.985007 -7.973511
9.782192 -8.433476
9.691452 -8.711805
9.986083 -7.972982
9.782787 -8.433078
9.691843 -8.711529
9.986326 -7.972773
9.782926 -8.432934
9.691931 -8.711431
9.986382 -7.972707
9.782956 -8.432893
9.691952 -8.711402
9.986396 -7.972690
9.782964 -8.432879
9.691956 -8.711394
9.986399 -7.972684
9.782967 -8.432876
9.691957 -8.711390
11.744487 -4.424002
15.067053 -2.016305
