-17.192656 -5.022219
-11.782745 -0.214664
-9.138308 2.181406
-7.878560 6.238617
-7.795387 6.353783
-7.885919 6.229342
-7.803137 6.344417
-7.893831 6.219428
-7.811472 6.334326
-7.902319 6.208855
-7.820406 6.323521
-7.911357 6.197602
-7.829755 6.312268
-7.920513 6.186174
-7.839294 6.300798
-7.929661 6.174501
-7.848938 6.289063
-7.937225 6.162086
-7.857327 6.276727
-7.921946 6.142399
-7.846491 6.259202
-7.606639 6.046199
-7.531487 6.001681
-7.371969 6.490603
-7.368922 6.494070
-7.363868 6.499585
-7.355315 6.508314
-7.340469 6.521964
-7.313941 6.542808
-7.264196 6.574090
-7.164423 6.620020
-6.948180 6.682674
-6.445118 6.769792
-6.212799 6.774989
-5.542506 6.964985
-3.977913 8.359279
-1.568704 11.134725
1.658956 16.036186
