-12.039210 -13.106506
-11.035749 -6.064774
-10.513460 -1.404905
-9.877241 2.209780
-9.586303 3.420451
-9.571112 3.463200
-7.942039 6.194384
-7.854686 6.309551
-7.914198 6.229252
-7.825452 6.344654
-7.880248 6.271966
-7.789907 6.387501
-7.840156 6.321778
-7.918282 6.215108
-7.798350 6.383592
-7.885659 6.271938
-7.949924 6.184861
-7.863006 6.299896
-7.925344 6.218005
-7.836905 6.333058
-7.903313 6.261294
-7.799794 6.389706
-7.727232 6.632093
-7.816933 6.572406
-7.790703 7.290179
-7.617727 7.330679
-7.949792 8.091329
-7.644155 7.960877
-7.501489 7.917148
-7.930935 8.239721
-7.632049 8.021586
-7.489208 7.956542
-7.927534 8.249415
-7.630066 8.025661
-7.487484 7.959276
-7.926913 8.250062
-7.629714 8.025949
-7.487203 7.959484
-7.926800 8.250107
-7.629651 8.025972
-7.487153 7.959503
-7.926779 8.250111
-7.629639 8.025975
-7.487144 7.959506
-7.926775 8.250111
-7.629638 8.025976
-7.487144 7.959507
-7.926775 8.250112
-7.629637 8.025976
-7.487142 7.959507
-7.926774 8.250111
-7.629637 8.025975
-7.487143 7.959507
-9.107800 9.136416
-10.051434 17.995716
