12.961691 -15.028193
9.369081 -9.971924
9.385712 -9.900435
9.193506 -8.561507
9.140494 -8.824425
9.200817 -8.057172
9.098171 -8.458617
9.030093 -8.671981
9.135875 -8.151521
9.054993 -8.381183
9.003986 -8.771128
9.174648 -8.032821
9.077240 -8.435443
9.027247 -8.656347
9.135861 -8.129320
9.059266 -8.351640
9.004287 -8.749966
9.177206 -8.017100
9.078846 -8.421390
9.027630 -8.645885
9.138759 -8.114388
11.097668 -2.115771
11.618431 3.537834
11.622466 3.478855
11.618431 3.537834
11.622466 3.478855
11.618431 3.537834
11.622466 3.478855
11.618431 3.537834
11.622466 3.478855
11.618431 3.537834
11.622466 3.478855
11.618431 3.537834
11.622466 3.478855
11.618432 3.537835
11.622468 3.478856
11.618443 3.537842
11.622481 3.478862
11.618634 3.537687
11.622705 3.478658
11.621113 3.532161
11.625563 3.471886
11.641351 3.421001
11.634752 3.490715
12.856936 6.097031
15.488109 13.551114
