9.600616 15.884803
8.380226 11.696671
9.082348 7.188269
10.151260 -4.663037
8.915985 -6.403165
6.010921 -7.680081
2.477202 -5.393631
3.397491 -6.164936
2.526121 -8.705379
2.211324 -9.696731
1.630963 -9.638295
2.646318 -11.675546
-1.190283 -11.048142
-0.023677 -9.441999
-0.324153 -9.558409
-0.603467 -9.841098
0.635790 -7.725545
6.593447 -7.488522
3.924978 -7.475357
3.072604 -7.952075
5.415184 -7.685267
7.067566 -7.711839
2.681832 -8.007554
1.765618 -11.729093
2.280949 -14.684825
4.806757 -13.663886
10.799147 -13.067358
5.654436 -13.744456
3.075662 -14.426337
1.319152 -12.295682
2.240781 -9.256660
0.524027 -10.171609
-1.386492 -8.375138
3.417176 -8.013579
0.443040 -8.907046
-2.968480 -10.547051
-2.513571 -13.545686
0.367569 -15.310369
5.883723 -15.213689
5.587910 -6.522876
3.909767 -4.648037
2.105474 -12.182012
1.563268 -8.860712
0.749227 -10.220618
0.899217 -10.010118
0.781909 -12.485357
2.505387 -9.298872
2.656338 -9.188615
2.461919 -8.333718
2.802133 -10.677796
1.331058 -7.361173
4.993032 -8.000116
8.468767 -9.331676
8.230772 -11.631289
9.273850 -11.482671
8.749255 -10.819949
8.051925 -11.647524
9.207626 -11.428283
9.322173 -10.630692
6.487987 -15.842362
3.492804 -17.078688
5.961309 -16.475771
2.690134 -16.630898
1.137064 -14.754355
7.466978 -14.183084
8.664683 -12.797793
8.344220 -11.994010
9.400882 -15.041181
8.511765 -8.312886
9.259479 -10.118543
7.115013 -6.196486
5.600826 -8.076213
9.473043 -7.795245
8.777936 -7.244450
8.996935 -9.114942
8.762247 -5.975308
8.522174 -9.931462
8.207297 -9.021498
8.335235 -9.297320
8.033933 -10.831744
8.382079 -7.962038
1.801679 -8.111471
1.852176 -10.974290
0.811225 -7.652753
4.283693 -6.802592
4.761746 -7.497015
3.722885 -4.577167
3.141572 -6.860944
4.723742 -7.328855
6.727852 -8.184175
5.197538 -8.061830
7.460278 -7.367161
12.484032 -7.430752
7.772566 -5.119449
4.819721 -6.452161
4.659269 -6.965133
3.655780 -7.599553
6.515389 -7.956981
8.102343 -5.940880
2.912318 -7.870379
2.507024 -8.587785
2.283235 -5.989665
4.649065 -7.482149
4.744699 -5.702192
6.844093 -6.344967
3.273911 -6.740064
1.540197 -13.669070
0.567112 -11.791711
10.430779 -12.845808
15.941707 -16.100845
