19.638668 -12.406869
11.336018 -13.993177
8.111002 -13.343955
2.644873 -14.519855
2.713506 -10.876937
2.496231 -9.975788
0.330203 -15.342183
3.378659 -15.674886
3.098214 -15.041406
6.469846 -17.631508
4.173120 -13.402846
3.045418 -13.243447
3.355622 -15.295009
2.930961 -18.671085
1.949045 -10.291127
1.664034 -10.636568
1.368560 -13.195720
12.485510 -17.309618
7.844945 -12.582314
9.034241 -14.899873
8.457808 -9.352237
9.625501 -16.099174
11.419228 -13.256796
6.663724 -15.918080
9.176691 -10.273228
7.997720 -7.332208
9.532747 -7.262397
2.044647 -8.741267
5.977989 -4.380102
-0.212339 -11.223902
1.705442 -14.217278
2.723766 -9.456678
2.783355 -11.090641
-0.891336 -8.704522
6.369635 -7.382531
5.098310 -6.922671
5.031262 -6.489942
3.488994 -4.612327
3.435543 -4.864263
4.322637 -7.333855
3.122287 -7.866410
-0.158719 -10.563884
2.839097 -9.673805
1.378098 -10.027088
3.295536 -15.682896
0.942527 -10.220410
2.687277 -9.956363
2.100970 -9.371654
2.701354 -9.450200
2.571050 -11.055830
-5.975711 -10.327561
-6.125947 -9.377527
-13.410858 -10.977866
-14.132206 -7.150986
-12.461201 -9.573796
-17.095459 -6.185576
