18.351456 7.440876
9.257267 6.858544
-10.734894 -13.313973
-7.199483 -11.112191
-5.771049 -13.589798
-11.479390 -13.012323
-10.613714 -14.491435
-9.326037 -16.013502
-9.741308 -16.599888
-9.885856 -12.568060
-11.148939 -12.102962
-16.835667 -11.504627
-11.313972 -11.622241
-9.058687 -13.773550
-10.951777 -13.185601
-9.245148 -15.236525
-10.913994 -11.758811
-6.576054 -9.755114
-9.020270 -15.508098
-10.364134 -14.618882
-10.939991 -11.774520
-5.918890 -11.506947
-8.383182 -13.976405
-9.306908 -14.866630
-8.420200 -11.764433
-11.698864 -11.095542
-10.161748 -18.796326
-18.596558 -17.409571
-13.234137 -17.253279
-13.738716 -18.480444
-16.793650 -17.155497
