13.849643 -14.508744
11.444480 -15.753709
8.219504 -11.274517
8.248979 -8.793021
8.967249 -10.690969
7.860039 -14.112396
11.351612 -15.518278
3.725157 -14.234539
4.888794 -14.128530
9.611547 -14.874588
8.127333 -15.823634
4.787965 -14.138519
0.910629 -13.280150
1.576056 -9.872031
2.394831 -11.484733
1.864612 -12.139958
0.273104 -11.539552
2.749872 -11.698413
2.399973 -11.427976
2.005902 -9.730889
0.913613 -10.756124
2.707031 -15.629741
-0.258281 -15.305228
0.159094 -14.117748
7.467144 -13.695848
5.647383 -13.960736
6.745758 -14.337991
3.365345 -13.386585
1.131680 -10.671561
3.779846 -6.548275
3.577037 -7.140401
0.086137 -8.182177
2.125116 -9.344640
1.605638 -11.934026
1.759384 -9.970378
2.786269 -10.942010
1.695366 -8.670651
4.745731 -8.140942
0.913797 -8.874301
-0.397422 -9.468553
1.367724 -8.495811
3.464619 -3.412335
4.740005 -6.376325
1.991494 -9.327199
8.790064 -7.686260
9.094004 -10.085559
8.947954 -14.003905
14.388067 -13.612745
11.341986 -6.331619
8.660439 -8.124962
8.885257 -9.292180
8.591230 -11.280578
8.455976 -7.705413
8.125010 -11.928693
8.862127 -13.925233
8.426712 -12.881595
14.743200 -14.630305
14.497419 -17.107132
0.701353 -18.798529
2.557166 -13.328632
3.920271 -13.774475
2.787570 -13.326638
-1.697835 -14.065265
0.400625 -12.470756
6.900204 -16.142897
9.204665 -15.550014
7.891945 -10.965798
5.558487 -15.612571
6.822065 -15.941682
5.368537 -13.634946
7.294045 -14.237174
3.713290 -14.124489
2.248898 -10.312177
0.725263 -11.842242
1.596865 -9.725708
1.805355 -10.970937
7.536565 -7.769481
6.473790 -8.066486
7.433252 -6.988398
8.063188 -5.222951
7.163572 -6.792063
5.790957 -5.139248
6.062654 -7.798728
5.723953 -8.175083
7.693937 -6.384999
8.292580 -8.756825
8.882734 -11.398925
9.302927 -9.800508
8.693596 -8.597836
9.239055 -11.448611
8.130218 -9.880589
9.274374 -8.656186
-1.383037 10.745009
-4.071494 18.675917
