-15.667397 -1.536205
-11.398577 3.212450
-7.640210 7.468849
-7.787432 7.308455
-7.750282 7.346970
-7.899872 7.180170
-7.953942 7.125791
-7.772801 7.325196
-7.723847 7.377405
-7.872613 7.212506
-7.905750 7.181125
-7.726380 7.375711
-7.634584 7.475066
-7.781704 7.315022
-7.740019 7.358767
-7.889251 7.192765
-7.935452 7.146864
-7.755122 7.344229
-7.688751 7.411980
-7.835793 7.249084
-7.825541 7.239528
-7.672028 7.412396
-7.613953 7.808368
-7.790636 7.700771
-7.791007 8.115781
-7.634163 8.113246
-7.754909 8.161223
-7.603992 8.144252
-7.747638 8.165466
-7.598263 8.147391
-7.746252 8.166002
-7.597185 8.147818
-7.745994 8.166087
-7.596984 8.147887
-7.745945 8.166102
-7.596948 8.147900
-7.745935 8.166104
-7.596940 8.147902
-7.745934 8.166104
-7.596939 8.147902
-7.745934 8.166105
-7.596940 8.147902
-9.213473 8.616585
-13.209380 10.388761
