5.232269 -14.035867
5.789892 -9.422326
11.634276 3.500546
11.639791 3.601912
11.634276 3.500546
11.639791 3.601912
11.634276 3.500546
11.639791 3.601912
11.634276 3.500546
11.639791 3.601912
11.634276 3.500546
11.639791 3.601912
11.634276 3.500545
11.639791 3.601912
11.634275 3.500541
11.639791 3.601907
11.634276 3.500485
11.639793 3.601860
11.634277 3.499861
11.639801 3.601329
11.633874 3.493010
11.639544 3.595472
11.576664 3.416873
11.593157 3.524219
11.469894 3.573599
11.427311 3.491749
11.463381 3.558243
11.419080 3.474911
11.463225 3.556438
11.418854 3.472850
11.463241 3.556280
11.418869 3.472666
11.463243 3.556268
11.418870 3.472651
11.463243 3.556268
11.418870 3.472651
11.463244 3.556269
11.418872 3.472652
11.463243 3.556269
11.418873 3.472652
11.463243 3.556268
11.418872 3.472652
11.463244 3.556268
11.418872 3.472652
8.669894 1.914335
9.344546 4.473430
10.279531 7.494277
