19.211988 -19.868860
9.557947 -12.692050
7.049525 -10.124974
5.260033 -8.840589
3.345684 -7.652551
1.161912 -5.735395
-3.173108 -1.505190
-3.978805 -0.667145
-4.399330 -0.504251
-4.136050 -0.541509
-4.244890 -0.543567
-4.531116 -0.497530
-4.402042 -0.554098
-4.120250 -0.582834
-4.189148 -0.548672
-4.479863 -0.506036
-4.207427 -0.573848
-4.486503 -0.537066
-4.205505 -0.574113
-4.484728 -0.537480
-4.185746 -0.575617
-4.466431 -0.540364
-4.554905 -0.523825
-4.285220 -0.564072
-4.106579 -0.568126
-4.393617 -0.535519
-4.055872 -0.578701
-4.341670 -0.552373
-7.850081 1.282923
-8.983918 1.840753
-11.294497 2.852082
-7.683662 7.387002
-7.826016 7.222213
-7.729010 7.336633
-7.872952 7.168484
-7.812275 7.239748
-7.657031 7.416649
-7.952194 7.070753
-7.773318 7.281126
-7.634023 7.440720
-7.776071 7.278090
-7.639240 7.435144
-7.781305 7.272282
-7.648963 7.424697
-7.791029 7.261436
-7.666773 7.405244
-7.808951 7.241230
-7.698171 7.369520
-7.840766 7.203484
-7.749946 7.301776
-7.902565 7.120132
-7.788361 7.398104
-7.626608 7.554992
-7.617558 7.606487
-7.781466 7.458654
-7.675274 7.542697
-7.844991 7.385066
-7.708468 7.502791
-7.879086 7.342440
-7.727332 7.479944
-7.897988 7.318610
-7.738071 7.466879
-7.908760 7.304950
-7.744235 7.459311
-7.914881 7.297063
-7.747636 7.455122
-7.918290 7.292669
-7.749518 7.452806
-7.920177 7.290236
-13.049349 4.687461
-16.869278 5.340920
