-15.227312 0.959439
-10.993577 -1.109107
-10.250225 0.577806
-9.851908 1.239030
-9.129481 1.297470
-9.326345 1.451818
-8.145585 1.116940
-9.009291 1.313236
-8.737484 1.148757
-4.527372 -0.519616
-4.243401 -0.561517
-4.422009 -0.544334
-4.136812 -0.576359
-4.531149 -0.527150
-4.253046 -0.567172
-4.551235 -0.515312
-4.269433 -0.558402
-4.427880 -0.534018
-4.137786 -0.568774
-4.387140 -0.539503
-4.095604 -0.571392
-4.376640 -0.559682
-4.093444 -0.586008
-4.330885 -0.635513
-4.594608 -0.612492
-4.040524 -3.859768
5.025790 -9.010768
7.022585 -10.044123
9.750671 -12.042702
18.886724 -17.535391
