-5.555937 -12.612797
-7.269703 -7.935267
-7.919711 -5.641484
-8.978980 -4.681104
-9.913183 -3.711980
-9.945919 -2.451507
-9.813809 -1.668945
-9.785883 -0.156478
-9.760707 0.967777
-9.562096 1.362974
-9.203058 2.126873
-7.762288 7.053250
-7.883820 6.843944
-7.888613 6.772202
-7.751716 7.024417
-7.757661 7.058682
-7.879478 6.849287
-7.882094 6.779880
-7.744491 7.032657
-7.747187 7.070508
-7.869177 6.861887
-7.866886 6.797736
-7.942647 6.636798
-7.722107 7.098846
-7.844146 6.892732
-7.832723 6.841776
-7.905008 6.685874
-7.673841 7.176136
-7.769427 7.050284
-7.902360 6.908572
-7.697649 7.900161
-7.894712 7.832835
-7.796710 8.187993
-7.633014 8.166547
-7.738568 8.227702
-7.587112 8.195205
-7.728683 8.231611
-7.579621 8.198193
-7.727064 8.232097
-7.578400 8.198585
-7.726798 8.232166
-7.578199 8.198643
-7.726752 8.232178
-7.578166 8.198651
-7.726745 8.232180
-7.578159 8.198653
-7.726745 8.232181
-7.578160 8.198653
-9.191218 8.873708
-12.662192 10.941406
