-12.709187 11.931724
-9.206782 8.842834
-7.507988 8.182183
-7.629085 8.199159
-7.842485 8.257210
-7.508674 8.181912
-7.629982 8.198812
-7.844114 8.256564
-7.512069 8.180671
-7.634459 8.197240
-7.852120 8.253827
-7.528803 8.175674
-7.656684 8.191255
-7.892024 8.245189
-7.611865 8.163654
-7.767040 8.182318
-7.729382 7.810197
-7.873950 7.657397
-7.723975 5.306318
-7.648435 3.644970
-7.737548 3.173967
-7.528308 2.394059
-7.770789 1.993325
-7.737705 1.727090
-7.628613 1.368180
-7.532836 1.251520
-6.701058 1.126664
-5.900793 1.291066
-3.990294 -0.245236
-3.913710 -0.266879
-3.993392 -0.245005
-3.917644 -0.266547
-3.998419 -0.244642
-3.924044 -0.266058
-4.006568 -0.244085
-3.934379 -0.265313
-4.019707 -0.243214
-3.950819 -0.264119
-4.040848 -0.241838
-3.977066 -0.262383
-4.074708 -0.240036
-4.019191 -0.259828
-4.127728 -0.237735
-4.083135 -0.256661
-4.206957 -0.234077
-4.177645 -0.251171
-4.320264 -0.224116
-4.308867 -0.233307
-4.468192 -0.182497
-3.027516 -2.033513
-2.601734 -4.803285
-1.649178 -7.994482
0.146129 -11.165716
3.645586 -17.406906
