2.890884 -0.706579
0.019203 0.009419
-1.470121 0.250896
-2.487413 0.289819
-3.287350 0.165124
-3.670435 -0.048977
-4.164633 -0.023646
-8.640783 1.208767
-8.950260 1.379668
-8.719090 1.213055
-9.005552 1.380341
-8.532305 1.139145
-8.860082 1.312016
-8.673510 1.185227
-8.963093 1.349810
-8.520285 1.131391
-8.850729 1.305410
-8.668758 1.186292
-8.958618 1.350270
-8.503920 1.187533
-8.875227 1.379498
-8.130401 1.143239
-9.061335 1.385370
-8.799488 1.222744
-8.385006 1.120453
-8.786257 1.322967
-8.057136 1.137916
-8.958853 1.398678
-8.688890 1.247948
-6.907305 1.241148
-7.761368 1.342457
-7.763869 1.346638
-7.768951 1.356885
-7.778819 1.382562
-7.795855 1.450695
-7.822054 1.628392
-7.847700 2.057884
-7.849171 2.970256
-9.455984 3.467304
-7.730563 7.148022
-7.838266 6.980415
-7.826899 7.014697
-7.932390 6.837246
-7.932539 6.773201
-7.886297 6.823328
-7.666298 7.219339
-7.769882 7.062990
-7.929421 6.776968
-7.729168 7.149580
-7.836808 6.982184
-7.824815 7.017598
-7.930408 6.840150
-7.930039 6.778099
-7.883791 6.829269
-7.663578 7.228998
-7.768190 7.074041
-7.930487 6.791666
-7.735548 7.174708
-7.848714 7.011936
-7.891658 7.090375
-7.742685 7.276800
-7.851597 7.292239
-7.690160 7.458169
-7.790874 7.372682
-7.630260 7.533055
-7.756709 7.414801
-7.923939 7.248156
-7.899296 7.238751
-7.737031 7.406947
-7.816054 7.341733
-7.654117 7.504892
-7.769661 7.398903
-7.937079 7.231235
-7.905823 7.230298
-7.743415 7.399091
-7.819394 7.337537
-7.657414 7.500952
-7.771525 7.396604
-7.938980 7.228776
-13.081005 4.037532
