-8.918439 9.581945
-7.879103 8.452715
-7.898373 8.389907
-7.924083 8.241118
-7.944671 7.864151
-7.912758 6.745412
-7.739717 6.891212
-7.716011 6.667820
-7.862282 6.490756
-7.888130 6.447756
-7.743009 6.626497
-7.808249 6.547392
-7.953379 6.367487
-7.676011 6.706393
-7.819493 6.531276
-7.862166 6.480048
-7.717399 6.657609
-7.791241 6.568252
-7.936878 6.387999
-7.950416 6.368373
-7.806335 6.547659
-7.852510 6.492244
-7.708139 6.669028
-7.784853 6.576104
-7.930668 6.395692
-10.318821 3.200978
-11.049688 2.187689
-12.838781 -1.413768
-16.590050 -8.101826
