-19.208221 -4.554595
-12.170864 -4.364565
-8.963428 -4.265991
-4.298101 -1.525992
-4.507998 -1.692292
-4.306199 -1.530014
-4.516062 -1.696609
-4.317275 -1.536573
-4.527156 -1.703734
-4.332254 -1.547781
-4.542469 -1.716076
-4.352945 -1.567911
-4.563231 -1.738667
-4.380464 -1.605501
-4.590006 -1.781546
-4.416094 -1.677438
-4.091807 -1.444997
-4.457624 -1.808785
-4.135850 -1.554720
-4.497850 -2.020746
-4.181954 -1.734856
-4.516848 -2.323820
-4.208311 -1.995344
-4.454349 -2.723787
-2.525689 -2.059160
-1.043707 -1.997349
1.141121 -2.205765
4.806156 -2.655627
