0.015142 19.645891
-1.294889 10.572460
-0.852926 10.337605
-1.242632 9.499473
-3.478992 9.644633
-1.461765 8.826482
-0.926415 7.993346
-1.725897 6.049265
5.564294 4.750724
5.536707 0.682763
5.533912 -7.634676
4.313689 -4.852516
5.306516 -4.192155
5.869720 -0.932710
9.655762 -1.404669
6.461123 -0.923560
5.917706 -2.279089
6.041558 -1.713688
6.332869 -3.123720
2.736081 -5.132330
7.312043 -7.247525
9.204516 -7.145689
9.794960 -7.299186
8.650367 -8.676398
6.237456 -6.528449
5.364122 -5.273067
4.874431 -6.652923
9.373313 -7.171001
10.656781 -7.931417
10.021743 -7.302174
13.357548 -5.865692
12.696348 -5.226873
15.492363 -9.762881
11.194920 -8.495568
8.556061 -8.900481
8.264753 -9.272496
8.585873 -7.852338
9.668044 -1.252608
11.981815 -0.528255
11.624006 -0.850013
6.182490 -1.494471
9.095874 0.113655
4.372241 -4.421552
3.243266 -4.787005
4.727712 -7.541999
6.954076 -6.810462
5.061876 -5.764700
5.725557 -5.032822
5.858951 -3.368804
5.399419 -4.129488
5.057364 -6.333169
9.451077 -8.703454
4.209485 -9.588281
6.021894 -8.069908
9.804196 -7.266684
6.570272 -6.949629
11.462658 -10.052985
14.125104 -6.583646
11.947422 -5.317612
11.667343 -0.439515
9.730024 -0.521678
9.594481 -0.095560
7.543608 -0.578352
5.096788 -0.365371
5.945336 -5.904024
6.007173 -8.169734
8.932799 -6.678580
9.393757 -8.680098
6.740463 -6.901783
5.790035 -7.831869
4.075850 -4.239167
5.878375 -2.569407
4.972377 -1.384986
6.934210 -1.497775
9.331516 -0.782211
9.465191 -0.448839
9.848895 -1.317039
10.527167 0.326697
5.563224 -1.356495
5.178250 -3.186645
3.142748 -7.719721
8.917197 -8.649186
6.546432 -7.693135
10.826910 -7.930514
14.882685 -0.202026
13.542211 -1.713568
12.304534 -1.535850
11.656667 -5.120751
11.641223 -4.467454
13.794757 -6.292290
8.459137 -7.689099
9.031328 -8.098176
9.049625 -7.751276
7.351073 -8.806407
9.419113 -9.529484
12.447147 -7.108242
11.825121 -6.033390
13.930938 -6.064983
17.414204 -9.273319
14.753003 -16.445908
