13.603186 -13.918001
9.811844 -8.758813
1.892475 -8.416678
0.987360 -7.248487
-1.549391 -7.457352
-3.071388 -6.945065
-3.182419 -7.277044
-5.639609 -5.563648
-6.333611 -4.907518
-7.117039 -4.857612
-6.883158 -5.497191
-6.794888 -6.578717
-7.395321 -5.261014
-7.251001 -4.956944
-6.301833 -6.318551
-6.736688 -5.110056
-5.460059 -5.533587
-6.990268 -5.232848
-6.942361 -6.358143
-6.178549 -4.970392
-4.685382 -4.234387
-3.551174 -1.560630
-3.273067 0.804143
-3.479416 0.440235
-2.247879 0.584988
-3.539258 0.511826
-3.578491 1.190713
-5.803689 1.130400
-4.081456 0.047073
-3.166206 0.355677
-4.516218 0.803223
-2.635708 -0.284185
-1.416371 1.236899
-3.485032 0.644751
-4.334290 -0.655813
-2.937647 -2.021773
-3.992725 -2.914698
-4.562275 -0.262307
-4.372917 -0.076969
-4.042637 -0.357001
-7.552207 1.145008
-8.142494 1.957812
-8.417408 2.728370
-7.777357 2.438400
-8.892739 1.426193
-8.277029 3.905253
-7.895330 4.288438
-8.947823 1.136088
-8.754156 4.119140
-7.568350 4.472399
-7.901840 5.070550
-7.654532 5.524166
-8.917872 4.118831
-6.458188 8.409653
-4.159628 8.208283
-3.916759 6.414633
-1.478010 6.810888
0.319159 4.010408
-2.583349 6.778008
-1.278609 4.535240
-1.380887 5.555245
-1.995531 5.916715
-0.910315 7.411244
-3.331470 7.366765
-5.883489 6.965688
-4.648922 7.399541
-5.552360 7.811434
-2.797094 7.558559
-2.088834 5.202184
-1.334107 2.911551
-1.266446 3.204293
-1.656225 5.989768
-4.390810 7.065520
-4.573830 6.527978
-5.446835 6.853344
-6.117889 7.310853
-5.965959 9.780185
-7.952180 5.855063
-9.631512 7.428973
-2.547564 7.654294
-0.640087 5.919112
-2.325425 6.541621
-1.515701 6.961173
-6.001167 6.794176
-7.093476 6.625567
-5.302171 7.181930
-5.772575 6.448712
-7.143572 6.705986
-8.976503 8.826576
-5.338650 6.623915
-2.704201 6.339036
-3.547808 6.713649
-7.601506 5.082832
-7.840033 5.706359
-7.498432 3.805942
-8.717405 4.370450
-9.079913 4.899642
-7.843328 8.116635
-7.539443 3.157743
-9.858627 3.919247
-10.629866 1.712462
-10.743498 -0.879722
-12.468873 -1.789840
-11.345863 1.846837
-11.317419 -1.438745
-10.352607 -2.742838
-10.324408 0.334874
-11.935915 -0.957754
-9.999384 -1.539408
-9.694670 -2.909998
-11.982002 -2.638322
-12.757696 1.776513
-10.607687 2.313350
-10.602514 -1.799087
-12.459898 4.249849
-11.360790 2.257232
-8.365872 2.523758
-8.545834 1.485535
-9.309488 1.164842
-8.623278 2.887972
-10.138737 6.294046
