13.340011 -16.660458
12.171659 -17.133959
8.233708 -11.250823
7.646260 -15.986951
8.214860 -11.206001
8.402945 -14.232952
12.972435 -14.718726
11.856806 -14.291598
14.295605 -12.890481
11.911304 -14.648686
6.240043 -14.414028
0.402358 -16.552141
-0.107665 -11.310235
1.136380 -9.592936
-1.950598 -10.365794
-0.127630 -9.660549
0.875213 -8.104423
2.752668 -6.868392
4.858725 -7.251710
8.529123 -7.980784
9.354922 -10.625752
8.083991 -11.307876
9.421012 -7.728683
4.107956 -8.152754
0.826958 -6.810711
1.105901 -9.253998
1.050076 -10.964698
1.653458 -9.234574
2.154764 -8.112607
1.225050 -11.929305
-0.487364 -9.483901
0.235056 -10.570930
2.306807 -9.078609
1.458574 -9.944673
2.385658 -8.403766
4.710884 -6.281697
8.379307 -6.593244
5.257254 -8.181781
8.139692 -3.209128
4.258080 -8.185817
4.169663 -8.143272
0.836664 -9.057347
-1.087769 -9.586696
0.686885 -10.245672
2.717407 -8.235826
2.544879 -9.670642
1.141791 -10.784406
-0.254969 -8.375675
5.008020 -7.448717
6.346331 -7.599851
6.826192 -3.983316
9.373528 -9.818704
8.285367 -11.313037
8.095488 -12.232614
10.945583 -13.601472
9.220173 -14.688626
8.263553 -9.955780
8.372691 -11.700580
8.653726 -11.102879
8.053148 -12.343883
8.378239 -7.576263
5.926734 -6.204283
3.431815 -6.792580
4.690894 -7.618887
1.180580 -8.112201
2.385892 -11.490438
3.571992 -16.887308
7.130885 -17.047905
-1.695428 -11.156075
0.496555 -11.005975
1.173851 -10.603019
0.352060 -10.150270
1.717709 -9.304342
1.333498 -9.191962
5.028700 -6.001389
4.334890 -7.236015
1.505122 -8.476655
2.732231 -9.972355
1.605028 -10.332800
2.818299 -16.946608
4.673592 -13.214761
3.399399 -13.538567
-2.402651 -11.373038
0.821207 -11.913948
-1.780470 -9.221245
1.041075 -9.674929
0.658818 -8.100640
2.478372 -10.455346
1.911278 -10.201523
1.540718 -12.364606
-0.088943 -12.354910
1.456492 -11.778745
-0.004021 -11.984747
5.143829 -14.376041
-0.195113 -14.888423
1.274974 -12.556726
1.310096 -10.606351
2.739505 -13.016092
1.702438 -8.612556
3.217086 -7.068593
4.999797 -8.154986
4.765458 -8.047685
4.823775 -8.159436
1.305865 -8.245781
2.676027 -8.509839
1.060058 -8.499637
2.142377 -11.843237
2.696725 -12.676189
-0.326855 -11.460430
1.877102 -9.723985
2.761982 -9.750302
1.003344 -7.867787
5.211055 -5.786294
3.712905 -7.302152
6.843408 -13.342392
2.598811 -15.303166
1.398980 -11.514213
2.411960 -9.099938
1.396327 -11.609404
1.397025 -7.987241
1.818971 -6.565181
1.183138 -10.006102
1.215848 -8.755719
1.659071 -9.282342
2.072480 -10.194665
1.840254 -11.805155
4.057885 -14.275052
6.420751 -13.573915
9.630164 -5.343675
8.596926 -6.105723
8.921326 -9.203990
8.339915 -9.635648
9.096380 -11.764842
8.091008 -11.313120
8.092736 -9.076501
2.771052 -7.695135
3.906080 -7.216107
6.303915 -13.221536
1.348057 -12.297691
2.018054 -9.651523
3.059879 -7.713826
3.572609 -7.837881
3.183445 -6.122695
5.160674 -7.278907
5.285872 -7.418110
5.818573 -6.938923
5.727824 -7.545024
8.288141 -7.977661
3.028637 -7.722166
1.513993 -8.713585
1.272475 -7.941919
2.664401 -10.209194
2.201409 -10.431843
1.997004 -9.849114
-0.361072 -12.510680
1.589754 -13.937516
2.770250 -11.890290
-0.039078 -9.392592
1.586966 -11.563780
-0.701712 -11.560992
0.154255 -9.842465
1.953470 -12.881457
-1.120963 -11.963716
0.448798 -10.394830
4.907968 -13.455397
10.603823 -16.462191
8.040722 -12.239567
8.399845 -12.015210
9.314377 -10.216250
8.115330 -10.964299
8.083566 -10.414727
3.820706 -8.160027
8.055953 -8.743709
9.804529 -5.877952
10.045088 -7.170848
7.997459 -11.970956
7.862498 -8.961144
8.988117 -8.962931
8.732714 -12.797067
3.852088 -14.309807
2.639664 -11.551870
1.192267 -10.047935
1.200138 -9.916261
7.952063 -11.542403
10.663015 -7.778246
15.749259 -12.432024
12.311548 -14.566040
11.415632 -13.519835
2.417514 -8.948710
2.207331 -10.175257
0.984909 -9.024788
4.699835 -7.751963
10.439163 -6.468705
8.055812 -9.199939
8.098280 -9.607301
6.260976 -7.424971
4.827420 -7.871568
-0.376113 -10.113810
2.501783 -10.177529
3.461746 -6.749816
4.988811 -7.579996
9.210433 -10.296710
8.525215 -13.008967
14.278606 -13.206398
13.667637 -3.954914
9.885550 -6.771241
9.316610 -11.911460
8.815584 -9.654444
9.038066 -8.227723
2.707609 -8.864469
2.151152 -11.078990
12.755558 -6.634960
6.978831 -8.185952
3.714104 -7.907585
8.111072 -7.999865
2.392204 -8.954877
-0.342271 -9.565436
0.933163 -9.328582
-0.589943 -10.038384
1.988232 -12.053613
-0.472650 -10.649323
5.317012 -15.676581
8.781309 -15.663128
8.964157 -12.722972
8.357585 -11.077847
7.949840 -10.621704
8.835915 -10.312996
8.169243 -6.961490
2.194139 -7.691608
2.528799 -9.417022
0.990092 -9.203671
-0.449214 -10.828176
3.184377 -7.577497
6.705645 -7.399065
6.063131 -6.743061
11.815165 -3.817185
13.843071 -5.658256
15.055033 -10.142715
14.780319 -10.626641
15.850477 -8.574834
18.023945 -7.905930
11.883712 -7.124548
8.046094 -3.934294
9.359510 -10.084567
7.933898 -9.438766
8.837049 -9.279009
6.371207 -5.974678
10.750425 -6.771538
10.775599 -6.685802
9.419715 -6.775568
3.898967 -8.034486
4.610775 -7.339925
5.197781 -5.273441
0.833206 -10.373363
1.822758 -10.693690
0.979835 -10.019122
2.486003 -9.609576
1.322314 -8.283000
4.140120 -4.858464
4.165889 -5.025008
5.290081 -5.351633
10.364813 -7.161572
9.871971 -6.625058
8.754705 -9.370957
8.773564 -10.103874
9.034338 -10.562984
8.345500 -16.152405
9.924670 -14.925292
7.530165 -13.829605
10.772650 -15.529626
10.640676 -17.097425
13.765365 -14.349976
16.751568 -11.718805
18.312788 -12.884055
