6.680915 -17.169575
6.585689 -13.264319
7.347990 -13.336794
9.078764 -15.203979
8.455526 -12.090328
8.733550 -11.628837
8.553265 -13.297004
6.796688 -14.502748
3.928965 -13.548402
6.044696 -13.647969
8.203523 -15.001395
8.706699 -15.865449
9.109941 -11.103930
8.292733 -11.689337
6.094209 -6.635248
2.641295 -8.332677
6.291990 -7.475326
6.058702 -5.569193
5.242490 -7.561851
5.401159 -6.840431
5.300523 -7.356105
6.228486 -7.567371
2.508226 -8.194197
0.778693 -10.223337
0.992540 -9.025183
1.319923 -7.244220
4.118032 -6.256674
2.074745 -8.048843
3.734881 -7.794416
2.263095 -11.984403
1.548510 -10.935290
2.770022 -11.212790
2.429263 -8.701120
0.421531 -10.336501
-1.551612 -9.753259
2.365792 -10.457631
2.042225 -9.404468
1.416960 -9.926122
2.033273 -7.699074
3.140332 -8.193654
3.542427 -8.161584
0.868481 -7.952726
0.501995 -8.535777
1.090686 -10.781713
0.672352 -9.755039
1.685486 -9.628179
-0.239806 -10.123409
4.713181 -5.600784
3.909551 -8.067004
10.492458 -5.423047
8.353048 -8.047814
9.055673 -8.622760
6.667789 -7.312986
3.100623 -6.584872
0.992594 -10.182354
1.915871 -7.891524
0.076705 -12.067189
4.753920 -14.268866
8.569057 -13.339086
8.746354 -8.631343
9.082139 -10.887268
9.015604 -13.733678
9.142004 -10.994189
9.198675 -11.240646
8.746500 -11.611585
7.819002 -7.292371
8.610943 -8.022708
7.747819 -7.927046
3.829607 -7.487765
4.316251 -6.846480
3.071259 -8.088943
4.210762 -8.162560
4.672563 -6.782083
5.510695 -6.781699
7.944084 -1.942710
11.210126 -3.255515
14.706910 -8.259036
16.616749 -11.850225
15.142418 -13.555303
4.547301 -14.547698
2.182331 -14.628119
2.675260 -12.271979
1.289635 -10.646787
1.973981 -8.452109
3.222717 -7.982692
4.002454 -7.765266
7.163553 -7.811928
6.811788 -13.544969
2.466631 -10.481544
2.228036 -8.477603
4.923153 -6.068131
8.065093 -10.550597
11.338671 -6.655518
6.017182 -6.467012
3.504474 -6.149371
6.628810 -7.172649
9.254533 -6.461671
10.076050 -4.106899
9.862301 -4.804542
7.741127 -6.888012
6.690630 -7.499545
4.696675 -6.587468
9.066762 -8.170904
7.994758 -8.001290
9.309513 -11.432191
8.582790 -10.936852
7.776161 -13.873345
1.617046 -11.409328
1.502029 -10.289135
-0.884430 -8.912379
0.211578 -6.494434
2.026080 -8.817750
2.199243 -8.366096
3.691289 -6.573513
6.475305 -6.032090
0.922661 -9.163525
2.778077 -7.210127
2.541191 -9.311418
1.707858 -12.069114
2.883704 -7.726322
4.006330 -6.556873
6.288801 -7.998109
3.609080 -7.223603
2.730117 -8.066737
2.283315 -9.402841
1.428528 -9.305520
2.691578 -8.131690
1.678374 -8.698203
2.116882 -12.718072
6.395021 -15.781562
4.674362 -15.030252
8.202168 -14.308820
9.795952 -14.519402
8.548894 -11.154747
3.688468 -7.948572
2.389695 -6.459614
-0.329278 -9.517735
2.410569 -8.634317
5.258049 -4.638834
6.432486 -6.214812
1.806134 -8.958514
5.316018 -6.134866
3.617094 -6.306414
10.460023 -7.225004
6.038488 -8.136991
1.777324 -7.351524
1.349970 -8.620275
0.917911 -7.047901
4.612437 -7.976804
10.387169 -5.913474
8.456439 -7.640673
9.174768 -9.384674
7.988777 -9.685593
7.854218 -11.125874
9.126892 -7.421872
8.369745 -6.479805
5.841525 -8.165555
8.563776 -12.999269
9.717443 -15.595241
6.081049 -14.389392
8.953766 -12.249596
6.043847 -7.918267
3.863852 -7.763003
7.996592 -11.368686
1.537634 -10.410995
-1.769508 -12.420409
2.468963 -12.005980
4.860565 -16.463221
7.472588 -13.930904
5.409237 -14.089685
8.748376 -8.630563
6.502810 -6.755263
8.259958 -11.606844
7.913476 -11.339253
11.642448 -16.617373
15.023149 -15.961711
10.887388 -13.874349
7.048722 -13.759116
0.332902 -14.453504
-0.075462 -11.017800
-0.390398 -9.471264
1.532566 -9.982759
1.472453 -11.117259
1.980444 -10.832284
2.776134 -11.245907
2.427047 -10.637584
4.205242 -8.029655
6.229483 -7.919170
5.958703 -8.168080
3.468426 -7.042849
2.435944 -8.759531
2.656430 -9.508374
0.313033 -9.407640
6.448297 -6.196641
5.762937 -5.851667
4.650867 -8.058595
7.349361 -8.034270
6.570971 -6.446593
5.867668 -7.442208
8.823788 -7.375011
7.268423 -6.453987
9.231186 -14.214082
9.107925 -11.180203
0.280457 -8.796574
2.931083 -14.113930
7.230033 -17.103773
2.754060 -13.755615
1.547057 -10.896998
2.321756 -9.169187
-0.195669 -9.751069
0.028155 -10.331064
-0.599975 -10.461468
0.526370 -10.989621
3.703282 -6.650585
0.236247 -4.351405
5.033354 -7.705714
3.719752 -7.399147
5.034570 -8.037037
7.592571 -7.654571
4.535475 -8.187312
-0.464631 -12.505244
3.843162 -13.255777
4.700349 -13.259206
0.620458 -10.555484
-0.093008 -11.271640
-2.204852 -12.454465
2.655773 -8.646598
3.900544 -7.458455
8.250014 -9.200485
9.089432 -10.582553
8.344342 -9.969357
7.568444 -6.956424
4.137211 -6.210250
4.927342 -7.923239
5.986637 -13.863542
-1.019871 -13.275794
0.382788 -12.073662
0.044943 -10.571539
2.915169 -13.636106
0.520828 -10.874184
1.981893 -8.336183
6.033740 -7.443543
6.038258 -7.248739
5.172659 -7.820813
3.852179 -4.788566
-0.894567 -9.569495
1.130327 -13.395695
1.574524 -11.058752
2.206018 -9.905813
2.314856 -10.790645
2.234825 -10.999972
2.515234 -9.861146
7.855960 -8.651679
8.151170 -5.879133
8.600431 -8.650399
5.018952 -7.220557
4.897723 -5.939882
9.333349 -6.754412
3.535714 -7.502429
5.082685 -6.188714
6.781406 -8.055917
9.801928 -14.993026
10.820377 -17.024603
6.386132 -14.193912
5.397483 -6.492733
6.821211 -8.027710
5.366425 -5.885640
8.886347 -11.639251
9.195469 -9.430921
9.286539 -11.349028
8.270517 -11.924979
8.558599 -14.233113
8.973390 -14.338105
8.424664 -10.449401
8.884936 -10.389818
8.415505 -12.303751
10.355611 -14.768456
4.441730 -5.329369
3.429066 -7.545065
4.394047 -6.619424
3.460663 -4.355155
5.264811 -4.748256
4.734274 -8.049249
4.207754 -5.924524
2.366435 -8.351048
0.433476 -10.280525
-0.918439 -11.866685
-2.667578 -10.484797
-2.043517 -13.325574
6.350403 -15.042318
4.117569 -13.488752
4.735983 -13.511956
7.934069 -14.201394
10.976262 -16.754847
10.570977 -13.852477
8.363944 -11.843812
12.281293 -4.821685
16.712076 -7.401454
17.199230 -12.719647
9.209840 -16.363964
15.984967 -9.353320
14.676189 -9.693995
11.730918 -7.057088
10.030127 -7.507162
9.671869 -6.267063
12.466218 -6.650746
7.975197 -7.620433
6.507653 -6.152185
8.337747 -9.179442
7.240830 -6.291749
8.342020 -9.465662
8.084802 -9.556324
8.255781 -10.809543
8.317904 -10.449449
8.146906 -10.075372
8.785693 -12.393281
8.122859 -10.965825
8.299190 -9.627589
8.233601 -10.993577
3.851626 -14.609289
8.007730 -14.610879
6.742117 -13.279138
6.733006 -15.792396
7.516351 -13.873124
1.300602 -9.037745
0.445302 -8.824727
0.831467 -8.354102
0.061265 -11.815597
-0.562308 -9.336484
-0.216869 -6.685711
1.876544 -9.765821
2.201309 -9.203963
1.820648 -11.488125
4.190438 -13.469346
5.735657 -13.789346
6.894890 -7.649501
2.602584 -10.226487
6.739780 -4.557776
4.858209 -7.464962
5.602394 -7.428987
2.723774 -9.368251
2.835256 -9.740775
3.989940 -13.309263
2.380217 -13.514967
1.607633 -12.614982
2.199457 -10.617329
1.888573 -12.464512
0.154634 -16.942738
5.718419 -14.276591
7.926243 -14.295807
13.267836 -12.895739
8.456791 -12.577818
13.567040 -15.996194
15.021955 -11.260129
14.473602 -9.014821
15.418669 -9.338981
15.386545 -9.446251
12.953267 -2.212410
15.295086 -7.915889
11.634968 -7.006277
8.759240 -5.641616
11.399129 -7.564572
5.962842 -7.719714
6.893885 -7.177171
4.275902 -7.565425
7.208191 -6.631182
0.303813 -8.693355
0.089167 -9.031642
2.575407 -8.002532
4.282872 -5.281916
3.549818 -8.030030
1.666559 -7.622700
1.754369 -8.155575
2.067023 -9.083854
-1.616101 -10.627256
4.155478 -15.094758
7.423607 -15.523867
4.922500 -15.326634
3.284365 -13.554557
0.436227 -11.576173
2.735187 -11.401296
1.791999 -10.002870
1.784136 -10.262933
2.723765 -7.045028
3.593841 -7.502991
3.791682 -8.003278
7.855268 -7.862043
8.481419 -9.036999
2.226804 -9.423232
1.714948 -8.110384
2.754216 -6.330422
3.863570 -5.638074
2.037781 -8.571059
3.124158 -7.649990
4.554199 -7.264307
4.665846 -7.739733
1.825830 -10.782200
2.180169 -11.768300
1.982870 -9.425508
0.683465 -9.634086
2.472023 -8.681934
8.380907 -12.904596
10.721419 -7.472854
10.711876 -4.374980
10.777901 -5.767028
8.133091 -11.609889
8.415649 -12.181566
7.666956 -5.905229
5.820228 -7.584202
5.756600 -5.132473
8.940041 -6.199438
5.108577 -8.129989
3.590445 -7.872453
1.031973 -5.424218
2.256647 -8.644315
2.693113 -9.208132
1.520944 -11.008845
1.925072 -7.492091
1.078687 -9.303481
0.180794 -10.836419
-0.528618 -11.990264
1.596793 -12.473453
2.623590 -10.512053
2.184071 -9.858272
-0.228197 -9.712461
-0.631196 -9.999581
-1.225739 -8.758284
-3.839578 -11.158195
-0.701957 -10.051703
4.166470 -15.270877
5.089895 -14.623755
1.659420 -13.049573
1.738773 -8.254668
1.757317 -6.002693
1.320879 1.874645
2.198577 2.583059
4.348656 5.333565
