18.362032 8.772532
12.531242 9.544471
14.076144 12.616750
16.743719 13.193848
14.878536 3.825318
17.130875 6.817886
16.764687 9.400104
15.302224 9.141597
11.757965 9.174193
14.434836 2.132866
14.437990 -1.417614
16.514139 0.848624
14.759671 0.672190
6.041286 1.929006
3.198335 2.591819
5.958734 7.182610
8.905622 6.782349
9.448776 7.350934
9.585391 5.750748
9.018257 5.110913
8.831926 5.631173
8.591460 5.896661
6.816061 2.469370
8.324229 3.840559
10.874024 3.626377
8.660608 3.832113
9.158826 5.151892
9.153362 4.502706
8.556658 5.436976
9.185121 4.979193
7.819002 7.267579
10.459319 9.438302
9.256748 9.283325
8.744133 3.583281
8.546515 4.454036
9.708616 6.011824
7.972353 4.749250
8.587265 9.118493
11.888151 11.365115
9.948937 10.952596
9.351255 7.463075
8.392931 4.952930
10.012600 10.631272
14.828969 9.126653
7.020961 9.062853
9.065813 5.404185
9.674594 7.012538
9.523900 5.447429
6.754376 5.178520
8.115715 8.442321
-7.114108 1.669988
-13.902560 -2.698772
