-7.835274 -17.774572
-7.453954 -10.222302
-5.291909 -8.471829
-1.382190 -4.645012
0.253451 -1.962475
0.524773 -1.920661
-0.251167 -1.142637
0.633383 -2.178592
0.813323 1.103350
5.544998 1.811540
6.228170 2.594511
7.035150 3.672763
8.181414 3.010724
7.843149 1.959943
8.944900 0.356941
8.545417 2.142676
8.166650 1.485786
8.347404 2.589411
7.100362 0.295861
10.867097 -3.455456
17.378708 -7.818187
16.323790 -2.908274
11.585846 -2.208678
18.448532 -3.188725
17.174425 0.281229
14.630727 1.962423
14.949606 2.207999
19.595421 3.699941
14.135193 -1.654911
17.803354 0.575247
17.984032 1.092325
15.753005 -0.732436
