7.764942 -16.701206
8.236850 -11.662131
8.021299 -9.634087
8.117844 -11.909798
7.872477 -7.869899
9.810656 -7.771731
6.744513 -6.690829
7.106789 -6.320717
7.622622 -6.319209
9.127245 -12.004317
8.276077 -13.659524
7.861994 -9.443117
8.473459 -8.719203
8.791856 -9.695434
7.628162 -5.535016
8.201889 -8.017064
6.492857 -7.640404
6.697047 -8.014590
0.506529 -7.465860
2.584482 -8.433047
2.524611 -8.340268
4.924895 -7.108340
3.893953 -7.355978
6.379224 -7.246230
5.500512 -7.570150
4.138526 -8.011025
7.044644 -4.139074
-0.623905 -9.221658
0.405649 -10.378999
1.062032 -12.482751
1.859906 -11.518973
-0.120954 -10.004974
0.080000 -10.513030
2.665382 -9.024643
1.599287 -8.578254
5.081861 -7.438536
5.981107 -8.190326
5.732399 -7.311865
3.915019 -7.903635
0.817489 -8.429337
2.529367 -9.944283
2.063102 -11.077497
7.813191 -13.652427
9.801228 -13.999126
10.302921 -14.893241
4.243345 -15.030414
2.212597 -12.797294
1.011785 -12.929646
0.542696 -11.520204
1.082633 -11.093555
2.471746 -9.971568
9.391129 -13.688564
8.980421 -7.799521
8.473084 -8.298353
8.893266 -9.081624
8.039742 -7.979887
4.290238 -7.395643
2.237242 -7.069099
2.846730 -7.745176
4.669590 -8.124538
3.305389 -7.290272
2.938741 -7.157343
8.459442 -7.545146
9.298331 -12.330751
8.417156 -11.974400
8.822056 -11.766723
8.936952 -6.198197
7.180798 -6.680619
6.582308 -14.091211
5.998083 -13.686722
9.917788 -13.000779
9.934304 -13.526093
8.458458 -10.328462
3.534643 -7.929013
6.423151 -8.018428
6.802107 -7.739096
7.532039 -8.122195
2.671097 -8.815125
2.561034 -8.867137
1.659831 -7.623109
-1.226866 -5.709955
0.958760 -9.464458
2.763938 -9.470252
2.290497 -14.055764
2.505483 -9.540259
2.679060 -8.611286
2.096234 -8.623534
2.171429 -7.584718
8.953627 -8.247829
6.378027 -7.018439
6.978252 -6.516208
8.772321 -9.101295
8.902785 -7.354316
9.261379 -12.441347
8.230706 -11.270642
8.089848 -8.846453
7.941183 -12.803065
1.301478 -7.896697
1.608002 -9.850874
1.719950 -9.614541
1.262598 -10.279585
0.995274 -9.104765
-1.517923 -8.956634
2.231612 -9.183591
1.785833 -5.265938
3.517581 -7.291131
5.597807 -6.083295
2.961993 -6.840743
2.707162 -6.367221
4.849727 -7.210292
7.922584 -4.710287
7.896801 -8.274995
9.360662 -9.240232
8.342504 -7.920570
7.414998 -8.200994
1.982824 -6.943933
0.806331 -9.984860
1.467543 -7.545094
2.600559 -8.345610
2.383378 -7.872847
3.867198 -7.133234
13.754645 -3.636690
10.327744 -7.426819
4.524734 -7.652917
7.264605 -3.986457
8.634144 -9.038297
8.447851 -12.341065
8.147772 -11.309313
5.390374 -13.389870
2.147322 -9.973512
1.768612 -10.074711
0.519507 -9.845724
0.487473 -13.571731
2.291129 -13.614852
7.839665 -13.356931
5.267525 -13.896728
3.495653 -15.454991
1.897022 -11.017411
2.559180 -12.862554
2.758470 -10.763867
1.946178 -8.263056
2.167866 -6.652754
2.776544 -9.287271
2.300170 -8.710124
2.086031 -9.665480
1.435611 -7.619149
-0.315210 -9.534476
-0.399637 -10.191809
-0.408733 -9.206719
0.590278 -9.599999
1.908997 -6.885892
-0.127575 -9.051877
2.049070 -8.899947
4.100685 -6.901902
5.783200 -7.458528
5.443886 -7.759217
4.723524 -6.282860
3.863642 -8.199958
7.503530 -5.685764
1.053938 -10.795936
2.739066 -10.645844
5.561473 -13.257910
0.909312 -9.724424
1.799307 -12.129764
8.502916 -13.137298
7.579570 -14.170953
1.811299 -10.116014
1.865258 -10.905187
8.269489 -9.372190
1.284719 -9.546420
-0.614920 -8.297755
2.813232 -9.652660
8.248122 -8.277688
7.244421 -6.876776
6.563875 -7.779177
4.618219 -13.637484
6.329325 -15.000583
7.839082 -15.289699
3.574682 -13.519764
3.506764 -13.270050
2.850087 -13.811755
1.305071 -10.025264
0.019666 -11.318919
2.095214 -9.291113
2.243569 -8.118442
8.336296 -11.936534
8.861056 -9.509409
9.049199 -4.160573
7.946643 -10.679839
7.960542 -9.321506
9.338627 -8.659228
9.067078 -11.309784
8.349097 -10.407261
7.999559 -4.194728
9.655878 -6.398888
3.793166 -6.934386
4.951765 -7.884595
6.006760 -6.320653
6.709812 -6.311359
6.337988 -6.644860
3.227589 -6.460742
-1.062125 -11.150640
1.425475 -11.619810
1.965516 -11.701171
1.037132 -10.893985
