-16.235107 -11.248320
-10.724651 -8.240746
-5.867923 -5.658053
-3.965489 -3.940370
-1.953951 -0.902355
0.434854 -1.153744
0.696280 -1.577227
1.071696 -1.333478
1.452162 -2.540461
1.236800 -2.217422
0.693520 -1.229373
1.270948 -1.650158
1.748187 -0.197520
1.338188 -1.089679
1.265911 0.596223
1.241411 0.186203
1.258011 0.182439
1.180974 -2.001653
0.661247 -1.501854
1.467918 -0.683748
0.947160 -2.269340
0.783085 -0.134116
1.744804 0.430763
1.489546 1.275116
3.075864 1.469371
2.253463 1.135861
2.359236 1.133659
3.820108 1.886002
3.962000 1.129333
3.032809 1.165948
4.189184 1.275797
2.661871 2.423352
2.167912 1.240121
1.744061 1.418653
5.034675 1.363561
3.135486 1.651770
3.498735 1.077584
2.074385 2.515185
1.413928 0.928806
0.382320 -0.793770
0.529131 0.579005
1.647257 -1.316734
1.813141 0.020841
1.045079 -1.302498
0.670451 -1.513208
1.192783 -1.618738
0.740006 0.357026
1.502211 -0.188523
1.397909 0.704700
2.281770 2.313238
2.337336 1.783040
3.008005 1.538036
3.036118 1.096553
0.984698 2.054261
0.539524 1.082236
1.557150 0.390429
0.911411 0.881986
0.786468 -1.667780
0.926004 0.729334
-1.701743 0.071321
1.779248 0.263768
1.456470 -0.472130
0.494468 -0.407928
1.640614 -0.204130
1.477308 -1.984960
1.390447 0.248911
1.739773 0.454705
1.704870 1.309219
2.937305 1.288053
4.509530 1.590894
7.594783 1.162672
7.743257 0.624227
8.872513 2.854859
8.971180 3.638387
8.743331 2.591981
9.267761 7.212969
5.916011 1.928418
6.162407 4.073880
8.904311 1.172296
9.029986 4.100508
9.498047 5.383000
8.480821 3.058240
8.187312 4.079081
10.058270 3.515695
7.838923 4.085350
8.016993 4.425013
8.204935 3.604657
5.309813 3.261992
4.145206 3.244190
9.473730 3.538847
7.817622 4.689593
9.596401 5.453109
7.107938 4.714886
7.032501 5.417536
8.192293 3.216674
8.260485 3.061134
9.081047 5.673954
6.100712 5.689386
9.445803 6.376655
16.083786 8.290448
14.027406 10.584639
16.236130 10.239326
14.511758 13.007227
8.208467 8.243735
9.330261 9.921078
8.619685 7.984988
9.277255 6.151304
8.172066 5.639729
8.817283 6.787293
11.187024 3.782366
11.889633 3.775245
7.556697 5.065897
8.420269 8.867690
8.580528 3.968318
7.443741 5.519528
8.110224 5.161859
11.764953 9.133922
11.740484 9.355222
15.187234 11.189086
15.332787 5.587762
16.083427 6.053310
15.224792 7.283760
13.086333 9.272931
14.424460 -0.192588
16.118855 2.846120
12.089993 3.753503
9.283910 5.240853
9.478990 4.982416
15.453514 2.827328
18.511452 4.530180
14.831848 2.383095
12.848340 3.570222
9.682323 3.492867
9.560596 7.780339
9.407868 15.697251
10.210740 9.666347
12.001012 9.167964
12.147016 10.075702
10.067617 13.480966
9.338402 7.848353
9.443024 6.072166
8.919122 6.603040
9.565054 4.876080
8.686584 4.947449
5.515942 1.274427
3.477761 1.416736
2.653055 1.225469
11.744124 3.718189
16.589207 5.145448
16.498041 4.928772
15.069267 3.662580
12.727877 3.605565
6.292425 8.495021
9.368517 10.447099
9.715755 5.136716
8.877939 2.039458
8.245649 2.389725
9.046918 4.992012
8.370064 4.458664
7.338501 6.059687
9.468829 4.362991
9.540138 4.507219
10.341233 3.641290
11.286368 3.669879
14.659972 3.176577
13.472775 3.763573
8.506431 0.756307
6.592666 2.020481
15.830680 7.105008
14.639169 2.862885
9.044543 3.188736
8.572054 6.438715
11.240932 11.090219
14.872935 6.885816
15.014161 8.332490
9.175788 5.082068
7.709803 3.837624
9.074784 3.623154
8.369959 2.571129
14.270751 3.040092
8.889678 1.531002
11.366177 -5.953181
12.684153 -4.739298
11.157573 3.566126
10.960609 -1.807700
15.966528 1.555931
14.109373 0.907904
16.032471 7.150298
15.932692 2.322567
9.367601 5.956820
6.848014 7.479128
7.240250 5.218366
9.142851 3.559021
9.059896 1.473981
5.854804 1.158446
8.878344 3.386955
10.732955 3.444606
8.814936 1.134828
8.239663 -1.411177
9.156437 5.846140
8.602435 0.942137
9.724619 4.847058
7.458435 0.893997
16.556890 0.342956
14.544518 2.119114
15.797742 6.189902
16.329081 10.680953
14.592837 9.136809
15.012557 14.415479
4.761777 8.754237
7.990304 6.659329
6.398779 4.073137
7.148986 4.139780
6.971717 3.801603
9.181865 6.801248
7.079151 0.323035
6.911858 3.167648
9.283960 5.522183
7.921319 7.584974
6.923707 7.409201
9.090130 8.271120
9.069548 4.902972
8.777670 5.432794
9.327507 6.930207
4.511518 3.107012
4.795581 4.393913
7.743206 5.579898
5.812102 6.126087
8.436295 4.898260
12.048602 9.323359
14.442162 3.162267
14.264383 0.711842
15.320753 1.734606
17.353256 0.648533
9.430968 -4.807750
8.555308 2.065027
6.204604 2.186420
7.043386 3.062499
4.398533 2.913055
6.499758 2.648204
7.900912 2.983470
8.350832 6.028460
9.610684 3.510220
13.565360 3.513159
8.357439 3.538991
6.889605 1.132767
7.514997 0.698467
5.676584 2.218866
7.215620 1.453642
9.048952 1.871618
13.529289 3.460953
14.020113 3.549482
10.989017 3.648815
18.599180 5.847482
17.001173 3.119582
7.841475 2.370158
8.990141 1.911541
6.946135 -1.658290
10.898800 -2.063288
8.396620 -0.946625
8.079923 5.383858
8.613165 4.000495
10.300367 3.523249
10.979376 -2.999223
11.803053 -2.545590
12.733985 -1.885877
15.242266 -2.867930
14.284665 -0.343270
16.132544 10.111071
15.320970 7.927313
15.004940 4.442719
14.763643 3.244872
15.694249 3.704770
15.091501 5.765648
8.936121 0.679737
7.899788 2.222700
7.906221 1.878065
8.785104 4.438918
7.397682 3.053233
7.485813 1.526599
9.789846 4.801741
8.800673 8.050153
9.380419 5.258318
9.304276 5.272624
9.397236 3.635948
10.548634 3.521912
9.999821 3.627822
7.472464 3.690609
7.204793 1.717725
8.964277 1.895263
7.936545 6.333447
9.685472 5.825981
8.785407 3.499499
8.930418 5.820732
8.885206 5.675498
8.977039 5.775663
8.996872 8.143279
11.795590 10.507087
12.258209 9.864987
16.561327 8.603445
15.528184 8.720024
15.198914 9.355601
18.293171 4.138159
17.291552 5.207865
15.679335 10.875278
