16.612577 -14.523647
9.686404 -9.954203
8.869816 -10.114208
9.114832 -10.088850
8.344974 -11.875916
7.998319 -7.855117
8.352543 -9.400204
8.721904 -6.699901
7.306597 -8.159184
7.732768 -6.993794
9.192286 -9.055896
8.533756 -14.292050
8.813773 -15.033031
-0.494243 -12.503148
0.347559 -7.172749
0.638943 -10.652579
0.177094 -10.453765
0.036980 -11.037971
-0.104978 -13.879994
1.110946 -10.359308
0.747793 -9.266135
3.389619 -7.770965
1.824403 -7.906334
2.249332 -8.907449
2.744664 -9.193453
2.153797 -10.960519
2.304694 -9.456118
1.255337 -8.573401
1.720834 -10.221164
1.890257 -9.840247
1.520180 -8.224550
5.901057 -6.802025
10.196478 -7.428503
10.205814 -9.529519
9.040892 -8.026826
9.110598 -7.313675
7.280799 -7.909175
3.817676 -6.378045
5.881022 -6.089510
5.039492 -7.447071
5.111482 -7.528451
1.660924 -7.296489
0.976988 -9.063643
2.755186 -8.242996
-1.361564 -10.958531
-0.333959 -9.219747
2.184496 -9.853055
2.472988 -8.780867
1.022350 -7.267701
1.925300 -7.928522
5.221809 -7.020617
4.594961 -3.280840
-6.760843 6.154891
-7.274711 10.082133
-13.294305 13.990106
