-17.155529 -4.569542
-14.055613 -3.007737
-11.071266 -4.644596
-8.989505 -4.443777
-11.546612 -2.222831
-9.964855 -1.922428
-10.455748 -0.983111
-12.856449 -5.223169
-8.043978 -4.091534
-6.555926 -4.767899
-3.676355 -5.470700
-4.051406 0.293846
-4.379657 -1.051141
-3.684285 -0.202186
-4.324602 -1.324878
-3.900385 0.613215
-4.403779 1.720649
-6.630517 1.279588
-5.594324 1.184951
-5.947020 1.234814
-5.210223 1.424811
-6.542454 2.715286
-2.494137 0.399624
-4.529294 -0.215045
-4.050780 0.548039
-3.475503 -1.270459
-2.864049 -0.141302
-4.251924 -1.792110
-3.998327 -0.076673
-2.554621 -2.973659
-4.399097 0.080729
-3.674442 -1.083324
-2.708886 -1.124442
-4.098650 -0.637300
-2.844328 -0.735869
-3.921497 -0.537814
-4.124488 2.948960
-9.689545 2.550654
-9.699231 0.094413
-10.467878 1.035818
-8.791819 1.451118
-6.596910 1.113480
-6.122065 2.211508
-5.380002 1.378645
-7.693468 3.443550
-8.254704 3.420208
-6.696380 3.618264
-7.946391 7.405809
-7.569731 6.157394
-6.254452 3.207233
-7.159694 4.808668
-7.244891 7.205301
-7.534492 7.078299
-7.669006 7.841447
-9.446761 11.256425
-10.086018 10.878268
-10.770405 9.461449
-9.872716 8.669712
-5.290833 10.500636
-5.879849 10.035636
-7.976794 9.023644
-13.752726 10.190451
-13.750313 6.621559
-13.954049 10.114303
-12.827363 8.636841
-14.195267 10.251783
-10.479778 9.623532
-11.641484 8.846948
-11.884057 15.091518
-6.917157 7.989573
-7.636437 8.146760
-5.712766 6.525982
-7.897255 5.196567
-7.937670 4.652570
-6.202051 2.546973
-6.351789 1.866562
-9.681013 1.730531
-9.492744 2.050428
-9.879412 -0.559701
-9.852088 -0.671157
-11.376120 0.896816
-7.939270 2.797522
-10.199580 3.161480
-10.673831 1.771035
-8.219595 1.275835
-10.233231 1.062673
-10.115460 -0.052975
-11.257450 0.326313
-9.932357 -5.379103
-6.523604 -4.671891
-6.899917 -4.967173
-12.226339 -6.202937
-8.966772 -6.983687
-8.559776 -4.625235
-7.312047 -4.917947
-6.342686 -4.759902
-5.306766 -6.411510
-4.040703 -2.909132
-2.858258 -0.716431
-3.463293 -1.399183
-4.309722 0.852442
-7.035158 4.412174
-7.506283 1.269591
-8.936523 2.084903
-9.138732 1.120336
-11.896948 2.123256
-9.344098 1.457942
-7.374146 3.317654
-5.703938 2.381233
-2.880082 1.197070
-4.287720 -0.774123
-4.010814 -0.614144
-2.874875 -3.125554
-4.318527 -1.159533
-4.018314 1.995805
-3.240933 0.309091
-2.149675 -0.046275
-6.791031 2.173949
-7.629945 2.431668
-6.608362 1.576973
-7.127607 1.243119
-7.231114 3.891368
-8.326893 2.704709
-7.749415 2.062904
-8.529039 1.594376
-8.196367 2.541056
-5.742162 2.406549
-9.133058 1.958296
-11.357577 -0.276246
-9.936666 -0.103559
-10.226444 -1.517528
-9.684200 -3.996595
-10.347986 1.957839
-6.778419 1.867747
-6.032877 1.428072
-6.617634 2.199120
-7.474559 1.257768
-3.319581 1.392196
-2.382101 -1.958624
-4.145236 -2.253708
-3.484123 -1.529300
-5.024921 -5.262130
-6.527594 -6.591863
-9.218914 -4.365703
-7.356231 -4.905343
-7.749284 -4.788698
-6.686220 -4.409590
-7.330253 -6.068713
-5.025257 -7.696827
-4.187911 -2.388050
-4.413837 -4.310722
-5.951835 -5.018518
-11.225616 -1.719986
-10.634177 -4.665520
-6.346633 -6.498939
-6.068106 -7.542878
-6.940033 -6.056157
-6.640441 -6.379814
-7.936585 -4.273866
-12.883661 -4.224294
-10.089712 1.260065
-9.221525 2.794243
-10.212717 -0.554856
-9.635501 -1.216063
-5.116823 -6.924617
-4.586463 -7.724252
-6.289082 -6.671658
-6.168331 1.543965
-3.334584 -2.274340
-4.310329 -1.037105
-4.285480 -0.843521
-3.560862 -0.682766
-2.816864 0.004380
-3.295810 -0.622072
-3.972921 -0.664783
-4.073401 -1.981670
-2.867445 -1.681956
-4.538044 -2.241442
-3.478687 -1.535412
-3.945158 -2.065127
-4.299370 -0.567537
-1.824233 -1.488162
-3.829591 -1.354242
-2.047112 0.967120
-4.791738 1.656291
-6.132068 1.200018
-7.969565 1.418321
-4.221722 -5.284667
-5.014004 -5.826797
-6.167925 -4.448248
-9.603799 -5.206223
-6.875793 1.955502
-6.756540 -4.093067
-7.756344 -4.217091
-5.546267 -5.706219
-3.811500 -4.050867
-3.937477 -2.394181
-3.341506 0.816760
-3.478461 0.930333
-4.251135 -1.334242
-4.248112 -1.352409
-1.998687 -0.659876
-3.510555 2.650486
-3.596247 -0.882469
-5.445245 2.820375
-6.293933 1.168277
-5.431465 1.523454
-7.170043 2.455196
-4.697742 1.365755
-6.291204 1.438179
-6.671268 2.781826
-4.133454 0.798555
-4.286675 -0.660433
-3.600947 -0.194345
-4.329522 -0.579750
-2.492463 -2.729402
-4.477013 -3.913116
-4.004961 -1.717724
-3.844513 -2.155171
-3.934347 -3.998035
-6.472139 -6.010086
-6.288171 -5.116624
-5.102675 -4.759612
-5.695018 -4.657966
-8.054701 -4.001076
-6.938889 -5.672653
-7.593154 -6.182981
-10.228037 -4.163420
-10.144794 -1.080742
-9.604743 1.221503
-7.997380 3.106616
-8.357859 1.944918
-8.994487 2.135284
-8.138894 3.194986
-11.092634 -0.407678
-10.989158 -1.498295
-11.288634 0.406538
-4.558210 -0.270932
-4.133814 0.217390
-2.624845 -1.023243
-3.668862 -0.946022
-2.459307 -2.156148
-5.619476 -4.916334
-6.201860 -4.432766
-3.809271 -2.314009
-2.911391 -1.737041
-4.596235 -0.689819
-3.338602 0.926702
-4.201069 -2.608063
-4.265532 -0.697577
-2.689263 -1.451398
-3.494989 0.941836
-3.590088 -0.394160
-3.839280 -3.094795
-4.216967 -1.656956
-4.533850 0.191970
-2.908878 -0.205859
-2.919683 0.515944
-3.835904 0.535086
-3.581867 0.144322
-7.479321 -5.968921
-4.081444 -4.366620
-5.708271 -4.064098
-7.310530 -4.374402
-9.000860 -4.258532
-6.600585 -5.283262
-7.289297 -4.642641
-9.113892 -4.522913
-12.004036 -2.583213
-10.777960 0.700882
-11.528127 0.074769
-9.433258 1.906871
-10.432243 -0.790881
-5.935717 -5.356629
-9.377593 -6.297828
-9.034156 -4.890739
-3.223459 0.404509
-3.951102 -0.121402
-3.195038 0.866519
-4.857702 1.621582
-6.242301 1.132952
-3.148010 -1.815455
-4.075322 -4.425015
-4.101326 -2.113497
-2.004204 -1.119294
-3.591001 -1.026920
-4.401981 -0.941366
-4.218226 -4.136001
-5.631727 -4.882960
-8.693851 -4.245985
-4.278305 -1.768653
-3.796952 -2.197699
-4.517757 0.557366
-8.063856 1.883411
-7.793489 2.337892
-7.098311 1.995048
-6.010417 3.606169
-5.727683 2.328646
-4.815994 2.175272
-3.621448 -0.494698
-3.245355 -2.487473
-3.620448 -3.641871
-4.519008 -2.674298
-4.245123 0.749358
-2.909802 -2.956466
-3.962138 -1.000516
-2.478241 -2.764623
-3.846814 -3.941281
-6.599803 -4.932879
-9.026366 -3.988119
-10.244495 -4.689893
-11.491537 -1.653506
-11.923353 -1.420195
-10.054409 -2.337112
-10.109509 -4.625437
-10.127829 -0.851312
-6.999879 2.038179
-7.048586 1.209824
-7.551889 3.503139
-8.627254 1.391046
-6.034632 2.035618
-7.764709 2.901682
-8.816559 1.764120
-7.621405 2.513280
-7.914218 1.121748
-7.230736 2.053061
-5.035563 3.263101
-3.631498 0.203789
-3.658502 1.400206
-5.660135 1.296320
3.741650 3.806836
6.439735 4.251760
7.567064 3.218053
8.701532 4.255957
10.285285 3.858893
12.222198 6.368001
11.971534 11.812851
