-14.718070 4.259294
-8.459767 1.246379
-7.234862 1.773393
-12.395864 2.818280
-10.211699 2.865414
-9.643427 -0.632512
-8.418297 1.367816
-10.025666 -0.866541
-9.531315 1.434208
-9.280006 1.875118
-9.888062 0.730454
-10.135154 0.563020
-11.095854 0.201786
-10.638847 0.920275
-7.336779 1.204451
-8.169996 2.343312
-8.192795 2.057741
-7.476375 1.199583
-7.693919 3.467638
-7.928085 3.955579
-6.314036 4.207435
-5.359921 1.868548
-4.878971 1.330320
-2.554256 0.683474
-3.836745 -0.630676
-4.076790 0.591141
-4.352713 0.854690
-3.828233 1.105044
-2.220186 -0.774654
-3.059141 -1.646966
-4.409752 -0.734538
-3.173200 0.052156
-3.457260 0.932201
-6.087639 1.489341
-5.946681 1.706338
-5.227413 2.172342
-5.053036 2.868182
-6.810072 1.656146
-8.386476 3.312884
-7.475513 3.520264
-7.536141 2.659204
-7.197364 3.271999
-5.578641 2.082334
-4.039297 2.013830
-3.405532 -0.631172
-3.834937 -0.401276
-2.342345 -2.142439
-3.820027 -0.756708
-4.338845 1.212986
-6.169963 1.408822
-5.095018 1.671944
-5.076603 1.755963
-2.467470 0.843754
-3.998058 -0.264260
-3.911633 -1.809586
-3.508857 -0.769517
-3.004816 -1.183544
-2.077279 0.355415
-4.998013 1.648016
-6.288027 2.522101
-3.066652 2.348909
-3.171484 -0.174594
-3.912261 0.082271
-3.924180 0.129626
-2.224764 -2.597400
-4.537859 -4.020426
-7.264165 -4.162585
-8.134187 -4.198029
-8.725766 -4.029774
-7.730582 -4.102046
-8.173789 -4.776018
-9.260134 -4.489586
-11.785999 -3.009025
-10.346067 -1.659863
-10.322124 -1.917917
-9.922783 0.310864
-11.228514 1.462270
-8.058962 2.633581
-3.332752 0.917233
-3.328476 -2.324656
-2.751885 -5.495157
-5.326005 -11.764450
-7.223585 -17.374327
