8.322686 -16.296324
8.448867 -11.999010
8.575171 -10.584587
11.178490 -11.265365
10.114758 -8.021269
7.859838 -6.870455
7.413906 -7.240454
5.788022 -8.018018
3.672633 -4.928472
4.833216 -4.393726
6.026654 -3.565486
3.393504 -6.086668
6.826238 -7.482657
7.841761 -7.326721
8.204300 -7.665713
10.097818 -8.946205
8.106429 -7.982846
5.553488 -6.934639
4.832949 -7.564393
2.096095 -7.672293
7.421779 -6.918118
5.322299 -6.727129
5.563161 0.202544
7.064505 0.927503
7.168568 -0.763293
5.393797 -1.434204
6.146464 -4.423905
5.876195 -4.662261
5.932693 -4.898999
5.062861 -5.403893
4.648324 -5.089882
5.813252 -4.273227
6.157372 -3.636336
4.587011 -6.968456
4.628885 -4.998766
2.101681 -7.981826
1.342865 -6.749348
-5.947504 -6.602539
-9.713212 -8.287539
-16.289648 -5.631636
