-3.950320 9.416324
1.664405 9.297901
5.235948 7.372012
8.325065 1.988123
12.388331 1.382787
9.815712 5.121370
11.223548 2.542828
12.627862 1.945070
9.021752 2.142332
9.929737 1.748259
10.555033 2.804846
10.752953 3.313442
11.026706 2.203341
11.191024 1.765421
9.193560 1.753195
10.977681 1.530105
8.711628 3.383068
6.930683 0.976303
7.252263 2.263124
4.762376 1.611848
5.270737 1.377761
3.788816 1.868844
5.554763 1.431722
5.914014 2.375015
8.175833 1.333243
9.341323 2.474113
11.776036 2.677878
10.115551 1.940857
10.965441 1.918333
9.485221 1.476114
8.711096 2.348190
10.674435 5.356281
14.005355 2.143472
12.792363 0.412566
12.931250 -1.227551
13.547947 2.925629
13.296210 1.990755
14.303785 1.331909
14.050674 -1.046224
12.211323 1.757572
14.388878 0.371860
12.643040 0.259323
11.879187 -4.906171
5.272373 -5.578766
5.675618 -10.357398
3.890355 -7.302047
4.967753 -5.094206
8.629822 -10.006650
7.126063 -8.636045
8.857615 -10.598025
7.140823 -12.170405
12.026667 -15.765904
13.905251 -12.933854
6.697789 -14.150441
7.752147 -8.709068
6.590747 -8.520412
8.508844 -9.290646
4.686819 -9.652219
5.282072 -9.927168
8.732368 -13.343907
17.032578 -14.918351
18.026306 -14.434059
17.778849 -11.509973
15.298151 -6.768760
17.400002 -10.559727
16.442228 -9.130567
15.077497 -16.692610
9.551583 -17.879314
11.219913 -6.146474
12.364540 -7.603075
12.120761 -7.631442
13.584991 -7.438760
11.749098 -7.612574
1.863643 -8.937286
3.757180 -9.143241
6.645937 -8.455922
5.894655 -8.633615
6.007897 -9.186926
8.905608 -7.905324
3.672441 -7.594053
4.278231 -6.125340
2.350472 -6.100000
3.624943 -6.833545
1.992159 -5.255763
0.973178 -4.902680
0.276576 -8.101759
1.189557 -5.752296
3.758538 -4.819532
7.330518 -2.085265
0.684852 -1.012772
1.106474 -0.241198
1.231204 -2.361366
0.658655 -3.078065
0.633657 -6.670499
2.565454 -5.961002
3.197604 -4.001310
4.510837 -5.710126
5.430636 -4.122970
4.042273 -5.442046
2.734964 -5.533739
5.542376 -6.106324
4.874454 -5.826575
5.841653 -6.291459
8.085701 -8.604207
7.652158 -9.168378
8.500315 -8.386912
7.905250 -8.213954
8.022099 -7.897919
5.966585 -4.488361
4.707146 -5.972260
3.979318 -8.108382
6.748291 -10.293481
9.198574 -10.440892
9.059260 -12.717720
7.521439 -9.643418
11.887189 -5.831628
11.165081 -3.982563
11.373481 -6.529863
14.981720 -11.149173
11.286207 -12.869649
11.555322 -14.205508
11.119855 -13.201711
9.029222 -9.050760
9.035504 -9.923661
6.411243 -10.798625
7.292494 -12.583596
8.956778 -15.330366
6.528392 -9.659072
5.480150 -10.779899
10.970140 -14.049142
9.880666 -12.997832
10.118258 -14.009194
14.981790 -13.632714
16.143068 -10.464687
15.521466 -17.654398
16.455498 -15.984578
11.198165 -17.339096
10.024485 -15.385604
10.175792 -12.865993
7.721874 -15.536304
8.719089 -8.214060
7.958420 -8.357293
7.308439 -9.923879
6.039464 -12.571101
14.974297 -16.343868
7.128098 -11.558797
8.674957 -12.305032
15.315989 -11.891730
14.845835 -13.073976
11.434862 -7.083290
7.745818 -11.294166
4.845754 -9.946147
4.476306 -5.133914
5.169230 -4.045018
2.533487 -4.603791
2.192770 -9.123321
4.279001 -9.594796
4.359968 -6.559474
4.688171 -5.346389
5.364968 -4.793265
6.175320 -9.263773
12.343079 -6.653036
4.860222 -10.855109
8.063002 -8.776599
6.042711 -8.039451
6.619221 -10.364687
5.002145 -14.857982
9.203126 -15.550409
10.417164 -14.355952
12.208033 -15.896762
15.843410 -11.714819
15.525314 -10.667809
15.117199 -15.139819
11.895370 -13.016880
12.066153 -14.122951
6.413829 -14.173739
8.893338 -8.725165
6.836281 -8.216435
8.946280 -10.587793
6.212729 -8.975779
5.929265 -8.199870
8.553077 -7.893631
8.869598 -8.764479
7.307830 -10.477097
7.088893 -10.352818
6.231409 -8.085151
4.955583 -8.482397
5.001984 -8.095962
8.242617 -10.197820
9.087378 -15.326178
8.631717 -14.401156
8.021868 -11.397553
4.696873 -7.506320
5.944232 -8.016501
9.341908 -12.639857
6.417296 -10.961864
9.153213 -10.768179
5.396529 -6.911964
6.133264 -9.468476
6.954941 -10.593939
11.440815 -6.656455
15.468963 -7.395525
15.749729 -6.818273
11.160502 -6.963934
11.416381 -4.519405
7.641267 -8.706510
8.610393 -11.604518
10.516901 -19.426531
14.083966 -14.083519
13.444349 -13.622746
10.545612 -13.637655
7.189008 -13.752889
8.601406 -9.641147
5.043596 -10.149642
5.260535 -7.018258
5.830498 -7.693110
9.259707 -9.485121
9.178403 -9.922382
4.898733 -8.208817
4.472776 -6.311105
3.109143 -8.662616
5.546124 -8.131535
6.750969 -8.346892
8.006189 -10.172473
8.017090 -8.488921
8.484071 -8.336174
5.653162 -7.943858
7.495569 -9.070469
4.196002 -9.034531
5.603512 -8.824796
7.931190 -8.027436
7.134960 -11.595792
7.355601 -8.942920
4.578786 -8.546164
6.090717 -6.010397
1.297175 -5.938693
0.183206 -1.648802
1.790621 -1.240206
2.851919 1.682293
1.205060 1.395585
3.721940 1.573550
3.455214 1.943272
4.187859 2.281220
3.372142 1.191833
6.723161 2.670006
6.267045 1.634466
4.297559 1.890245
4.028564 1.641273
3.800785 1.883874
3.356467 1.399933
3.369612 1.193536
3.238756 1.663559
5.424016 1.681588
7.249950 -0.926291
7.497134 1.291173
5.433169 1.849705
3.925780 1.554657
7.865948 2.417275
6.295707 2.310875
7.315316 1.333440
7.480642 2.448443
6.051177 1.259446
1.093788 1.983124
0.352955 1.671795
0.831391 1.815381
1.141231 -1.226454
0.891881 -7.114207
1.826074 -6.836615
3.508589 -6.972868
3.339774 -6.761257
3.827389 -5.049266
4.115783 -6.134452
2.166398 -6.875762
4.611653 -5.667672
3.750222 -8.017305
6.920659 -8.228675
6.126821 -8.288089
5.703212 -4.025346
3.390875 1.716391
1.768034 1.867684
1.582005 2.111239
6.517691 1.230165
4.687873 2.261415
4.124291 1.863940
3.808063 2.312479
8.142494 1.446516
10.794905 2.498093
11.682043 -4.047698
4.000540 -5.347303
3.677503 -4.461356
2.070639 -4.698661
0.564553 -3.270587
7.163731 0.686342
7.080359 -1.936786
7.369900 -2.705808
3.147397 -4.310631
1.535238 -0.703693
-0.053610 0.481205
0.662624 -0.856948
1.618429 -1.315118
0.917837 -5.774955
3.669706 -5.993709
2.771745 -4.575069
4.710437 -5.874420
3.702739 -6.413117
3.867451 -5.684864
4.651456 -7.532584
2.373877 -6.411271
1.618335 -3.169008
0.898562 1.762349
0.928489 -2.090449
1.436826 -1.680154
1.747955 1.240548
5.663525 2.596295
8.923734 3.799865
9.905281 1.669924
10.582155 3.990693
7.857277 7.784304
9.131530 5.442751
9.119941 1.684599
10.142162 1.504452
7.906753 1.765766
7.084090 1.057531
9.166057 2.867166
9.009988 2.984548
9.429087 1.517777
11.309140 4.408488
13.176664 4.237866
12.756361 -0.156855
14.910353 2.042281
12.834003 2.724029
15.521534 2.291111
17.595503 -2.941569
