13.678843 0.759653
11.708965 2.464514
9.682240 5.777321
9.101156 5.232155
13.265722 2.692595
12.608621 1.814916
9.834722 1.629818
5.478222 1.547293
3.028614 1.480721
2.896176 1.471214
3.610251 1.236685
1.216461 1.353046
1.697230 -0.090742
1.516647 0.625402
1.517744 0.477931
1.812121 -1.667307
0.554501 -3.259267
2.321085 -4.274023
1.882819 -5.274464
2.061238 -5.178308
2.928876 -7.676394
3.620844 -7.935656
7.559932 -9.368124
8.010006 -8.055636
9.152918 -11.958855
4.619328 -12.387881
14.185123 -14.997653
14.676307 -11.683173
18.857956 -13.261577
17.703831 -12.368599
14.644104 -7.999267
16.537668 -8.196517
13.785195 -7.418621
11.592924 -6.794411
8.914221 -8.348386
5.635118 -7.894446
8.385249 -7.960250
3.669122 -5.969269
1.794232 -0.602329
6.940012 0.453380
9.912786 2.333465
8.855426 1.650195
6.982434 0.190284
11.335535 -3.834917
12.335581 -7.479666
7.378075 -9.292415
8.164510 -10.095650
14.978573 -12.774078
16.048904 -10.678678
4.857087 -14.305551
4.792695 -11.658727
10.599482 -13.618146
9.736298 -14.992411
8.776712 -12.334244
7.299211 -12.462827
7.946321 -13.238019
12.554450 -13.256965
12.585629 -12.843261
11.864657 -14.885865
15.048496 -13.923872
8.725029 -13.830290
9.059414 -8.387553
7.995354 -9.286269
6.609616 -10.240272
9.105309 -10.800173
8.979198 -8.611758
8.834604 -9.010283
4.471917 -8.271285
0.897664 -5.304807
5.302856 -4.434670
4.481180 -5.654944
1.486809 -7.520184
1.490878 -3.903825
1.785559 -4.769368
2.332366 -3.987170
1.272112 -2.458545
1.679441 -0.172317
3.906110 1.194987
4.983397 1.921670
6.428115 1.260531
6.559872 3.714271
7.305764 0.654576
7.115950 0.739160
7.531517 1.351564
8.698763 1.983938
8.450804 2.261807
9.783600 1.899456
11.820765 4.448363
7.368838 2.429427
5.011415 1.257474
0.952908 0.212038
1.681161 1.203676
1.283017 -0.626035
4.208029 1.196122
0.903396 -0.863351
0.254798 -0.324540
-0.330873 -1.711714
0.069893 -2.595798
0.257911 -0.807180
3.063116 -4.138903
4.014398 -4.464734
3.706822 -4.687034
6.404559 -9.316129
9.119078 -11.011758
9.116323 -12.239441
8.259357 -10.749066
7.256536 -11.707622
11.183701 -14.673288
9.103064 -14.474216
8.448758 -7.901951
5.593410 -8.666522
3.936983 -4.366043
4.525565 -4.530126
4.238495 -6.614735
7.069398 -10.800207
4.745485 -8.338988
4.592419 -8.537674
7.427064 -8.823709
8.629675 -9.524950
8.190993 -9.941563
8.530695 -11.651563
7.363460 -8.741939
8.184436 -9.772820
9.116228 -10.221734
7.293957 -9.304908
7.513295 -9.670999
8.707907 -11.905087
7.065262 -8.224519
7.784422 -8.021903
6.915430 -8.270867
9.024473 -8.480992
8.612280 -11.300505
13.390679 -14.028563
17.884527 -18.612528
15.226036 -10.298492
17.115406 -17.135309
12.796317 -7.819666
13.220409 -16.933832
11.403597 -14.421340
8.773586 -14.460919
10.233263 -15.764684
7.304607 -9.498239
7.229989 -11.781400
5.391231 -8.582223
6.776107 -9.012961
14.419009 -9.856056
16.911699 -12.365383
11.759912 -13.782670
13.392144 -15.176925
13.270378 -13.144389
19.019432 -11.809495
16.767097 -10.613122
17.309618 -7.935686
15.403033 -16.616051
13.067320 -13.276746
13.058952 -12.950040
9.336869 -12.891301
13.988150 -14.940331
16.208359 -10.636633
14.960299 -13.422265
8.356595 -8.013358
8.478455 -9.152548
8.307812 -8.279410
7.940459 -8.780648
4.416405 -7.603166
3.817743 -7.624866
7.641644 -9.966241
6.176704 -9.835159
6.583710 -10.455426
9.212343 -12.040142
7.114384 -8.364419
8.667044 -12.117621
14.883651 -6.697969
14.686612 -11.612525
13.815961 -15.770669
13.020501 -16.192638
9.905779 -14.174357
12.240304 -14.506137
7.223646 -14.142639
7.915257 -12.009990
6.437685 -7.942217
4.912404 -7.656782
7.872586 -9.174292
6.792257 -11.197312
6.255409 -8.968261
9.067204 -10.199861
5.134974 -7.123044
6.717329 -8.597157
14.483831 -8.286105
16.693256 -13.126299
8.704659 -9.170729
6.531469 -10.688759
7.472011 -10.087099
4.860012 -8.315408
7.467624 -10.606591
8.150098 -8.648755
14.589652 -12.613329
16.182978 -7.326030
14.543675 -8.669142
12.274691 -6.967155
11.925323 -6.739011
16.841516 -13.045426
18.005552 -15.218768
16.683243 -10.246787
11.387916 -4.425024
12.199398 1.283212
9.280011 1.333882
14.760519 -9.681164
14.836754 -7.882771
8.215241 -9.180354
6.931453 -9.721780
7.845015 -8.505851
8.698581 -10.311667
8.041633 -9.642976
8.014349 -9.313560
8.935022 -8.860648
7.826651 -10.902732
7.297514 -9.383128
11.322295 -13.277529
9.702270 -17.558065
15.950553 -14.207904
14.546583 -11.886605
14.798914 -11.171391
18.317348 -10.700491
15.106698 -9.299567
