19.596109 -18.347239
16.630831 -15.143073
14.668972 -11.080182
14.003105 -18.963522
2.634489 -9.445111
4.913543 -4.902695
5.025060 -4.082833
5.430387 -4.042632
3.723429 -4.155776
3.561212 -4.504643
3.283676 -4.923872
0.292660 -3.298722
1.444517 -2.000346
1.374824 -2.725935
1.093284 -5.200435
3.833859 -4.515472
3.235642 -5.432084
2.513286 -6.021132
1.268981 -7.170300
1.792540 -2.796849
-0.280868 -1.128539
1.468679 -0.077158
1.733539 -0.269640
1.305335 -1.382685
1.493540 -1.909289
-0.075393 -1.040703
1.362989 0.838779
2.193496 1.590107
2.822480 1.168769
5.159602 1.118212
2.780700 2.627689
2.302468 1.455997
3.959497 1.726874
6.651654 1.972269
3.942440 1.410006
5.238635 1.842914
5.134863 2.134438
2.217240 1.442227
1.123493 0.625075
1.537889 3.057182
4.000394 1.380110
0.789282 1.558561
1.235378 -0.708632
0.995216 0.545566
1.500243 0.487105
1.717225 -0.115071
1.153292 0.009625
1.568471 1.336592
2.218030 1.409100
0.895584 1.512941
3.121552 1.643177
0.611490 1.475930
1.084870 2.291582
1.811237 -0.314778
1.170008 -0.654386
-0.744873 0.808413
3.122501 1.835111
2.827708 1.171730
3.926297 2.680198
4.896831 1.657180
7.469985 3.387795
6.935449 0.595585
6.881431 -1.509374
7.418507 -2.623871
7.477717 -2.381156
7.331084 -2.043085
7.091554 -0.021093
7.251945 0.976853
4.709935 2.441131
3.920562 2.938653
5.141181 4.085050
3.053799 2.573193
6.445621 1.176441
10.648516 3.079840
10.855603 3.797521
13.055694 10.447149
12.204544 12.167662
