15.958780 7.658428
13.145049 3.338210
11.254461 1.720419
9.932737 1.564551
9.870058 1.383241
9.742677 1.304302
9.807888 1.481440
9.741916 1.352818
9.808336 1.526468
9.745595 1.373911
9.812304 1.546769
9.747639 1.383066
9.814468 1.555691
9.748626 1.387254
9.815498 1.559755
9.749085 1.389179
9.815978 1.561652
9.749297 1.390072
9.816195 1.562566
9.749394 1.390499
9.816298 1.563002
9.749441 1.390703
9.816347 1.563212
9.051569 -5.472890
8.909636 -6.445277
8.679374 -7.444322
8.831101 -7.695730
9.040961 -7.468756
9.285080 -7.906038
9.632467 -8.829438
10.006570 -10.869878
10.355934 -16.386248
