11.579687 -16.198627
10.515731 -10.767835
9.844484 -8.775815
9.391761 -7.923789
9.097322 -7.642199
9.141515 -5.907507
9.739090 1.323403
9.801210 1.510142
9.739111 1.323440
9.801231 1.510177
9.739173 1.323545
9.801294 1.510274
9.739377 1.323843
9.801498 1.510553
9.740052 1.324679
9.802173 1.511335
9.742384 1.326989
9.804489 1.513509
9.750768 1.333293
9.812778 1.519563
9.782051 1.350529
9.843526 1.536864
9.900147 1.393489
9.960780 1.582882
10.336393 1.486284
10.286473 1.308927
11.132133 1.389330
12.451326 2.799079
