12.950752 2.782341
11.060661 1.356121
9.845682 1.345506
9.908279 1.526204
9.782515 1.492369
9.718219 1.310662
9.832228 1.587730
9.767039 1.409645
9.737975 1.364753
9.803915 1.540287
9.772657 1.498800
9.707990 1.317895
9.834219 1.598618
9.768847 1.420516
9.740679 1.376585
9.806777 1.551780
9.775013 1.508357
9.710172 1.328207
9.838783 1.614505
9.773154 1.436332
8.773520 -6.021742
8.875013 -5.490699
8.761092 -5.755395
8.546082 -6.699567
8.187819 -7.686496
8.341108 -7.990114
8.370758 -7.936213
8.339341 -8.630076
8.045471 -10.362672
7.447288 -14.998934
