-10.419183 -2.830079
-8.824961 -8.235929
-8.880783 -8.131838
-8.824959 -8.235930
-8.880779 -8.131841
-8.824945 -8.235940
-8.880763 -8.131850
-8.824895 -8.235972
-8.880697 -8.131892
-8.824696 -8.236098
-8.880441 -8.132048
-8.823896 -8.236590
-8.879412 -8.132657
-8.820684 -8.238446
-8.875230 -8.134991
-8.807147 -8.244899
-8.857759 -8.143104
-8.745810 -8.261136
-8.779997 -8.162387
-8.417844 -8.222323
-8.368016 -8.112929
-8.190460 -8.138313
-8.199880 -8.192671
-8.161746 -8.151144
-8.183549 -8.199027
-8.158845 -8.152239
-8.181891 -8.199559
-8.158545 -8.152330
-8.181719 -8.199603
-8.158514 -8.152340
-8.181701 -8.199607
-8.158510 -8.152339
-8.181700 -8.199608
-8.158510 -8.152340
-8.181700 -8.199607
-8.158510 -8.152341
-8.181699 -8.199609
-8.158510 -8.152340
-8.181700 -8.199607
-7.558735 -6.962899
-6.395617 -7.302067
0.884202 -12.172411
5.091166 -16.282843
