-17.184416 -18.017715
-11.302342 -7.603643
-10.577665 -1.678878
-7.483209 -1.094727
-9.224445 -2.078773
-8.923939 4.859500
-8.398480 2.748192
-8.905771 5.866700
-9.451996 4.484759
-9.188028 4.910384
-10.361536 6.997607
-8.366855 8.001331
-7.516022 6.969177
-2.362081 6.835322
-2.400293 5.203006
-1.706640 4.422658
0.917453 2.869195
-0.325670 1.251712
-0.738514 1.956958
-1.013337 2.984272
-1.200768 1.604292
-1.032448 1.412898
-0.198094 1.562025
-1.399036 2.225174
-1.790960 3.036277
-1.610680 8.452402
-1.616238 8.102622
-3.455456 7.298169
-2.934562 6.513035
-3.140448 6.652600
-6.425573 7.219391
-4.793512 7.005892
-5.907435 8.378615
-2.973190 8.165698
-5.372332 6.856431
-4.669212 6.795784
-6.272229 6.776862
-4.198602 7.640165
-5.483294 6.588542
-6.659081 6.365535
-4.074606 6.369992
-4.600621 6.542883
-5.453349 7.665394
-8.246461 5.903356
-5.838976 8.024377
-7.822854 6.064863
-6.655870 8.953967
-6.551757 7.210682
-3.339356 6.840023
-1.262186 8.759290
0.365131 7.117505
2.891410 6.166637
3.366802 6.900601
3.909142 6.777332
6.928322 5.279199
9.498663 3.029052
12.785052 7.189298
16.540506 12.557563
12.486827 5.727099
9.890886 3.941224
9.763920 5.521389
7.737094 4.915461
8.966045 5.219049
7.712151 3.827631
9.125393 3.718296
5.676913 3.203765
6.169471 7.195510
6.117329 8.955464
5.438949 4.029966
5.473892 5.028796
5.211532 5.580868
5.385201 8.902123
5.164783 8.186633
4.678041 8.383159
2.760807 6.268946
6.947067 5.255675
8.071983 5.381055
11.872723 4.954057
8.342706 5.439845
8.645723 4.665728
8.814905 5.326396
9.321946 4.042730
7.454991 5.602245
8.189413 5.109180
7.718394 5.163080
6.899403 4.339563
5.524807 1.789333
9.551282 10.740173
6.377835 5.881429
8.031967 3.578564
9.342106 5.545192
6.595760 5.532984
4.797898 7.173969
4.015495 5.045716
8.043367 10.752583
10.076170 10.830029
11.216067 15.540441
6.392543 11.277520
12.010481 6.671431
12.197044 6.692379
13.869703 3.256074
9.748631 4.595489
11.038349 2.401946
12.605985 8.773976
11.696880 8.667511
5.302883 10.320889
9.166079 3.994518
8.136642 2.924587
5.978500 3.577359
5.591128 3.644391
4.200432 6.762863
7.917824 10.748389
10.409703 10.786584
11.748620 10.959443
12.609688 6.424572
9.433259 3.496610
9.341298 3.680936
10.028632 4.195564
7.958439 5.078895
7.266320 5.629544
6.333754 1.937899
5.712800 6.609126
5.329465 4.602801
7.552534 5.030952
7.669750 5.151046
10.060287 5.172492
8.873707 5.628971
9.974346 5.420254
6.041353 3.451901
5.488117 6.096270
5.658161 7.702330
4.213564 8.995605
4.975244 11.392565
8.694258 11.350187
4.351295 12.381444
9.379733 12.355483
5.262055 8.507444
4.808212 8.367836
5.362809 10.474297
3.141054 10.113000
5.638258 9.258481
5.942970 5.367195
8.614321 5.497917
8.725519 4.485314
4.888287 5.950428
4.141899 6.102138
1.076813 7.674310
3.855105 8.199433
2.512301 10.393373
-0.105723 10.644999
0.851483 10.672799
1.120473 9.280473
-1.121648 8.551927
0.926539 10.145600
0.925866 8.982413
0.863395 6.792856
1.744042 8.963014
3.898645 10.976187
8.961450 11.240770
7.515062 16.275473
