14.436276 16.987486
13.463175 11.529355
14.530467 12.442765
10.495344 12.428150
16.038572 10.187113
11.025658 4.771508
11.286629 3.213825
10.876100 4.157264
8.623714 1.949673
8.026389 4.113322
5.869028 5.863923
4.754654 11.039886
3.005834 7.699378
6.370922 9.597563
3.992929 6.523798
5.746851 6.377788
7.324596 4.414114
10.012018 3.432580
8.808589 2.724553
9.171365 5.534233
10.024502 3.945842
9.287306 5.117052
8.431646 2.810859
8.475776 4.260717
11.282181 4.822316
11.165300 4.445971
11.996365 6.660660
13.415758 10.325881
9.943382 12.866839
8.030587 11.205705
6.151373 8.125319
5.602180 6.862520
6.527146 6.086103
5.098044 5.456390
6.434260 9.364345
5.053782 9.416168
5.985116 7.028495
6.230634 7.506569
5.524086 5.898805
8.033619 5.146885
8.554619 5.308821
9.988443 4.460670
5.851963 4.587292
4.635316 6.324542
6.677310 2.131845
5.645761 3.333653
4.437325 3.660428
4.987929 6.897616
3.341347 4.644235
5.084289 8.363055
4.652241 7.337687
4.180953 3.629763
7.472520 5.549284
6.244359 4.808583
7.752266 4.945876
5.792815 6.427737
5.846782 7.954846
7.532586 3.967915
5.715820 5.065780
7.339482 10.680845
6.528865 9.286811
8.481385 11.376351
4.391559 8.832687
5.952906 12.577766
8.711679 12.000760
7.161328 10.709134
7.642371 10.938872
6.839634 12.156266
8.155831 10.793600
8.209482 11.282090
8.333080 12.487004
10.334343 11.543194
10.917705 10.782011
8.747943 12.069072
6.527074 10.730281
6.407239 7.341969
6.128168 4.923445
4.997142 6.787213
5.631695 8.696606
5.587002 6.701443
4.819790 8.449365
5.155732 9.669349
5.346835 7.258770
6.141812 7.082349
7.067009 3.318780
8.939905 3.686269
9.045162 3.669151
10.193001 5.193666
7.323217 4.389844
4.041001 6.209603
2.304904 6.877539
3.341405 7.683285
3.533816 7.465576
4.414521 7.869220
6.518882 7.081762
11.956562 7.384068
13.069596 8.434020
8.751777 11.791439
10.595426 12.564839
11.749294 10.239356
9.448931 3.775947
9.121421 4.984387
7.699521 4.559451
10.160347 4.177698
8.631016 2.911860
5.621696 2.396638
10.511247 4.150243
6.618312 3.054799
6.191492 4.403958
9.113627 5.603172
7.601862 1.487826
4.832059 6.812013
4.396565 10.329226
7.032155 11.218339
7.807107 10.816630
6.329223 6.097425
8.191989 4.989091
7.643588 4.848497
9.318998 4.982790
8.182126 5.329713
8.378731 4.906162
11.689453 5.532793
12.706906 7.635041
12.171476 7.489541
12.132673 5.764195
11.769152 7.011623
8.531225 3.722068
8.200453 5.055061
6.051476 3.184799
6.344876 3.041355
7.338995 4.840387
5.856860 4.635439
6.319586 6.613120
5.894105 6.206735
6.828876 4.209152
8.765438 4.983108
8.768669 5.395422
9.121366 4.013788
11.414557 5.156672
12.008890 7.084648
12.459700 7.228915
12.024734 7.214055
11.853992 6.105351
13.262280 5.957543
8.631823 4.957541
8.108952 2.884362
8.073638 4.917072
9.236192 4.792150
8.551626 3.385009
6.186782 5.783462
5.268918 6.558935
7.080843 5.181461
10.330311 5.044606
13.699505 4.451958
12.232249 9.400714
12.283204 7.082134
11.858270 8.699456
10.247612 5.405237
7.046517 5.440512
6.360616 9.016167
9.765372 10.848634
7.545064 13.197440
11.109324 11.350553
11.729115 11.058164
12.390863 5.407084
10.321707 5.104851
6.156901 5.612131
5.058363 7.963359
4.873566 8.948323
5.467831 6.374441
5.289552 6.682894
6.204985 6.008689
5.324747 5.136797
5.330196 7.562512
6.386547 9.517513
1.705190 7.765459
5.537954 6.947325
4.109130 7.127929
7.510712 3.213851
9.097909 5.453499
11.346654 4.948831
11.780240 3.068110
13.310278 9.504106
14.533019 7.246312
13.827252 6.647012
13.291504 6.250885
11.215642 3.794050
9.805433 3.398259
7.076003 1.583918
7.251126 0.939872
5.479831 0.069956
7.380952 -1.442683
7.473742 0.498523
7.179506 -1.300166
7.015183 -0.597475
5.185569 -2.102112
5.478130 -4.753513
3.835532 -2.592980
0.561938 -5.501786
0.166557 -8.009251
-0.850655 -9.646738
-4.547032 -13.626557
