-17.325344 -11.964266
-9.879130 -9.859893
-5.555764 -7.208836
-2.689417 -4.950183
1.870079 -6.922128
3.489240 -7.992074
4.394071 -6.237137
4.860576 -6.090637
1.928272 -7.948937
2.282502 -11.049197
1.299238 -9.248923
2.826042 -9.871717
1.857161 -6.919025
5.639586 -7.744009
3.880350 -6.478992
6.285484 -5.058845
5.976236 -4.620881
4.965760 -7.380215
2.181931 -7.689407
7.125695 -8.178185
6.518801 -6.955211
8.023607 -8.333629
8.025720 -8.148981
6.632806 -7.136079
7.494812 -7.770918
7.687788 -8.101052
7.992384 -7.292036
8.288058 -7.017066
2.317972 -8.181232
1.788824 -4.873125
4.893863 -2.748574
5.051356 -4.400211
6.078694 -3.854538
4.598610 -6.126983
4.971817 -4.726401
5.938505 -2.776575
2.414997 -3.713566
6.951548 -1.199728
12.647512 1.482500
10.803301 1.928829
13.361025 1.995720
12.683374 -0.515434
1.410281 -5.038346
2.850890 -6.524849
6.421245 -7.774577
5.698663 -7.863742
4.747562 -6.999624
4.892452 -5.122242
3.496125 -3.873966
5.343023 -1.486993
6.838926 2.201320
6.993479 1.745617
10.228253 2.643833
10.146997 1.907804
11.071311 1.376963
10.338056 1.643518
7.698139 5.393250
7.398538 0.998523
7.594043 2.040557
10.511865 2.133857
9.978889 1.299005
11.204680 3.847131
9.898737 1.268884
10.826499 2.593704
13.776427 0.572924
15.083728 -2.522811
15.206452 -1.576906
14.172145 -2.923431
16.985958 -1.802052
11.220188 2.453722
10.955722 3.789425
8.372540 2.451805
11.110518 3.282713
8.707540 1.972539
11.073445 2.185654
9.180181 1.729997
9.940478 2.720583
9.955093 1.578980
10.240883 3.420075
6.905851 1.886620
6.943108 0.400243
7.930003 2.804231
8.582256 2.516767
6.524783 0.862858
6.578809 -0.662664
7.187198 -0.059525
7.505512 1.861553
6.794745 0.746265
6.403959 2.513084
9.785211 2.546150
9.410977 2.506181
7.712613 1.568016
8.865364 2.824956
8.234454 3.025044
11.063071 3.726887
10.878985 2.783092
13.840372 1.691779
13.366605 -1.438998
13.084652 -5.496754
9.288566 -8.298354
9.543655 -6.835573
6.334225 -8.001861
5.467348 -6.137117
6.574075 2.134415
10.906912 2.961519
9.731478 1.895124
8.295950 4.833045
6.543745 0.402004
6.771988 0.357876
7.641204 1.813640
11.691129 3.550380
8.287880 1.522903
5.817673 -1.129691
5.487015 -0.211247
5.340687 0.225865
6.340491 0.387734
6.560959 0.339193
6.630430 0.830822
6.573335 1.492439
7.418054 0.350508
4.398358 -0.334349
5.617136 -4.426986
3.868975 -3.811924
6.290335 -3.251322
4.198051 -5.016955
5.607076 -2.898785
7.285994 0.098542
7.387991 -1.083034
7.000868 -0.225923
5.720557 -0.562263
6.401909 -2.383981
7.774972 -8.051845
9.950954 -7.476581
8.418503 -8.575442
8.252435 -10.674265
8.219154 -9.412924
10.810911 -10.589716
10.433676 -12.157734
3.847696 -14.846251
5.278031 -13.494099
4.811311 -13.219336
7.716117 -7.819079
9.286397 -9.923799
5.574241 -7.862276
4.680505 -6.847341
5.229360 -6.833577
10.542829 -6.743117
7.653372 -6.967681
7.530109 -7.519342
8.818751 -8.709397
9.586676 -7.174627
6.209656 -7.886269
6.232347 -5.098364
5.061007 -6.706620
7.864764 -7.081729
7.844372 -6.765217
9.455066 -9.914618
7.285740 -6.740199
9.985543 -9.327409
11.136138 -7.148214
7.698497 -7.356246
7.996555 -7.575910
7.927787 -7.476313
9.825193 -6.775388
10.170048 -9.602611
8.380924 -8.657243
8.059173 -8.759637
8.853998 -10.815269
8.581465 -12.801793
9.202691 -10.061869
9.424044 -6.972501
7.366437 -7.175364
6.328010 -7.157913
4.992197 -5.094422
6.184617 -5.989321
5.768725 -4.247465
5.809599 -8.021073
4.141636 -6.688472
4.340666 -4.913085
4.279232 -6.840953
9.946967 -7.582327
9.462889 -9.855844
9.559702 -8.211925
9.293313 -8.894444
8.771427 -8.672918
9.998632 -9.515285
8.716089 -8.908811
15.013323 -4.266323
