15.901804 10.664665
12.800816 11.500203
10.914559 11.346534
11.098869 14.060201
17.211075 9.437591
9.486656 2.823596
11.129351 4.335050
10.753476 4.191300
12.604703 4.499814
10.576162 4.695887
9.260135 2.812639
8.406495 5.620936
7.415151 4.762195
8.399215 5.455287
7.119538 4.433047
6.081367 5.784541
6.219355 5.874204
6.474756 6.816427
4.280698 3.984268
6.913437 3.326590
7.566777 4.041027
4.414015 6.244915
4.616542 8.297344
4.973878 4.683467
4.743860 4.442503
6.079164 6.121015
6.773911 3.565185
7.174677 5.075283
4.847031 1.857207
4.184341 1.229199
8.502641 5.213595
9.415526 2.741659
11.280918 3.561306
11.183460 5.343452
8.792595 3.343337
10.829659 4.954422
12.563848 7.783487
11.944728 9.864347
12.336023 6.228360
10.114626 3.292006
9.558705 5.128673
7.533835 4.795625
7.522553 4.818846
6.816273 4.402093
5.394475 7.222954
6.137210 7.611587
9.255203 4.686112
8.135781 4.386789
10.381058 4.597371
7.810498 5.377732
9.939610 13.361955
6.487953 10.858578
7.948067 12.695117
8.699902 12.050710
7.883655 12.864022
5.320013 11.444807
8.305490 4.502575
7.285089 5.568926
5.762351 2.787179
11.976394 8.287975
11.800085 8.668896
12.578883 7.519981
10.607248 2.982603
8.992502 4.775668
9.305008 5.295757
10.754225 1.768419
13.022406 8.965302
13.725863 11.041311
10.432898 11.713958
10.062355 11.752359
9.827858 12.463302
11.340187 16.849972
7.625669 13.285621
4.952535 11.528354
5.742134 7.282431
6.212379 6.026211
5.069927 3.548766
9.045666 4.836901
9.163878 5.533060
5.325406 5.033574
5.903048 7.718711
4.153568 7.085005
4.247393 7.466111
5.047889 6.720185
4.629488 6.301585
6.166934 6.888370
6.338309 5.916608
6.091739 8.240958
6.870805 5.077765
9.578774 5.625947
7.818063 5.209696
10.200296 5.492237
7.407627 5.646797
7.226817 4.505548
10.123154 5.395108
12.886366 4.276653
7.951003 5.349991
10.634781 4.595316
8.785669 3.664317
4.658649 1.975357
6.416736 5.326724
4.636515 9.088052
7.269041 11.612622
4.439578 10.073705
6.084387 8.035810
6.407440 11.121226
4.812493 10.177635
5.190351 7.286225
5.339572 6.785992
6.065820 9.951213
4.436595 7.917609
5.873633 11.646676
5.919113 9.100490
3.115073 8.804238
5.175885 4.736096
7.150478 5.483283
7.668491 3.548735
5.959903 5.251983
6.412729 6.163659
5.631539 7.436676
6.327955 6.156746
6.675768 4.931869
9.160961 1.332171
7.318579 4.521714
8.934969 4.909686
8.360345 2.757596
9.714307 2.897397
7.824863 3.330801
6.531920 1.706785
9.787073 4.001175
10.248384 4.422374
7.744945 4.441738
11.611381 9.701583
11.645353 9.680776
8.467732 12.824284
7.315441 5.332643
7.093134 3.959558
7.596339 3.484072
7.609309 3.942090
7.277631 4.442065
6.705964 4.072481
8.817103 3.466405
7.851406 3.012925
14.342051 7.013857
11.650725 2.895005
11.437387 4.949874
9.778735 4.994351
7.835834 4.632735
5.545574 4.357742
8.629963 3.445845
9.266894 2.798165
9.144344 5.519136
6.354725 3.665635
9.488326 3.707430
9.264046 2.274610
9.037054 3.569140
8.883930 3.790380
13.253217 3.905545
15.581669 5.333467
12.489424 9.410826
12.093770 10.039307
12.633554 12.331479
8.714100 11.812719
10.922802 11.175166
10.539333 11.505849
6.822417 11.086624
10.299840 11.112416
13.755446 10.639123
11.608088 8.915009
11.987450 7.529933
13.275841 12.573755
12.862276 10.454481
10.143491 11.012910
9.997362 11.904259
11.553682 8.649610
11.970587 5.980175
12.845606 6.300735
12.782414 6.792606
13.714603 8.704196
11.783082 9.219937
12.966273 6.102063
11.279032 4.784731
9.963471 4.732987
8.336010 3.906636
6.662941 4.329101
8.661299 3.807493
8.815447 4.057580
9.432088 2.310197
10.408517 3.013762
10.081648 5.266460
7.521259 3.805159
12.357992 5.430295
12.660359 9.430577
13.329381 9.152823
13.900348 6.579831
11.819607 7.565296
8.723693 5.221952
9.389357 5.006902
8.492147 4.479330
5.969007 3.094372
8.342465 4.662695
6.316486 4.022092
8.620708 5.633608
10.303942 4.463919
8.537150 2.464297
11.292008 4.520957
9.835238 5.324814
6.420067 8.078227
4.547482 11.098897
7.467020 11.880610
9.188250 12.840468
11.558166 9.840118
12.615020 8.996922
13.499493 9.058663
12.340620 6.199363
10.830111 2.901459
8.750612 5.632246
8.623285 4.521749
8.507210 4.618117
5.048863 4.020187
8.121561 5.360796
5.392875 6.450194
5.959037 7.212179
6.387846 6.848658
5.098314 8.253935
4.025422 9.014658
6.457415 10.233151
5.738838 7.549131
5.818098 11.644299
6.184214 6.127261
6.592011 4.391371
2.523575 5.167027
-0.822482 5.411232
-1.772767 5.781971
-2.294802 5.444093
-2.028818 3.352411
-2.518984 6.627595
-4.544523 6.489064
-4.843939 6.639192
-1.406080 8.245786
-1.538873 5.690936
0.807781 3.816372
-0.051471 3.773680
-2.267111 4.814244
-2.547308 6.820723
-3.779687 8.734587
-5.211145 6.829526
-9.721852 6.731997
-9.934554 3.098026
