-6.717518 12.745875
-8.273757 8.627495
-7.489045 8.202847
-7.489471 8.202609
-7.490333 8.202079
-7.492059 8.200877
-7.495493 8.198106
-7.502247 8.191577
-7.515300 8.175894
-7.539614 8.137593
-7.580918 8.042461
-7.643159 7.799963
-7.726456 7.170509
-7.919140 7.025163
-7.787458 6.772831
-7.935995 6.590382
-7.703065 6.928188
-7.858566 6.753714
-7.642880 7.004306
-7.799320 6.831218
-7.922989 6.699597
-7.765893 6.872534
-7.905657 6.721598
-7.748600 6.893827
-7.895992 6.733813
-7.739060 6.905609
-7.890471 6.740786
-7.733418 6.912598
-7.887207 6.744901
-7.730066 6.916742
-7.885361 6.747260
-7.728124 6.919158
-7.884283 6.748636
-7.726994 6.920562
-12.573846 3.413394
-18.166382 -1.297686
