-13.838014 -3.081694
-9.678974 -3.459469
-6.764070 -3.659327
-3.918304 -2.929070
-1.327292 -1.891362
0.007280 -1.351934
0.959809 -1.129804
1.497883 0.296456
1.137531 0.224687
1.807657 0.436539
1.430811 0.364506
1.288442 0.344113
1.661291 0.427086
1.468665 0.397518
1.109518 0.303891
1.791665 0.438204
1.415278 0.364214
1.276083 0.340534
1.647938 0.424168
1.458419 0.394552
1.099863 0.300992
1.784674 0.436928
1.408419 0.362404
1.270540 0.338843
1.642025 0.422810
6.891263 0.949112
6.970564 0.880047
7.084161 0.649930
7.467285 0.302832
8.319423 -0.145652
9.530894 -0.889766
10.565536 -0.732621
11.185710 -0.508889
11.656280 -2.022620
16.209181 -4.349238
