-19.852886 13.951628
-9.279486 11.303069
-5.162884 9.899679
-2.839340 9.280590
-1.256623 8.982087
-1.171714 8.141802
-1.637485 8.029382
-0.746634 6.590806
-0.766923 5.664942
-0.395448 5.392432
0.238310 4.972657
1.655421 5.084586
1.882628 5.523098
2.931657 5.584646
2.788203 5.402203
3.409360 5.651035
3.272316 5.496658
3.760690 5.855883
3.654376 5.733366
3.861510 5.567517
3.671723 5.250177
3.831370 5.636130
3.681668 5.349850
3.552707 5.345193
3.777563 5.697080
3.649913 5.397344
3.529620 5.381415
3.769356 5.721389
3.648190 5.417420
3.530297 5.398036
3.771824 5.733118
3.652460 5.427686
3.535430 5.407069
3.775764 5.739826
3.656917 5.433825
3.540256 5.412680
4.330525 7.852515
4.432529 9.137479
6.252411 10.236371
9.142094 11.848758
16.515278 15.341790
