16.048828 2.269392
12.021087 -0.563033
9.013793 -8.458853
9.105989 -8.078379
9.304031 -7.820054
9.114300 -8.355227
9.064257 -8.624257
9.114369 -8.348766
9.063142 -8.616165
9.114487 -8.337687
9.061237 -8.602368
9.114886 -8.318612
9.057767 -8.579173
9.115522 -8.286136
9.050352 -8.540163
9.114849 -8.231140
9.026737 -8.478229
9.098581 -8.144792
8.921578 -8.398124
8.996424 -8.005538
8.666880 -7.828166
8.622754 -8.323343
6.880310 -8.340747
6.653382 -8.017410
5.262383 -7.662899
3.860307 -9.056827
2.118129 -11.469819
-0.689492 -16.645304
