-16.569895 -0.922462
-10.877800 1.689996
-8.449678 2.591613
-8.366501 1.595269
-8.389734 1.506427
-8.263061 1.281407
-8.273842 1.271947
-8.188331 1.205119
-8.201966 1.208073
-8.578938 1.343747
-8.733625 1.418726
-8.255780 1.287400
-8.424097 1.322743
-8.413257 1.323174
-8.260356 1.241339
-8.267246 1.242830
-8.605492 1.359042
-8.196720 1.201970
-8.576469 1.342018
-8.731399 1.417122
-6.631150 0.851287
-5.141055 0.287627
-4.326347 0.260971
-3.541247 0.484357
-2.784031 0.296593
-2.920297 1.412249
-2.012980 2.584589
2.042462 5.730782
4.013093 5.616570
3.875849 5.363547
4.000669 5.465174
4.071715 5.889485
4.154636 5.840332
3.944268 5.333188
3.771375 5.132942
3.924227 5.305033
4.015837 5.803882
4.117459 5.776861
3.905270 5.275370
3.727763 5.082310
3.896685 5.269725
3.997911 5.784086
4.106544 5.761972
3.894183 5.261884
3.715977 5.070207
3.889197 5.261302
3.993170 5.779296
4.103704 5.758340
3.891314 5.258586
3.712968 5.067236
3.887297 5.259226
3.991973 5.778111
4.520974 7.130462
5.001542 8.120932
5.977537 9.545126
8.099570 12.066461
13.982317 18.013529
