-15.288541 -10.625499
-12.493355 -8.913915
-10.973724 -9.213474
-6.828689 -9.313848
-6.464537 -5.937214
-3.488596 -1.960901
-0.184193 -1.054202
2.606934 4.316805
3.267429 3.557818
3.271560 5.218480
5.369584 3.962287
6.416130 6.685537
5.405918 8.304157
3.456623 8.190733
5.326463 7.714217
6.381892 6.331880
3.187044 6.467926
7.652581 4.684457
8.473453 4.627018
9.281257 4.493856
8.367529 3.898964
9.344172 5.058627
8.437513 4.855723
7.426440 3.969526
6.754115 4.371619
8.962835 4.160176
7.027161 1.571598
5.920626 6.481451
5.879228 12.757867
10.667645 12.444861
11.472013 13.440686
