16.660931 -18.725468
8.834464 -13.070258
9.569587 -9.943466
7.916639 -10.341141
8.898776 -11.419527
9.293497 -9.817361
11.929867 -10.929713
6.707167 -14.336696
-1.150693 -12.590663
2.387501 -13.436976
0.856339 -10.842425
2.825844 -8.125433
1.203392 -9.878947
2.860409 -14.339839
5.203966 -16.134214
6.006662 -15.506307
2.202215 -13.087355
1.446294 -12.790614
0.209559 -12.447476
-1.733035 -11.525744
0.271321 -10.864796
2.457342 -10.831860
2.751564 -7.901883
3.360312 -5.788997
3.268248 -7.568834
3.306076 -7.546118
1.245511 -10.481736
-1.073513 -13.729849
