-18.479160 -2.696922
-13.927209 -4.811057
-14.952776 -0.154657
-13.551075 -3.751312
-13.571140 -2.356710
-10.454681 -1.182863
-9.143378 4.706477
-8.218445 4.754326
-8.996559 1.738526
-8.777222 4.353549
-8.777635 5.267881
-7.487150 8.463097
-8.551775 7.001567
-8.728100 2.041805
-10.098572 2.070092
-9.005877 3.291893
-9.979533 4.144068
-12.234501 3.635181
-8.856082 0.986327
-7.339699 0.715150
-4.675251 0.835022
-3.519761 -1.256195
-2.955668 -0.028939
-5.592025 -1.260247
-6.452707 0.463543
-5.082180 -2.375363
-7.480973 -5.414795
-6.879508 -6.912745
-6.976002 -7.217484
-6.078698 -5.459385
-7.993369 -1.779316
-11.450043 -2.756329
-11.503174 -2.772444
-12.616806 -2.924147
-14.748772 0.567519
-15.114809 -6.483144
-14.122124 -7.761529
-17.246021 -7.972722
-14.150509 -3.674852
-16.836639 -3.550558
-14.534186 -3.891202
-17.626295 -4.383344
-12.918871 -8.731282
-9.120923 -8.210450
-13.276445 -7.455508
-13.016221 -2.929473
-8.355616 -0.500234
-11.385113 -1.381541
-8.455746 -2.579329
-6.162457 -5.714163
-7.633894 -6.651720
-6.638541 -5.105279
-6.765797 -4.239775
-6.813146 -6.882287
-5.395491 -3.367207
-9.520393 -2.357275
-5.490281 -1.348253
-7.192185 -4.564166
-5.201573 -8.090550
-5.588069 -8.988308
-4.886497 -7.609591
-9.510456 -8.401190
-8.300956 -9.442307
-8.339079 -8.673948
-7.486823 -10.646151
-9.708274 -8.824656
-6.661416 -9.690112
-7.305919 -7.116301
-5.298749 -7.503398
-8.084751 -8.438947
-12.464584 -8.700492
-9.043390 -8.129721
-6.806675 -9.602073
-6.743262 -7.141056
-7.513859 -4.318653
-7.631844 -4.667680
-7.639000 -4.575174
-6.892358 -5.283422
-8.183733 -2.215847
-6.897778 -1.990243
-7.394122 -2.893045
-9.290006 -2.357751
-8.167217 -2.178683
-10.602125 -1.747893
-12.645819 -2.037887
-14.971781 -4.667929
-14.167650 -8.475753
-11.573484 -8.878421
-9.542870 -8.151897
-9.825584 -8.441398
-9.409510 -9.247507
-6.887761 -9.309818
-6.489243 -13.054788
-2.706770 -13.659556
