17.259691 5.208099
15.328778 10.522019
13.065729 10.202300
11.482925 11.199736
12.584789 9.483050
3.853081 9.509767
6.132348 8.537722
6.191276 12.490938
7.056561 10.774395
8.914965 11.063110
9.356589 11.188367
5.976915 7.322346
5.794105 8.085877
5.344309 6.902279
5.959239 7.447467
4.321605 6.669384
6.041195 8.126245
2.041857 8.711135
3.856319 5.492497
7.365409 5.478742
9.202258 5.013246
9.085891 4.030074
7.822286 3.274426
9.204730 3.485927
11.181381 2.526478
8.704846 3.436455
9.711360 5.100003
10.659186 2.812248
13.766739 3.500634
11.582512 2.705365
15.173720 3.691271
17.998543 5.149134
15.453800 7.294733
16.323553 5.792276
15.819453 8.080658
15.594733 4.328140
15.327208 1.875081
13.516177 0.653723
13.656221 0.631428
8.794450 4.312173
8.413748 5.306270
9.544668 4.987205
8.272604 4.826274
10.936564 10.783796
12.453638 13.496723
13.023615 9.391467
11.315646 10.661506
11.266385 12.521556
11.943732 9.318518
17.627022 5.439464
14.177525 12.426227
11.562783 9.456870
4.431148 4.662714
7.924082 3.919333
9.722944 5.467580
11.635344 10.056116
7.656772 4.287131
7.781806 4.653727
7.970108 5.482206
7.617980 4.801279
8.434223 3.387277
9.593531 4.956729
9.238035 5.543983
9.417497 5.461793
8.924855 5.343596
7.256982 4.032461
6.737790 3.469869
7.267727 5.491172
5.629887 5.554216
6.362914 7.175808
5.680747 8.279698
6.462949 8.824093
5.630379 9.242602
6.281974 4.598096
5.068050 7.193955
5.153897 9.795627
9.755588 12.981601
7.595735 11.446321
5.147453 12.033705
4.349455 10.848586
4.693604 11.447188
5.776554 8.386460
4.719141 6.667068
-6.885794 7.202968
-14.114457 8.062907
