14.843157 -14.870755
15.790147 -14.776811
12.429412 -13.006433
9.189289 -13.588560
9.206426 -12.428386
10.174841 -11.233712
8.919569 -11.949798
12.784809 -7.649620
9.807461 -11.253949
11.609128 -12.221980
9.688828 -9.959065
8.040131 -10.778697
8.994655 -6.025035
3.243535 -7.976351
3.163467 -5.488105
4.166789 -5.408899
0.389088 -10.713627
2.466933 -10.574333
1.475843 -10.676712
2.617344 -9.918567
1.286483 -10.058905
2.084849 -10.286469
2.246678 -11.460412
2.324409 -9.237274
5.681815 -6.318607
5.144540 -7.906268
5.459092 -7.942407
6.033533 -6.457329
5.787694 -7.322895
4.232726 -7.931102
7.848373 -10.511849
8.926203 -12.687277
8.174516 -9.014387
7.713675 -7.675841
2.324849 -6.202402
0.664928 -7.533125
2.838722 -11.386514
1.885080 -9.760617
9.015765 -10.517708
10.395274 -10.671586
9.226389 -8.949575
5.404669 -8.040664
3.352403 -8.150981
0.048370 -11.861001
2.089740 -10.669971
8.480528 -7.760458
9.849232 -8.523242
5.963297 -7.687004
3.984802 -5.119223
9.639158 -9.562282
8.575836 -10.638739
9.280979 -12.091098
8.126575 -9.056544
10.398943 -11.400914
8.858867 -6.985384
7.651366 -8.141944
7.872428 -10.154550
8.469746 -13.211331
8.587501 -12.690112
8.433603 -11.681418
3.838786 -15.133208
3.439847 -13.635493
4.416489 -14.633048
6.647464 -13.372453
3.550002 -13.240442
4.516143 -15.409431
10.311816 -12.846580
8.305708 -11.862453
9.165121 -11.479741
7.372687 -6.753835
5.752059 -8.069415
5.317682 -8.079745
7.049335 -7.771991
9.553949 -8.582120
13.691968 -13.524183
9.366240 -9.018044
6.165334 -7.094713
-3.001560 1.714247
-2.755929 5.020696
-2.647063 6.554836
-4.485399 7.144066
-7.171698 8.490726
-8.273167 7.276465
-2.457130 5.910515
-5.837403 6.174642
-5.551012 8.070177
-8.913471 9.232040
-11.017137 17.023424
