0.103232 15.529139
2.156747 11.275071
0.100762 8.096543
2.964848 5.418956
2.546436 4.445198
5.493811 1.799138
5.333905 -1.011429
5.222822 -1.518943
4.537344 -2.605640
4.008000 -2.320864
4.570617 -0.445834
5.472238 -3.675151
5.052782 -2.069842
1.976729 -4.130595
6.744879 -7.163253
7.701993 -5.298057
7.215560 -6.792343
9.140303 -6.163412
8.864656 -9.267270
10.451649 -6.259499
7.809739 -5.244024
3.871129 -7.867388
4.956311 -3.262181
5.170432 -1.566726
3.700696 -2.995771
3.596019 -5.291785
4.916020 -5.453047
5.415756 -2.911538
2.553480 -5.039665
3.624457 -6.144396
11.410690 0.039421
10.368685 0.020127
9.791128 0.884956
7.826085 1.618592
7.746613 0.604407
5.119257 -5.419302
5.569246 -7.642560
4.954176 -2.793606
8.642988 -7.871088
9.166867 -6.182424
9.004602 0.834329
6.962165 0.258388
9.260660 1.115646
11.253644 1.647651
10.905018 0.650420
8.667385 0.179985
9.230119 3.197296
7.920213 0.523471
5.651388 0.730185
6.036625 -0.166965
5.633369 1.868981
4.737970 0.900799
3.863003 -0.551641
5.079785 -2.638954
4.594698 -3.563427
4.006404 -4.796535
4.952271 -4.214846
4.910579 -1.845328
5.068859 -0.097474
4.276314 0.312207
8.925084 0.033373
8.186992 0.192915
10.869456 1.220161
7.298863 1.458681
4.803307 3.035764
8.494378 0.062516
9.306507 -0.046305
9.028791 1.307220
8.072723 1.293724
12.888049 -0.098230
14.214493 0.856139
11.192071 -0.723709
10.842683 -3.138301
11.002748 -1.373179
10.669657 -1.033497
11.479805 -0.642273
9.299206 0.697581
6.980772 0.533661
5.091538 -0.394765
4.686090 -1.031530
5.224200 -2.408849
4.725835 -3.081944
4.992962 -1.465975
5.136811 -3.191704
4.128724 -4.383379
4.459368 -5.032138
3.625205 -3.886271
5.038717 -1.401975
4.931751 -2.973290
5.211287 -0.728626
5.151599 -0.802117
5.011416 -1.297420
4.685040 -2.408810
6.598617 -5.248895
5.962097 -6.916203
7.640195 -6.224045
8.997027 -8.524459
12.768610 -6.814528
6.047725 -7.006520
7.289915 -6.952038
5.211720 -7.357386
3.327253 -2.431654
2.390754 -2.569766
4.276545 -1.574456
4.466038 -0.499425
4.576634 -1.035785
4.983299 0.583466
6.235052 -0.025643
6.579482 0.731561
6.353337 -0.151649
3.778452 0.432708
4.782292 -1.281100
5.086732 -3.089802
4.842125 -1.693823
5.400546 -1.896139
3.146777 -0.645124
6.722036 0.816164
7.753574 0.614131
8.366433 1.563566
6.428677 0.225640
5.639615 0.301631
5.016924 0.884056
5.197496 0.740881
7.174496 0.269215
8.600641 1.061892
9.259354 0.789467
8.745008 0.209928
11.915863 2.184316
10.850348 -1.084061
11.242250 -1.302979
11.560270 -1.946571
10.865878 -1.748502
12.984383 -0.173972
13.152178 -0.133266
11.315745 -0.223314
11.811510 3.788516
11.476581 1.822474
10.617786 -0.387487
10.793200 -0.617232
10.392611 0.050797
12.979019 -12.722228
9.990088 -8.864143
11.531606 -6.642520
11.264835 -3.571197
9.556778 -0.069707
6.973269 0.066475
5.790109 0.766023
5.998238 0.240589
4.446527 -0.488203
5.496747 0.481726
6.571314 0.191964
7.162356 0.287473
7.751657 0.354822
5.756637 1.412945
2.394832 -3.245673
4.205743 -2.849983
4.130547 -0.574263
9.635470 1.358543
7.939466 1.578169
7.715604 3.672330
10.432476 0.940421
10.405134 2.717441
10.034373 0.755348
7.713111 0.091032
6.897733 1.224308
8.408807 0.058559
5.348682 -2.602447
4.789547 0.272408
5.587617 -0.192570
7.393078 -0.176166
6.564440 -0.035736
5.376178 -1.569239
4.963962 0.143538
6.204862 1.526725
6.847609 0.952645
10.689427 -2.668728
8.397240 -5.314568
6.877086 -6.975499
6.635755 -6.584188
7.971688 -7.230186
10.519856 -7.383706
10.110266 -5.451048
9.457002 -6.546984
8.660729 -7.014873
10.298567 -6.448164
11.946392 -10.388602
10.357832 -10.548542
