-9.734108 -4.783221
-6.461031 -6.951860
-4.624146 -7.539482
8.162584 -0.514560
8.328129 -0.958367
9.181795 -2.018577
12.628407 -1.972187
14.238982 -2.411910
12.708575 -3.873510
15.269207 -1.551501
11.336127 -1.835667
5.932310 -2.326846
6.555526 -1.100079
6.945036 -2.802984
8.905746 1.739690
8.759938 3.928365
12.811939 3.926662
6.244042 -2.734434
9.547941 -2.307671
10.346645 -1.985207
10.761972 -1.853830
12.755082 -1.869482
11.422899 -5.736266
16.644316 -8.329024
14.573035 3.371635
14.744833 -0.556191
7.904129 1.326097
7.961834 0.490149
7.884705 0.813674
6.826955 -0.105026
8.263256 -0.322901
8.539564 -1.447428
10.038063 -2.720370
9.181826 -2.119917
10.935532 -2.199360
16.399216 -7.214608
13.226133 -5.774842
12.756708 -6.752728
12.276790 -3.849291
9.916369 -10.048759
9.123952 -8.179465
7.956252 -1.796231
10.351057 -2.123870
8.898638 0.753556
8.210796 0.639657
8.092657 3.057745
8.562939 0.683980
9.019679 -2.019536
8.839808 -0.865285
5.582021 -3.202208
4.436625 -6.762207
5.208992 -4.914200
5.701050 -3.145944
6.797990 -1.549821
6.531528 -2.783871
8.813363 -1.057685
8.115188 -2.711682
8.185199 -1.639827
4.481599 -2.642524
4.100060 -6.134172
3.921209 -7.398844
3.805170 -8.193255
10.885548 -10.250253
11.534813 -8.560020
8.081156 -9.128963
6.998868 -8.276063
5.490990 -9.245938
8.452577 -2.294037
12.055775 -2.860326
9.317458 -2.226991
9.152772 -1.957011
8.482172 -2.194830
8.408383 -0.979920
7.804465 0.533003
11.785503 -4.640227
8.625170 3.386780
14.494819 1.514421
15.889327 -3.428690
16.426243 3.243829
12.622208 4.381162
15.450790 -0.831200
15.602198 3.790403
17.803537 3.249215
15.741810 4.507509
14.485167 -0.244061
14.582271 0.375234
12.967522 -3.184445
11.095066 -2.577097
11.406798 -1.879713
9.114205 3.867049
11.658335 4.796247
9.458275 3.966229
6.414928 2.879333
5.967816 4.236171
8.671089 1.417812
7.415108 0.985312
8.917426 1.509733
8.914493 3.270529
11.261801 4.222956
11.505440 3.766468
12.427374 3.855431
7.430245 3.387934
6.516980 0.728148
6.686319 0.736667
8.384331 1.523365
8.105619 3.477629
10.864567 4.114543
14.127638 4.234564
12.189949 6.013361
13.158409 3.853036
13.309925 7.932734
14.396339 3.011905
12.942519 7.528604
13.098313 4.803695
10.612789 3.833175
10.479775 5.291032
7.490537 2.303272
8.982850 1.392477
8.653924 2.329410
9.128631 3.605996
10.804122 4.630872
10.967231 4.449856
11.575056 3.892680
9.348785 3.974176
7.559181 2.279720
7.852721 2.355033
6.355636 1.076463
7.792495 0.356857
7.852502 -2.522517
8.441171 -2.680385
5.770012 -1.245986
4.760913 -4.673078
4.286893 -2.413662
4.820716 -2.875825
5.450090 -6.964052
5.683281 -8.537190
9.956223 -8.069417
8.934867 -8.705215
8.269095 -8.593684
14.826204 -7.964583
11.702518 -4.520773
12.745636 -4.778458
12.767159 -2.036350
12.677502 -1.789124
11.128798 -2.685760
10.298688 -2.056381
15.368630 -1.614435
