-14.813997 11.218124
-12.944176 5.308162
-7.668685 3.307933
-8.556952 2.717008
-7.828522 2.313123
-7.667062 2.123042
-8.613391 1.674528
-8.702419 5.168787
-8.660856 -1.214001
-4.625366 0.209551
-4.341241 1.027795
-4.178225 1.103122
-6.367439 0.756675
-4.171233 0.997953
-3.523590 0.864130
3.421016 -4.287373
3.844554 -2.641103
5.791122 -2.693622
6.812222 -2.812785
8.013554 -1.233008
11.439076 -2.821931
10.706769 -2.721404
9.841408 -8.652016
10.441624 -8.346428
7.973064 -8.116771
8.923864 -8.109807
8.789701 -8.079201
6.399691 -8.920682
9.102497 -8.953926
8.229105 -8.265491
9.803503 -9.354425
7.216361 -11.071145
9.289268 -10.805932
5.942903 -10.445518
9.331650 -9.343925
6.152580 -8.881675
6.062223 -9.407840
5.223547 -6.984506
7.313070 -10.033401
12.507814 -7.270927
11.284564 -6.875574
11.850191 -4.970323
11.671167 -5.046032
12.028938 -7.408853
13.709166 -9.613130
13.157625 -7.732846
9.364622 -9.594621
7.555632 -8.058987
9.172059 -7.964353
5.518503 -11.410890
5.547261 -7.434679
7.082678 -11.781156
7.922455 -8.310766
5.050014 -10.099491
5.135464 -5.313621
3.022098 -1.116135
6.318169 -0.722503
7.757400 -1.714265
10.923779 -2.575354
13.127844 -4.702491
13.215055 -7.732724
11.936420 -7.696059
12.477295 -8.452391
11.255829 -8.612435
9.938023 -9.234498
8.499866 -11.804137
9.176117 -8.154698
8.492220 -10.045309
9.313736 -8.525159
9.796898 -9.784530
11.882655 -10.859087
11.864995 -6.234498
13.377792 -6.957465
11.523531 -6.810420
14.261374 -10.935700
