-2.207267 6.029458
-1.278914 5.077419
-2.174094 4.606928
-1.972696 4.812592
-2.336669 5.639750
-1.880417 1.889744
-1.338623 1.309975
-2.040200 0.169667
-3.624977 0.958564
-4.860091 0.304693
-6.103230 0.008486
-6.510388 -0.970728
-5.467316 -2.429425
-6.499601 -2.109643
-9.463207 5.606406
-7.791339 6.723217
-8.339314 5.841603
-8.537172 3.277277
-9.138462 9.215149
-10.281733 4.661298
-8.838390 5.751815
-7.106883 9.179452
-5.603691 6.351380
-6.364632 7.486752
-6.780380 8.370665
-4.872795 6.857747
-8.309132 7.550693
-9.298365 6.840938
-9.037284 6.130212
-10.726892 7.971725
-12.994525 9.145464
