-12.393449 9.797164
-8.598402 6.729063
-7.076961 7.683062
-5.574125 7.373036
-4.659355 9.144897
-5.227796 8.073999
-5.383205 7.941847
-4.792976 8.122552
-3.420501 6.936650
-2.859290 7.043046
-2.146594 5.784802
-1.585121 3.210078
-1.950543 3.040405
-1.652132 3.936368
-2.188392 4.385385
-2.180293 4.196512
-2.559652 7.386679
-2.689521 6.430823
-4.467518 7.405125
-3.957373 6.323925
-4.513124 7.927200
-0.475835 5.035158
-0.849354 3.796704
-1.420814 4.686236
-3.038604 0.867042
-4.168617 0.127627
-3.874000 0.098948
-8.143701 5.255742
-8.072999 6.878451
-4.577641 6.322530
-3.521534 7.492325
-6.101094 7.457652
-4.731665 7.962328
-4.428233 6.354572
-7.715672 4.159275
-8.915299 1.909315
-8.818550 3.931244
-1.471548 4.923816
-1.971406 3.210882
-1.784800 3.726413
-0.524669 3.848475
-2.336813 4.720129
-1.705558 4.049020
-0.821504 4.912198
-2.881737 6.643069
-3.270801 6.978824
-1.990427 4.727136
-1.261713 4.073313
-2.001050 4.087027
-9.221056 4.868487
-8.613886 4.074509
-8.447004 5.564415
-9.151546 5.648650
-8.575386 6.061991
-7.993125 4.587764
-8.295435 4.707954
-9.665092 3.849247
-5.828332 -0.801847
-5.507554 0.396227
-5.866404 0.344458
-7.051375 -1.979761
-5.967524 0.849170
-7.766015 -1.665690
-8.526001 3.134772
-7.800941 4.377005
-9.417580 4.054976
-5.071769 0.665134
-6.414793 0.281464
-6.537975 -0.231467
-3.636584 1.019042
-7.812919 -0.225298
-8.084302 1.822441
-8.426223 3.112677
-7.645976 1.631413
-8.321321 3.827835
-7.159315 7.890452
-5.666520 6.991940
-5.784775 6.341958
-5.203040 7.877726
-3.502880 6.372492
-1.151201 6.395547
-2.253870 7.549216
-0.793974 5.738486
0.187567 4.815737
-2.313655 5.502278
-2.293344 4.441548
-1.439421 1.554200
-2.466200 2.387805
-2.331742 1.559251
-0.071611 1.806355
-2.206366 0.226450
-3.747641 1.088974
-2.569356 -1.874862
-3.682115 -0.321754
-4.479056 0.704540
-9.057768 1.304663
-8.360658 2.896623
-8.283201 7.684016
-9.443099 5.597743
-9.854412 6.929642
-8.951608 6.184306
-8.813799 4.242134
-8.387631 3.395928
-8.605462 4.895809
-9.365238 5.574897
-7.933271 2.487679
-11.982086 3.674862
-9.692732 3.948061
-8.644560 1.477658
-7.033943 1.188962
-4.505119 1.158480
-1.510323 -0.729573
2.350311 -3.349224
2.651621 -8.022120
9.218816 -7.821627
17.334114 -8.961670
