-9.327374 -15.794086
-11.503448 -14.614678
-11.048991 -11.617011
-11.664470 -11.254966
-12.438858 -12.003635
-13.166449 -11.476667
-13.087667 -11.104930
-13.684989 -11.801437
-13.339103 -11.170950
-13.192089 -10.909476
-13.730230 -11.684783
-13.361849 -11.100074
-13.203873 -10.864519
-13.733234 -11.655478
-13.362213 -11.081898
-13.203154 -10.852717
-13.731544 -11.647183
-13.360662 -11.076685
-13.201775 -10.849263
-13.730251 -11.644599
-13.359680 -11.075038
-13.200989 -10.848151
-13.729605 -11.643723
-13.359212 -11.074471
-13.200626 -10.847764
-13.729317 -11.643405
-13.359007 -11.074265
-13.200470 -10.847621
-13.729195 -11.643286
-13.358922 -11.074187
-13.200407 -10.847567
-13.729147 -11.643238
-13.358888 -11.074156
-13.200380 -10.847545
-18.801264 -19.525175
