4.397524 -4.586964
0.961552 -6.067569
-7.368285 -11.846454
-9.048546 -12.456885
-10.692428 -13.452455
-11.419491 -13.619723
-11.234676 -12.389422
-11.112231 -11.844364
-11.303774 -11.684463
-11.123249 -11.352101
-11.553836 -12.195096
-11.269861 -11.462603
-11.085794 -11.201067
-11.517453 -12.089293
-11.240405 -11.396404
-11.060531 -11.156618
-11.497211 -12.057917
-11.225471 -11.377143
-11.048630 -11.143678
-11.488256 -12.048732
-11.219194 -11.371619
-11.043776 -11.139958
-11.484722 -12.046078
-11.216778 -11.370062
-11.041938 -11.138909
-11.483410 -12.045326
-11.215893 -11.369633
-11.041273 -11.138621
-11.482943 -12.045117
-11.215580 -11.369516
-11.041041 -11.138542
-13.884974 -18.709347
