13.185019 -9.495338
10.392384 -7.836772
9.122078 -6.778812
7.681958 -6.672684
7.566168 -7.308628
6.141573 -6.712371
6.304103 -6.231539
4.001260 -4.815201
2.017523 -3.945367
0.395229 -3.200216
0.415210 -3.217276
0.458437 -3.243979
0.548660 -3.281952
0.728366 -3.330179
1.070506 -3.391175
1.615536 -3.488450
0.296005 -2.303764
0.600500 -2.102530
1.230858 -1.615887
0.994733 -0.039249
1.659362 -0.022890
1.237502 0.440534
0.655784 0.330542
1.774614 0.024558
1.670672 0.395606
1.086589 0.313449
0.786202 0.329987
1.442922 0.415894
1.082162 0.430511
1.774519 0.501542
1.365903 0.517689
0.764559 0.396894
1.765148 0.425430
1.173862 0.344853
0.861413 0.357165
1.528479 0.442727
8.633875 -0.951181
8.590602 -1.294317
8.589821 -1.300126
8.741123 -0.052538
8.832162 1.566516
8.517615 3.973554
