6.366827 -17.674969
6.222464 -10.722672
5.974794 -8.280507
5.594440 -6.219627
4.822772 -4.142483
0.333116 -2.358510
0.420556 -2.312015
0.333036 -2.358265
0.420432 -2.311667
0.332877 -2.357735
0.420193 -2.310912
0.332588 -2.356576
0.419779 -2.309254
0.332161 -2.353996
0.419254 -2.305532
0.331951 -2.348083
0.419399 -2.296886
0.333944 -2.333978
0.424047 -2.275799
0.346789 -2.297979
0.449918 -2.219490
0.405407 -2.197331
0.556949 -2.061990
0.638356 -1.891813
0.943457 -1.550969
1.374911 -0.965956
0.714719 -0.762374
1.603101 0.047164
1.616190 0.471888
1.442831 0.583992
1.058690 0.733251
0.571231 0.567045
1.574283 0.760397
1.575601 0.852043
1.417379 0.790199
1.041600 0.770132
0.560210 0.592252
1.098194 0.762916
1.330154 0.769750
1.554299 0.892756
1.538230 0.842846
1.676482 0.927980
1.599552 0.863232
1.711699 0.936577
1.617245 0.868346
1.721861 0.938674
1.622313 0.869600
1.724797 0.939157
1.623776 0.869924
3.504381 1.085570
5.758855 1.195159
7.155066 3.246413
8.345520 6.116375
9.188195 9.429030
