2.636076 4.088019
0.014414 2.155282
-1.570431 0.783699
-2.952014 0.047849
-3.698698 -0.285104
-4.242527 -0.356131
-4.285543 -0.745687
-4.546894 -0.707968
-4.119956 -0.751765
-4.387868 -0.729907
-4.512177 -0.702646
-4.248695 -0.739172
-4.129517 -0.741940
-4.398378 -0.716308
-4.551970 -0.696405
-4.291290 -0.736385
-4.239009 -0.736626
-4.504413 -0.699616
-4.446026 -0.718331
-4.179061 -0.747858
-4.497730 -0.695294
-4.234068 -0.732146
-8.412703 1.126955
-8.642912 1.292307
-8.730820 1.304532
-8.534607 1.148789
-9.597927 1.304416
-9.676503 0.963321
-9.744567 0.012820
-13.433105 -1.397892
