-0.202018 13.844650
0.647221 9.292361
1.147384 5.834164
1.478719 2.388351
1.780645 -0.205856
5.048220 -6.508838
8.033598 -9.391828
7.870337 -9.318264
8.033597 -9.391828
7.870336 -9.318263
8.033594 -9.391828
7.870332 -9.318263
8.033583 -9.391827
7.870318 -9.318261
8.033545 -9.391821
7.870276 -9.318254
8.033435 -9.391784
7.870153 -9.318204
8.033132 -9.391562
7.869828 -9.317911
8.032502 -9.390164
7.869248 -9.316040
8.032670 -9.380998
7.870465 -9.303656
8.047954 -9.319478
7.896066 -9.221124
8.199451 -8.917085
10.262419 -11.206446
16.421675 -19.248785
