3.977079 18.299704
1.473241 12.032430
-0.236562 8.840493
-1.379740 6.140082
-1.440737 3.143105
-3.493001 -1.154695
-4.341366 -2.193529
-4.397079 -2.634154
-4.216953 -2.388391
-4.374928 -2.708633
-4.201796 -2.457151
-4.377794 -2.746285
-4.207528 -2.494051
-4.384577 -2.771840
-4.216191 -2.520344
-4.391118 -2.791477
-4.223648 -2.540360
-4.396583 -2.807395
-4.229420 -2.556510
-4.400890 -2.820132
-4.234056 -2.569285
-4.404308 -2.830204
-4.237741 -2.579254
-4.407034 -2.838242
-4.240660 -2.587198
-4.409216 -2.844620
-4.242998 -2.593498
-6.205423 -4.604587
-7.854958 -5.646087
-10.049431 -7.479469
-14.504025 -12.907034
