17.204741 -11.829535
10.015067 -10.393249
8.230868 -9.965837
7.988930 -9.990891
8.200032 -9.981194
7.958168 -10.010863
8.188813 -9.984136
7.945146 -10.014679
8.184181 -9.985092
7.939767 -10.015946
8.182285 -9.985454
7.937559 -10.016435
8.181499 -9.985604
7.936645 -10.016638
8.181176 -9.985667
7.936268 -10.016722
8.181042 -9.985692
7.936113 -10.016755
8.180986 -9.985703
7.936049 -10.016768
8.180964 -9.985705
7.936022 -10.016774
2.787477 -11.062634
2.651384 -11.132852
2.298344 -9.584009
0.337801 -9.425328
-1.812218 -9.421439
-4.427999 -9.400949
