9.998734 9.950490
8.140742 10.399448
7.927317 11.255015
4.783758 9.250604
7.349568 11.231024
3.166124 11.281843
3.301170 10.996085
5.396667 10.937012
8.006550 15.375628
6.775144 10.351445
9.929194 6.367853
5.651331 13.942542
11.501195 19.286776
11.449853 15.240761
8.014602 13.163258
7.700815 12.259761
6.918476 18.241669
3.684650 16.358976
-1.999228 17.052124
-1.618875 12.838588
-0.183063 10.981755
-3.041651 11.691397
-0.216961 14.045226
-1.297812 11.091237
-2.336546 9.602876
-3.781212 10.391166
-4.728416 10.901671
-2.035792 14.205523
-0.141908 15.281825
-4.533187 16.361410
