-7.783217 5.964782
-8.805428 5.212372
-5.872738 7.888552
-4.814880 6.527897
-3.686300 6.507260
-3.133064 6.347337
-4.080731 7.513856
-3.185727 8.392191
-2.565533 7.124219
-1.914026 5.545370
-2.459984 4.501244
-2.410096 3.072577
-1.554751 7.973214
-3.683810 8.002960
-1.122276 6.651662
-2.101397 4.835715
-2.411897 6.565197
-1.685077 5.365122
-1.934249 5.820411
-2.167185 4.544407
-1.807813 4.828801
-2.857088 7.825802
-4.338195 6.761607
-3.179095 7.358100
-1.476157 6.824974
-1.385932 8.586436
-1.295301 7.631789
-0.305465 4.703194
1.995419 4.939566
4.362707 5.226195
4.721829 7.413995
6.244852 8.017828
6.121270 8.469290
5.999341 6.682400
4.647203 3.865130
0.913557 4.802268
1.387207 5.120280
2.104582 5.018484
3.204282 5.458032
4.904396 4.960377
4.696260 5.371964
5.881209 5.571843
6.481794 5.330612
5.216093 3.522249
4.567060 5.922976
6.290264 9.461171
5.378357 4.879311
5.365131 9.563709
5.168639 10.611514
7.326487 6.964839
5.326027 6.725440
6.891389 8.734397
5.706038 13.893136
8.670738 16.842306
5.203774 19.859615
3.866982 18.148184
2.838541 16.763748
0.149358 13.864892
-1.769402 14.203051
-0.539184 16.112177
-0.013382 18.954626
4.466319 17.003557
-0.899795 8.411740
-3.174161 9.754861
-0.459240 12.554521
-4.289124 15.422093
0.028886 14.005099
6.691542 11.409913
5.856244 15.089093
-1.417807 7.785729
-2.018145 8.556339
-1.242262 10.176411
-0.815185 10.365071
-1.831149 11.266889
2.011142 11.060442
5.701549 11.322730
8.215436 6.371179
8.764341 9.002781
5.748844 10.740098
6.032534 9.475913
5.004393 7.060910
7.182024 11.480124
4.795772 11.263674
6.040470 9.853398
5.534221 11.903819
7.199728 11.988794
16.465599 14.412884
