-17.011736 -0.523770
-10.102556 -0.753192
-10.708230 2.097749
-10.467830 1.235783
-12.005491 0.241650
-11.747179 0.751202
-12.984243 2.510001
-11.222511 3.991476
-8.356518 2.278692
-9.580966 1.856439
-10.005713 -0.193448
-6.351027 -5.357888
-6.359800 -6.041894
-4.277068 -1.497143
-4.320773 0.485654
-2.802887 -0.149487
-2.181863 -0.266419
-3.586387 -0.141987
-3.468317 -1.964123
-4.377261 -2.031358
-3.774873 -1.767112
-4.075521 0.127867
-3.903920 0.509322
-4.101629 0.420877
-2.235382 1.064374
-4.961308 1.122122
-5.940693 1.183030
-6.640268 1.203791
-8.487822 1.357456
-8.847999 1.752686
-8.526947 2.351546
-9.916508 3.656898
-9.443902 3.472240
-7.744934 7.247639
-7.548843 5.811615
-8.388046 4.795378
-8.481760 1.899997
-8.269533 3.701807
-8.052263 2.488501
-0.699231 0.034706
-2.375347 1.300104
-3.070319 0.149019
-3.924047 -0.863816
-4.099907 -2.944222
-3.077082 -3.946557
-3.359946 -2.728034
-1.801750 1.373419
-2.858026 -0.075612
-4.520856 0.642062
-3.652046 -0.737928
-4.074453 -3.965543
-5.721900 -3.969527
-6.158383 -3.964014
-7.027541 -4.530707
-4.655026 -4.430551
-7.527717 -5.461428
-8.030930 -7.163374
-5.282384 -6.192143
-3.045500 -2.367245
-4.516452 -0.759140
-4.088910 -1.082983
-4.570162 -4.466366
-5.691872 -4.425660
-6.464794 -5.722660
-6.236480 -5.571631
-4.248618 -5.050626
-2.237659 -1.276253
-4.490214 -1.230813
-2.525032 -2.441193
-4.086947 -8.249307
-2.931979 -7.892983
1.499154 -10.719090
