3.667588 11.165234
6.450770 6.971632
4.792123 8.068300
-0.904166 9.395041
-0.791660 9.119141
-1.468294 10.250280
-2.274428 6.869347
1.619171 4.237755
4.001793 4.570967
6.187002 5.646733
4.598209 5.516444
2.481006 5.640056
3.828647 5.141078
5.338717 5.596668
5.094873 3.657981
5.757018 8.759200
4.477071 5.421006
0.231410 5.744989
1.171342 3.518215
-1.023668 3.729586
-1.745821 3.792271
-1.364580 6.957584
-1.972363 7.142051
-0.976516 7.452432
-0.736745 6.862807
-1.154455 7.982623
-3.099198 9.004483
-1.268755 5.982461
0.562833 4.607091
3.942258 4.769927
6.582900 6.355990
3.169635 3.334906
4.384573 -1.509516
2.516644 -3.799598
3.290016 -6.413889
