16.129112 12.484894
17.250275 5.281261
14.366684 1.365205
18.065710 -1.153412
15.623150 -0.655298
14.246378 -0.575676
17.834358 -1.788473
17.318222 -0.566126
14.552866 -0.438990
12.604856 5.533579
13.280587 4.430889
13.806984 4.163256
12.209916 4.140711
10.937704 5.616251
9.646161 5.293219
14.586964 -1.500415
6.392928 -1.020813
7.124381 0.157661
8.724692 0.316061
8.361306 2.012612
7.949688 1.671896
8.807238 -1.157160
3.454872 -1.788790
6.400531 -0.177808
8.279696 -0.756055
6.846336 -1.009974
5.778417 -1.940830
4.506195 0.007736
8.220511 -1.477394
11.814320 -2.932425
11.441362 -4.298786
12.769271 -8.474516
12.703969 -8.373836
10.910524 -7.977517
6.811063 -9.379160
7.905015 -9.155630
14.351634 -9.570542
9.330677 -8.154752
9.109626 -8.848063
5.944322 -9.541397
6.497733 -7.124928
6.599962 -9.869971
7.445836 -7.007341
9.492394 -8.202201
8.346964 -8.875488
7.943383 -9.084822
8.286546 -6.988800
9.127640 -8.114816
13.452470 -9.031082
13.826987 -8.662283
11.788042 -3.524889
14.333300 -0.875089
14.398493 0.402336
14.371111 0.951949
15.426769 -1.362514
10.700102 -7.404461
11.670527 -5.721165
9.962843 -8.965549
7.050255 -9.574065
6.263114 -7.323245
6.974300 -7.244138
5.824489 -6.692889
10.100279 -8.294040
7.043377 -8.052100
8.622919 -12.985124
9.856044 -9.959142
11.753157 -5.073111
10.397711 -8.726293
4.922409 -7.802333
4.266887 -4.690125
5.891219 -2.513701
6.465491 -7.177183
4.913419 -9.165062
4.572278 -4.856375
4.599298 -2.270451
5.237540 1.168473
8.878627 -0.980544
8.581494 -1.314811
5.804104 -0.542518
5.880028 -5.101580
8.205034 -8.109213
14.493607 -8.856293
18.824907 -9.913348
19.972116 -11.487128
14.281850 -11.308881
9.935884 -8.349854
11.288376 -8.460359
10.755695 -9.720591
11.036987 -6.950014
11.783826 -8.541216
11.334413 -6.699545
12.113804 -9.322808
11.259163 -7.738522
6.515835 -7.526017
5.403290 -8.417081
4.783344 -9.351907
6.644768 -8.500501
7.744500 -6.726048
5.872296 -7.344769
5.660383 -2.839551
4.051589 -3.352634
4.967566 -0.748192
7.783247 -1.143685
5.221060 -1.222421
5.578305 -2.526518
4.013196 -2.325741
9.007045 5.752393
12.570332 5.523495
11.849294 4.994487
11.693430 6.610051
12.152308 4.444716
14.254705 3.389079
17.700098 -1.615605
16.551920 3.805178
15.665515 1.844875
14.984488 -1.628991
11.521004 -10.430535
9.715907 -8.647897
9.370105 3.483706
10.084944 3.592962
10.079832 3.989836
6.712018 3.317975
5.398444 3.632985
11.456078 5.160089
11.816262 -2.150352
10.582832 -6.655051
8.669744 -7.145175
6.770242 -7.131475
8.576919 -0.182159
7.623947 3.259168
8.435868 1.624606
8.067207 1.512403
8.338672 0.815458
8.498717 1.709532
8.722445 2.360186
6.684471 1.176085
6.465136 3.311959
7.801257 4.840600
11.442782 7.815614
12.011707 4.706955
10.624078 3.734445
11.443472 4.928810
9.404249 4.784764
8.755552 2.579883
8.952592 1.927900
7.176713 0.583293
7.269113 -0.235440
8.781591 2.225862
9.059743 4.395557
12.252983 5.091729
10.304843 4.104426
13.757956 5.340230
15.745685 9.448945
10.866250 7.180045
8.502066 7.460573
7.918913 -1.077150
5.044235 1.277938
5.276885 -2.267200
2.317579 -4.542977
5.553569 -8.839189
6.483565 -9.070224
9.407940 -9.605713
9.377803 -10.482743
8.970271 -7.413291
4.893962 -7.841256
5.244746 -9.081281
7.146469 -7.702786
4.002945 -5.179039
5.690880 1.268293
8.184722 1.040131
7.215493 -0.710660
5.734558 0.061380
3.349726 -1.633874
5.834445 0.550983
9.000644 -1.634554
8.676710 -1.149665
5.606780 -0.940096
6.241096 -1.457634
7.166223 -1.315819
7.515432 -6.833486
8.787711 -7.729321
10.989843 -9.118608
6.713661 -7.624038
8.482640 -8.932553
7.699727 -11.800372
5.647860 -7.464204
9.119944 -6.662392
9.757505 -6.653879
7.848056 -6.789872
10.343946 -8.634040
10.453836 -6.979796
12.661940 -6.826214
14.097683 -8.716938
11.073277 -10.561589
11.655588 -5.997775
11.477633 -3.889245
11.807914 -8.243476
12.680067 -6.815486
8.890609 -8.857188
8.433402 -7.437913
4.612358 -8.758454
4.646887 -8.060119
6.228217 -8.489850
8.727381 -8.994832
8.504171 -6.928110
8.598941 -9.625983
5.370113 -6.043762
5.582642 -3.996251
5.466731 -4.048413
6.068227 -6.467172
6.214867 -2.027647
5.010623 -1.837085
6.661548 -1.494974
8.676611 -1.265674
6.130304 2.788147
9.590325 3.770318
6.309684 4.800467
8.740248 2.322430
8.408457 -1.303748
8.201037 -0.634330
5.961133 -1.742699
5.708138 -6.262861
7.899776 -7.821193
7.221140 -9.114359
9.389559 -9.794692
9.032682 -7.849291
11.353584 -9.329608
14.031717 -13.484741
