4.369121 10.589069
5.176754 10.026352
6.967973 8.366487
5.470779 10.844465
5.237004 11.573777
5.515715 11.543980
4.976598 10.915105
-0.737984 12.450926
-2.244568 9.218962
-1.327071 8.219213
6.397782 6.534646
2.738907 4.318733
2.698595 4.729617
5.823032 11.017941
5.255832 11.578720
6.573262 7.304439
5.366710 8.178108
5.717048 5.986104
6.185991 4.447695
4.314603 5.698224
3.063666 5.832145
-2.443141 8.846633
-2.070760 7.433720
-1.357658 9.154410
-1.071187 6.609329
-0.794117 8.671455
-1.069611 9.896187
-0.827211 10.423148
-3.762556 12.768941
-2.226047 14.910388
-2.084814 9.837983
-3.332801 8.293672
-2.190226 7.824846
-2.241723 9.364532
-1.299405 9.507203
-3.094215 9.829860
-0.343708 11.445767
-3.485052 8.545211
-4.251462 10.020401
-0.842917 10.575414
-1.041033 6.950468
-1.407614 6.810443
-1.062987 6.131400
-2.965314 13.615407
-0.080471 17.049349
-2.646799 10.290226
-3.462099 10.752196
-2.974627 10.766467
-2.670252 7.530087
-1.722961 7.325389
-0.868362 5.220613
-0.730073 6.164608
-0.959558 6.183211
