-9.194082 6.881157
-7.982901 2.280748
-9.988633 2.199275
-10.417255 2.693578
-8.888026 1.325816
-9.727165 0.495877
-9.543793 2.697787
-9.886393 3.516705
-8.714474 3.083334
-7.143891 7.174402
-8.178849 4.601510
-4.366594 -0.906897
-3.222426 1.004775
-2.904435 -0.945986
-3.066416 -0.275607
-4.391426 0.036157
-4.463943 -0.061068
-4.515916 -0.225181
-4.300100 0.286860
-1.608223 1.449625
-3.448680 0.546338
-4.549805 0.399660
-2.873315 0.727219
-1.657546 1.320586
-2.469512 1.264058
-1.825928 0.000294
-2.641020 -0.554884
-1.469416 1.033302
-1.615099 3.273884
-0.566754 5.504175
-0.911751 4.698717
0.699971 5.799264
2.894278 5.498018
3.458559 4.934339
5.674433 4.644683
5.142430 8.074656
6.995701 8.139962
