6.773767 -7.735977
4.220362 -7.465724
-7.659388 -4.581882
-6.168400 -4.513183
-4.234101 -6.283140
-2.864479 0.510721
-4.474216 0.986828
-2.847023 1.004598
-1.805791 1.454141
0.041736 3.426555
-0.295894 4.892897
-0.928379 4.215308
-0.734495 3.698184
-3.231268 7.510931
-4.866377 7.067390
-5.587942 6.335175
-5.505995 6.391343
-5.751776 7.189817
-6.918763 6.757018
-7.853409 6.194276
-8.846730 4.769773
-9.473653 4.277613
-8.378186 2.640154
-8.033012 3.605633
-9.858351 4.574664
-7.589449 1.615335
-10.532507 3.702721
-8.238662 3.136876
-1.573788 3.729127
-0.461502 3.632134
-1.617004 1.942466
-2.084166 1.807178
-1.414249 3.761014
-2.692989 0.715255
-3.174244 0.440693
-3.924063 0.139733
-0.991864 2.355687
-2.047497 6.609168
-4.887115 6.483319
-6.581321 6.381419
-7.047307 7.414886
-4.793508 6.895397
-2.798925 8.194381
-1.233651 5.876788
-1.406362 3.863473
-2.035118 3.200857
0.414365 2.661299
-0.793866 3.605631
-1.623621 3.343830
-2.205487 1.707030
-1.933935 2.363669
-2.624094 0.579416
-2.794385 0.486646
-2.228303 1.263673
-1.968972 -0.127460
-3.392776 -0.589964
-2.924388 0.899184
-2.638323 0.451688
-2.847184 0.142784
-3.249827 0.185907
-3.426431 1.150661
-5.089930 1.136651
-2.613457 1.026681
-0.759207 1.852907
-2.289598 1.858627
-2.110264 1.390753
-2.804308 0.421378
-4.317605 0.859429
-3.911005 0.862242
-3.595376 -0.609623
-4.428226 -0.418943
-3.754583 0.386103
-3.775956 -0.839242
-3.103065 -2.956720
-4.364361 -2.366783
-4.307296 -2.601674
-4.471712 -3.657086
-4.657320 -4.505161
-6.597112 -5.630149
-5.561359 -4.127749
-5.871938 -4.251761
-8.145839 -3.974967
-7.114569 -6.538896
-10.231105 -3.382593
