-16.903812 19.661612
-7.331171 11.372239
-3.600189 10.932871
-4.074100 6.852334
-3.789211 8.702908
-2.788054 6.421985
-3.119113 8.639987
-3.046829 7.830708
-0.812716 7.544108
-1.028892 8.382839
-2.151765 7.831080
2.158405 5.924381
1.161980 5.924148
1.279837 5.400634
0.629576 5.255233
3.498333 5.096124
5.689837 5.419769
7.901450 4.656689
7.306719 8.101811
6.195327 8.786139
4.631963 8.468059
5.356001 6.622254
7.127282 7.801958
8.191159 5.538782
6.793300 5.781182
4.385728 7.428690
5.290620 7.445108
4.826184 6.955058
5.621658 5.691109
3.832797 5.632438
5.320007 6.221966
4.881680 4.394631
3.058931 5.788332
2.407921 4.978703
1.405994 5.623951
-0.117129 4.743650
-1.876014 5.117525
-0.709360 6.768219
-1.362606 7.878134
-1.521535 6.258117
-0.635803 5.671864
1.173959 5.813964
2.297685 5.070601
2.573215 5.375577
2.934883 4.468235
3.260391 5.485829
2.033540 5.604407
2.289970 3.074197
2.000922 2.781730
2.359270 4.142429
0.474340 5.660249
-2.009284 6.139139
-2.538565 6.741059
-2.896998 7.972818
-1.267730 10.737229
-1.393448 9.510816
-1.663287 4.789512
-0.305455 4.464486
0.906962 4.670040
2.421209 5.088376
3.740179 3.378142
