14.842533 -16.400045
10.947818 -13.200034
3.076028 -10.186649
2.773705 -8.876024
-0.099989 -6.725681
-7.902723 -4.268129
-11.484612 -4.594410
-13.795019 -4.381917
-11.247008 -0.799643
-10.305055 -4.269112
-8.591432 -4.515554
-3.872897 -3.985962
-3.939662 -3.119521
-2.576327 -1.181722
-2.594044 -1.883811
-2.183019 -1.928913
-1.781043 -1.463057
-2.096441 -0.757525
-2.956806 -0.376622
-3.115098 -0.954666
-4.463602 -0.417374
-3.493158 -3.028836
-3.134042 -2.327821
-3.071347 -2.010128
-4.047858 -1.114205
-2.288308 -2.643072
-5.113620 -5.674039
-3.821583 -3.466859
-4.521813 -2.091983
-4.554044 -2.434018
-2.894070 0.252451
-1.228090 -1.168099
-3.381190 -0.540998
-2.786409 0.308666
-2.717015 -1.083043
-3.200433 -0.271412
-3.833316 -2.919096
-4.549334 -3.167807
-3.458243 -3.725653
-2.571553 -2.021923
-3.666016 -2.281688
-4.486193 -1.521376
-3.982425 -1.832160
-5.863526 -4.820377
-7.174742 -4.609906
-5.309795 1.164996
-10.015127 1.474786
-11.330460 1.492112
-8.764881 2.965444
-8.064055 2.243470
-9.885968 1.326420
-8.789330 1.346492
-10.778986 1.907833
-9.701029 -0.776234
-10.436665 0.630222
-11.890287 -1.572619
-10.351619 -1.346677
-10.078724 -0.959967
-10.359671 -1.230486
-11.668482 -1.198257
-8.064583 3.229130
-8.707081 1.985454
-7.551938 5.952668
-8.963806 1.701501
-8.640220 1.324270
-10.533133 5.493532
-15.378413 6.632854
-19.521944 10.109607
