13.370263 10.962446
5.947654 10.594028
4.853615 9.358396
5.311490 6.017800
4.832693 8.168759
5.887019 9.647722
5.901916 8.409249
5.209029 7.393050
4.598017 4.625466
3.877048 5.300602
1.082598 5.543824
6.289870 4.259558
5.377776 4.704648
3.816490 5.540067
3.018870 5.102328
3.285351 4.484691
1.057004 4.214975
2.108989 4.665761
2.860548 5.047091
1.735404 4.410256
1.232963 5.411355
2.165322 3.645757
2.180338 5.845723
2.428064 5.343240
2.097693 5.493077
0.277776 5.739873
-1.130620 4.988974
-0.097937 5.474326
-0.055803 4.639771
-1.590044 6.659337
-0.686789 6.868621
-3.271599 8.371183
-2.775036 7.647140
-4.667602 9.639209
-5.951327 8.826922
-8.694425 6.847981
