-10.311240 -1.523920
-9.290525 -2.162593
-8.931135 -2.469249
-9.106851 -2.310980
-9.067689 -2.373928
-8.772907 -2.660895
-8.962210 -2.519698
-8.942000 -2.577177
-8.678730 -2.836468
-8.870844 -2.704680
-8.861118 -2.750850
-8.616343 -2.989111
-8.808050 -2.870265
-8.802885 -2.911219
-9.230413 -2.581328
-9.450623 -2.316382
-9.017978 -2.578496
-9.168807 -2.407266
-9.112189 -2.448641
-8.797427 -2.717700
-8.978367 -2.571805
-8.952785 -2.619382
-8.683482 -2.870851
-8.872501 -2.738258
-8.860883 -2.781402
-8.804804 -2.897660
-8.798925 -2.937171
-9.222425 -2.616012
-9.442314 -2.353337
-7.319115 -4.021992
-6.355193 -4.934482
0.976673 -10.187446
8.148812 -9.808738
8.424232 -9.812039
8.148827 -9.808734
8.424244 -9.812037
8.148875 -9.808718
8.424287 -9.812024
8.149060 -9.808663
8.424446 -9.811982
8.149744 -9.808496
8.425035 -9.811858
8.152144 -9.808130
8.427106 -9.811604
8.159988 -9.808393
7.846052 -9.814326
8.184126 -9.818654
7.873944 -9.825800
8.249024 -9.912934
7.944405 -9.939443
8.334478 -10.624213
8.035365 -10.775167
7.995078 -11.186308
8.298943 -10.991625
8.044717 -11.210137
8.341841 -11.011798
8.053930 -11.210985
8.349737 -11.012441
8.055867 -11.210549
8.351377 -11.012042
8.056306 -11.210359
8.351748 -11.011873
8.056411 -11.210299
8.351835 -11.011820
8.056437 -11.210282
8.351857 -11.011806
8.056442 -11.210279
8.351862 -11.011801
8.056444 -11.210277
8.351864 -11.011800
4.762107 -13.723935
9.615206 -17.590673
