-19.254036 6.515870
-12.979687 7.796873
-7.475986 8.223541
-7.639982 8.189834
-7.476017 8.223529
-7.640019 8.189819
-7.476110 8.223490
-7.640133 8.189773
-7.476413 8.223365
-7.640498 8.189625
-7.477375 8.222968
-7.641662 8.189153
-7.480435 8.221721
-7.645367 8.187668
-7.490180 8.217813
-7.657232 8.183006
-7.521419 8.205775
-7.695034 8.168771
-7.622874 8.168550
-7.817494 8.125847
-7.947094 8.067486
-7.702207 8.122847
-7.821060 8.224010
-7.602313 8.245421
-7.798265 8.236009
-7.583459 8.255124
-7.794042 8.237510
-7.579941 8.256418
-7.793265 8.237754
-7.579295 8.256635
-7.793121 8.237799
-7.579175 8.256673
-7.793095 8.237806
-7.579154 8.256680
-7.793090 8.237807
-7.579150 8.256681
-7.793090 8.237807
-7.579150 8.256681
-7.793090 8.237807
-7.579150 8.256681
-11.348516 8.532736
-5.233745 11.444635
