13.089996 17.204060
7.606684 11.980977
5.365433 9.816614
3.472005 8.599668
1.396986 7.544036
-1.031559 6.755130
-2.404038 5.722569
-2.464845 6.355628
-2.505299 6.376416
-2.575306 6.409339
-2.701975 6.459760
-2.957467 6.536206
-3.499091 6.646677
-4.784422 6.850846
-5.076259 6.403982
-7.349041 6.385212
-7.377336 6.649166
-7.777644 6.692611
-7.927202 6.352711
-7.685173 7.027435
-7.842546 6.727936
-7.849990 6.638834
-7.711009 6.924607
-7.771641 6.748961
-7.924520 6.412727
-7.665384 7.057360
-7.822049 6.760792
-7.837223 6.656774
-7.697958 6.942894
-7.764644 6.758806
-7.917309 6.422759
-7.660831 7.063634
-7.817292 6.767654
-8.299223 2.563398
