-12.143434 1.288076
-9.085691 0.757592
-6.714312 0.118188
-3.959881 -0.775332
-1.328247 -1.369588
3.174692 -3.363940
4.446130 -3.728787
5.289055 -3.929597
5.354801 -3.702518
5.347363 -3.571147
5.247875 -0.114556
5.536664 -0.157815
6.783085 0.163452
6.927821 0.105714
7.144103 -0.066913
7.826233 0.363767
7.887817 0.302226
7.889868 0.103495
8.534203 0.491659
8.569106 0.424316
8.492461 0.166810
9.141232 0.443104
9.328856 0.366751
9.473003 0.037417
10.666712 0.041041
10.877227 0.523770
10.514343 -0.474381
10.701880 -0.021609
10.838261 0.252018
10.628033 -0.281655
10.797103 0.112618
10.590498 -0.432275
10.773844 0.027983
10.569769 -0.522143
10.760087 -0.024447
10.557467 -0.578434
10.752015 -0.056130
10.550320 -0.613066
10.746925 -0.076093
10.545866 -0.634927
10.743698 -0.088930
10.543065 -0.648693
8.175891 -5.524673
10.937407 -6.062780
17.271927 -8.544470
