-15.948911 -10.281930
-11.519783 -8.014815
-9.228298 -8.144040
-9.187881 -8.104963
-8.567425 -8.173312
-8.415909 -8.051317
-8.316454 -8.014729
-8.343814 -8.056811
-8.304553 -8.016377
-8.337244 -8.057589
-8.303462 -8.016559
-8.336642 -8.057676
-8.303362 -8.016579
-8.336587 -8.057685
-8.303352 -8.016580
-8.336581 -8.057686
-8.303351 -8.016582
-8.336581 -8.057686
-8.303351 -8.016582
-8.336581 -8.057686
-8.303351 -8.016582
-8.336581 -8.057686
-7.398327 -6.923961
11.723817 3.730125
17.462891 5.449229
