-3.063386 10.723881
-5.258607 8.175677
-6.609482 6.789010
-7.905781 6.677407
-7.762384 6.951133
-7.791475 7.060096
-7.622268 7.316271
-7.670067 7.234658
-7.847462 6.961259
-7.806789 7.044374
-7.636343 7.301722
-7.676463 7.226032
-7.854327 6.951787
-7.811032 7.038367
-7.640412 7.296178
-7.678647 7.223018
-7.856702 6.948438
-7.812548 7.036220
-7.641844 7.294219
-7.679415 7.221956
-7.857536 6.947259
-7.813083 7.035461
-7.642349 7.293525
-7.679686 7.221580
-7.857832 6.946843
-9.914068 2.300664
-12.244711 -0.901027
-17.056648 -6.503365
