-5.333063 15.862862
-3.332868 10.304664
-2.365679 7.642285
3.602818 -2.849050
4.219361 -3.628522
4.671143 -4.233819
4.997925 -4.543067
5.166500 -4.722190
5.325180 -4.852666
5.401353 -4.925811
5.481002 -4.983568
5.286650 -4.835619
5.151388 -4.734987
5.318467 -4.857877
5.396326 -4.929097
5.478490 -4.984858
5.284087 -4.836632
5.148655 -4.735958
5.317073 -4.858123
5.395293 -4.929225
5.477904 -4.984833
5.283452 -4.836549
5.147968 -4.735856
5.316679 -4.858002
5.395002 -4.929138
5.477725 -4.984762
5.283249 -4.836460
5.147748 -4.735759
5.867990 -5.287425
7.553513 -6.865246
