19.921757 -9.447971
7.569518 -8.383212
-5.359216 -4.099293
-3.186129 -3.542158
-4.045724 -2.784288
-4.554167 -2.837871
-4.193110 -0.973363
-3.454127 -1.977732
-3.053185 -2.028808
-3.813938 0.530223
-3.293934 0.141468
-4.970088 3.075162
-3.362142 0.504047
-2.247376 -0.643691
-4.232129 -0.468332
-3.494092 -0.401402
-4.472108 -0.042940
-4.130642 -2.172360
-4.292980 -4.472071
-6.654858 -5.118799
-7.265862 -5.287254
-7.231526 -6.523484
-6.658152 -4.151897
-4.601437 -4.787731
-5.088212 -4.676559
-5.878901 -5.576416
-6.396982 -7.501125
-13.861597 -10.414710
-15.453102 -5.309040
-15.502071 -8.335438
-11.163857 -8.661131
-7.619269 -8.965375
-5.577224 -4.287512
-7.737457 -7.598961
-7.875175 -6.475789
-5.691875 -7.260845
-3.687109 -5.218554
-4.302886 -2.271742
-3.586778 -0.975654
-3.700267 -1.595427
-2.058968 -2.302343
-3.758080 -6.305542
-5.891342 -4.664292
-5.534151 -4.644879
-7.074611 -6.450263
-7.303522 -6.569032
-7.649332 -5.748056
-6.725176 -6.369734
-6.185720 -5.867448
-4.352768 -3.846210
-5.386237 -4.548520
-5.868603 -4.685163
-6.562332 -5.412068
-7.816064 -5.710314
-6.756009 -4.511654
-10.059925 -1.527519
-9.441806 -8.168947
-7.654624 -8.538366
-10.836668 -9.109183
-8.075127 -11.065671
-9.528006 -9.645848
-7.697423 -9.002030
-7.190460 -5.128100
-10.149293 -0.837322
-4.083822 -0.723559
-2.932719 -1.819828
-4.586368 -1.220533
-11.444841 -1.726259
-10.732166 1.431642
-7.603103 3.243807
-7.169435 1.727331
-8.202343 1.267409
-9.885022 1.794390
-9.008981 1.115294
-8.592554 2.749608
-10.087339 -0.740683
-7.050572 -7.404987
-8.632295 -9.146726
-7.780097 -7.426384
-8.672968 -8.074289
-6.715438 -9.674848
-7.033250 -8.044806
-6.543867 -5.121837
-7.792117 -5.657109
-6.240125 -6.275997
-9.335478 -9.250436
-7.435102 1.460355
-7.752570 2.900452
-6.745774 -3.897629
-9.997808 0.062111
-9.899134 0.341599
-10.256907 -1.003876
-9.717146 -2.478179
-6.152755 -6.861194
-5.539953 -5.285800
-7.353668 -5.153124
-14.974586 -4.581200
-13.116145 -3.690011
-10.391270 -0.779541
-7.830485 1.725198
-11.991661 2.596658
-15.156376 2.097026
-9.085566 1.268462
-11.219309 1.391587
-8.521774 1.817496
-9.809534 0.115832
-10.252053 -0.033564
-12.588925 1.800579
-8.338815 2.812394
-7.252394 1.553851
-6.122059 -4.049706
-6.371597 -6.323099
-9.823276 -2.712574
-5.782947 -7.966302
-8.272501 -8.094883
-7.463693 -5.812916
-6.409451 -5.211610
-7.856249 -5.740410
-7.752110 -10.538879
-12.398565 -8.519575
-15.393754 -6.264849
-14.145777 -5.859505
-14.632374 -6.340723
-12.666294 -8.528722
-9.119482 -8.054764
-4.768907 -7.241125
-7.425244 -5.727548
-7.510124 -4.535456
-7.069699 -6.261731
-6.247584 -9.303146
-6.929039 -10.837421
-7.918486 -11.806005
-7.672935 -7.689584
-7.931732 -8.792138
-8.925162 -9.391437
-9.487196 -8.373565
-10.487349 -8.695825
-11.380318 -10.175261
-10.904081 -9.831681
-10.140534 -8.039556
-9.860241 -9.346639
-5.398310 -7.220625
-4.922466 -4.086918
-7.060389 -4.497952
-7.340562 -4.767099
-6.963413 -6.338414
-2.622496 -2.244019
-4.100391 -0.758133
-4.259144 -1.653993
-2.422050 0.871488
-3.225065 1.971965
-7.732215 2.667199
-9.777864 2.909400
-10.286994 -1.460208
-10.699682 -0.794097
