10.155372 16.100258
10.400480 12.677258
6.470772 11.512008
6.060405 9.449540
5.796358 9.673107
5.181894 2.951808
7.984198 3.702914
9.249553 4.764928
7.074502 4.902355
6.664065 5.058026
8.517759 5.611298
1.977994 4.543746
0.237732 4.658309
1.187646 4.692147
1.459651 3.136579
6.606608 4.219769
5.876154 8.819370
5.206051 7.656436
3.675880 3.281452
3.986539 5.523068
2.847588 3.609478
2.780896 5.710192
1.630294 5.267003
1.239714 4.018454
2.633810 5.359734
1.795858 5.805385
5.838593 4.847761
6.260304 8.677669
4.679342 7.278553
5.587728 11.916162
9.488813 14.719296
10.922795 15.612937
7.057644 10.870173
7.290586 11.617521
5.589492 10.251346
4.902279 8.585641
4.430630 6.802540
4.852705 4.598966
2.512864 5.328204
1.608054 4.239917
0.809590 4.642738
-1.331221 6.088202
0.457670 5.138203
3.923314 4.227916
6.161227 6.297442
4.906666 4.700062
6.010999 8.014394
6.131465 5.688245
8.190405 2.563270
6.455795 3.359093
7.019851 5.595042
6.875970 4.241557
5.467297 8.949613
5.982688 9.345312
4.763926 9.034039
5.257726 6.975809
7.742399 11.688257
7.155797 11.110621
7.224500 13.511184
6.692690 11.127299
8.035740 12.377864
7.565109 11.348009
6.163015 10.481343
4.500587 7.362543
4.846028 3.898201
1.034033 5.760116
1.461608 4.514852
-0.062553 5.405280
1.138824 4.605412
-0.530909 5.618672
3.853411 5.702848
4.153422 4.273573
3.948297 3.723215
5.200946 5.149146
4.689831 8.309100
5.941407 7.923950
5.635356 6.978667
6.350210 8.898641
1.381000 -8.718803
