-11.703001 -15.766311
-5.536582 -11.128371
0.492749 -9.766801
3.431829 -7.304380
3.498364 -7.306514
5.116114 -4.296339
4.742232 -7.132190
2.995142 -5.171638
2.406008 -6.973512
6.964507 -8.130230
4.705019 -7.276353
3.877908 -5.280614
5.485279 -5.922390
6.108694 -6.124958
4.884827 -6.518661
5.624070 -7.337710
6.898242 -9.491048
12.088043 -10.498332
5.764098 -7.894776
5.585071 -7.182787
5.604828 -8.338828
8.393811 -8.311653
9.962959 -8.477225
5.938811 -8.424852
6.053588 -6.574228
4.694864 -1.797710
3.411261 -1.120580
6.940677 -1.982912
13.316645 -1.040840
13.026052 -4.083981
14.082350 -4.132184
