6.180891 12.067738
6.410324 9.469124
4.630677 10.071404
4.450097 9.690643
5.579206 7.534008
6.431152 5.819733
2.963796 5.298517
5.791653 4.000419
2.050741 5.664807
2.450647 4.567435
2.890970 5.030498
-0.277172 5.851799
0.972894 4.247500
2.145793 5.803114
1.336002 5.094797
1.040489 5.553920
0.626853 4.969551
1.694812 5.511344
2.203107 5.660151
1.120326 4.883745
0.390734 5.570748
-1.010873 4.864151
-1.262977 3.485527
-2.453897 7.705727
-3.365886 6.373784
-3.634705 6.814974
-4.234272 7.120059
-3.498595 6.938773
0.813597 5.226968
3.424429 5.769470
1.651317 4.488815
1.899723 1.417153
0.489781 -1.095394
0.742359 -1.133540
-7.377638 -3.457162
-7.120058 -6.640481
-7.577580 -2.301946
-9.095922 -2.372591
-12.799364 -2.976057
-14.087999 -0.718009
-13.551639 -3.955253
-17.759987 -3.893773
-17.124315 -9.389400
-18.318150 -17.794691
