14.028213 16.402628
9.595276 12.167272
8.794217 10.836267
5.844671 6.066369
8.815641 3.273043
7.001672 3.253173
9.271708 3.288847
10.364697 3.647727
8.079467 3.913315
9.844329 4.010435
5.594778 1.935569
10.296482 3.638938
15.004745 7.913709
10.509400 3.659810
9.700886 4.111757
10.311594 3.828764
13.611357 3.399834
13.342397 8.519420
11.842947 5.883701
12.087512 3.317640
2.806030 5.480832
3.602038 5.387905
6.316124 7.320585
2.123406 3.864549
7.480857 5.285396
10.725695 5.332829
9.747459 4.983505
8.051077 4.344252
9.181745 3.586747
10.178865 5.375491
10.070931 5.653816
12.789433 4.277017
12.644814 8.636888
7.061492 3.786840
7.700458 5.474089
10.633834 11.279356
12.920804 10.531716
11.607924 8.862511
12.735501 7.142724
10.548820 2.492006
8.239162 3.477457
9.220858 3.633335
8.796560 5.146291
13.902405 4.781991
11.436325 12.611116
12.423747 15.231528
13.370849 14.485608
12.791091 12.917768
11.351554 11.146348
11.246686 10.961324
10.806279 11.273283
14.554299 8.289201
16.282858 11.108109
11.678626 10.304363
11.912959 9.054321
13.378233 8.225724
14.483622 1.870529
10.324065 4.733127
8.892522 4.908027
10.284623 4.576841
11.106457 5.218427
7.979467 5.224393
5.630781 5.910923
4.779870 7.285286
4.827657 8.262589
5.227838 5.438395
8.392145 5.041888
7.714280 3.523550
8.853328 2.640222
7.127771 5.599244
7.326109 5.059959
8.577738 4.824660
7.234136 4.776765
8.932563 4.249426
6.991595 3.552217
4.500762 1.871122
6.045790 7.776653
6.935491 2.857481
6.212345 4.542099
5.924654 3.944242
6.159007 6.292771
6.431399 5.712542
7.358998 2.797349
8.396567 5.417054
8.871999 5.258610
11.731160 5.588858
12.598983 9.647534
12.963734 8.024375
10.240634 2.974650
7.869173 4.405786
7.540491 5.172781
4.865160 4.514579
5.603831 7.071773
6.107921 6.609420
6.274145 5.222915
7.427633 4.005195
8.925740 4.090042
9.516685 4.150046
5.695867 4.464493
5.212234 3.908670
6.304568 8.266069
8.673781 3.614809
11.745365 2.931763
9.040122 2.227305
11.772422 3.150776
11.829863 6.775575
14.367176 6.897175
11.210300 4.711609
9.367304 3.365931
9.713656 4.885663
9.687508 11.056859
11.937719 13.292423
11.746861 8.783770
12.547073 4.579761
10.766845 4.865954
14.829345 2.150525
11.584341 4.792553
12.013682 6.891431
11.348629 4.345777
9.235205 5.330314
4.459934 5.123680
5.403392 7.999845
5.587785 11.241215
4.724339 9.458936
6.528356 9.349460
5.687516 5.839519
3.745040 5.651717
1.559310 5.851827
-0.605365 5.607106
1.132266 5.794265
-0.308999 4.872990
-1.715393 7.107832
-0.825719 9.421803
-0.851995 9.519320
-0.997126 7.239468
-2.646630 6.969903
0.370853 3.942717
1.643618 4.821685
0.740861 3.314522
2.716180 4.972896
2.074181 4.280257
0.214732 5.510122
1.066291 5.531339
2.877602 4.450126
6.064291 6.625388
5.826465 8.276898
4.542007 8.070889
4.485674 5.461590
3.411366 5.148264
3.114312 5.762633
2.056288 4.720738
3.112073 4.667260
5.785963 4.882198
5.600713 8.002248
5.496677 8.116692
6.034202 7.161544
4.869639 7.170420
5.976920 7.986836
6.440820 5.764966
5.001765 4.186416
8.344601 4.349471
5.278286 5.396666
5.578297 8.816190
6.917157 12.289515
5.480484 11.861291
7.633956 11.790172
6.702303 11.320313
6.144884 6.200541
6.721632 3.799847
11.448056 2.716528
13.874647 5.099397
12.966187 1.573965
9.282946 3.964811
12.705326 3.117234
12.750216 8.438432
13.631394 8.373635
10.685739 4.466398
10.256563 5.196120
9.952585 4.747791
9.690202 5.172842
12.655787 3.457570
12.007303 8.274083
12.781578 6.517836
11.205544 4.391716
8.894130 5.643155
6.993169 3.322825
8.532452 2.502627
10.278999 3.600564
10.948461 5.467566
12.656536 5.872897
11.668195 7.442983
12.158722 9.631674
11.817945 8.058455
12.856853 7.639146
12.249887 5.627632
8.608543 5.383152
8.546185 5.338128
7.595294 4.882478
5.541070 4.650033
5.722864 5.884902
10.221284 4.211125
5.607792 2.356852
7.255960 4.364233
8.919843 4.050823
6.758661 4.249178
12.356569 9.719541
13.392303 6.666074
9.376946 4.031329
11.075315 4.116708
10.895754 5.427210
9.034616 3.733466
4.380558 6.350592
7.276975 4.150376
6.457502 5.786385
6.128559 6.084340
6.227162 8.130913
4.818111 8.307393
6.864534 11.139698
6.749440 10.752447
7.455888 10.956985
11.711547 10.233153
10.591460 3.381783
8.645067 1.277251
10.317985 4.040070
8.843822 3.405540
6.221592 4.393044
7.912568 1.875164
8.476510 4.060434
6.346529 4.214660
6.527618 7.987564
6.046922 8.220042
6.010977 7.320071
6.210021 7.421016
4.843923 5.672720
5.666064 9.047677
5.361851 6.332442
7.627448 4.174292
10.212392 4.992120
9.887293 5.000384
9.195988 1.806690
13.863741 7.337824
12.608418 8.214908
13.220965 5.373029
11.214841 4.240457
10.644476 4.027773
12.281245 4.733091
11.087832 5.074225
13.252501 6.776318
14.905199 8.756936
12.358745 4.497877
11.487181 3.779508
11.964077 5.097656
6.891206 3.983250
5.907940 5.526854
7.565292 1.654946
9.199437 3.486338
8.021745 4.576697
8.068904 4.638868
7.691730 4.751200
8.506567 2.219772
8.278043 5.347617
7.469171 4.971443
6.757658 5.258717
8.472050 4.721898
6.136250 8.123391
5.512951 7.096174
6.353980 8.647552
6.052212 9.094341
5.828271 8.413669
9.328279 12.035750
5.694461 13.182904
5.358530 9.072599
8.212266 5.434921
11.697290 5.203057
9.766770 5.202127
8.299973 5.393784
9.317047 5.402991
9.047015 3.000435
8.528871 1.742264
9.025476 5.465554
8.874673 5.132528
7.001454 4.269912
9.053350 5.532103
11.653357 5.927666
13.873179 7.488436
12.567016 9.463164
12.327250 7.812193
9.028413 11.009737
12.048867 8.738516
5.477616 10.797326
9.345149 11.155847
10.077896 10.962968
9.478237 11.366894
12.231360 12.147147
12.851955 9.117421
11.736043 8.792735
12.327105 6.895125
11.694234 3.387180
4.941270 3.478990
8.195733 2.656312
8.993120 4.751435
8.263313 3.403870
9.037402 2.989664
7.324079 4.183820
8.357595 4.737350
9.590740 5.425992
10.299391 5.020054
10.881614 5.419527
8.775267 4.809000
9.238032 3.881786
9.528137 3.787808
8.411913 5.387254
8.665990 5.512298
7.201250 4.656993
6.173940 6.166682
6.134368 10.061028
5.177559 9.638557
4.980898 8.932201
5.775788 4.885967
6.319346 4.336482
6.516371 2.402053
6.258814 5.048296
9.861006 5.383183
12.517112 5.115503
10.835225 4.744278
8.232075 5.478846
5.442646 2.847126
4.639451 6.593511
5.557082 8.207085
5.606850 9.144035
5.633694 6.903635
7.342411 4.290278
5.221801 5.530296
3.769779 4.879651
6.426423 7.154296
8.685099 12.101411
7.388040 11.252793
7.429775 11.066810
6.419710 4.474573
4.562235 5.335139
4.541338 8.206565
5.015121 9.177278
5.248149 6.272112
7.570355 2.015042
8.376484 5.257311
12.937362 5.468023
11.636267 6.088426
8.284384 3.543620
6.138674 3.474105
7.431797 5.520772
9.803032 4.483633
11.381104 2.340622
12.384725 6.467615
10.291199 4.462261
12.247550 2.075568
10.448382 2.339386
8.825957 3.210820
7.359735 4.927626
7.927397 3.775498
4.483399 2.366043
8.511130 3.090580
9.870938 4.413318
8.934153 4.926964
7.018824 4.948215
7.468785 4.452413
6.213440 5.671673
5.610502 7.652791
6.256793 6.973322
10.424283 4.527775
9.190311 1.803289
8.959236 3.539684
9.559749 4.384362
7.866304 3.963567
8.368947 5.087696
8.228365 4.980634
9.747864 4.872575
13.965461 5.859482
10.223667 4.182321
9.239334 2.819536
6.515660 4.406075
6.314488 2.101511
9.083479 5.436683
10.483654 4.243252
9.977977 5.286130
7.961049 2.998425
7.125373 4.627130
4.652617 7.212314
6.424041 7.666973
6.379058 6.768240
5.462912 3.590181
-3.747238 0.548610
-4.897608 -1.950664
-9.928089 1.226639
