-17.329103 9.879545
-14.647284 5.439098
-12.391519 2.157836
-19.509815 1.687068
-14.240322 6.976877
-18.420120 6.893344
-12.789413 2.530687
-14.406179 5.343794
-13.093243 8.167227
-14.981315 5.482900
-11.645686 1.379624
-10.830658 2.637871
-8.403377 3.404742
-8.413837 2.945340
-8.223029 1.386000
-9.418427 -0.509315
-5.302211 -1.491894
-5.527425 -1.763245
-6.601974 -1.160983
-4.463019 -0.292870
-1.132637 1.570277
-1.566298 3.625787
-1.363391 7.378478
-3.170355 7.106872
-4.414949 8.311701
-5.099506 7.155585
-5.227813 9.239184
-4.621815 9.103950
-11.818949 8.693666
-9.799562 9.030243
-7.043253 9.281802
-6.013458 6.383725
-5.168759 6.890451
-5.656464 8.355004
-5.233271 7.906053
-7.841786 8.379542
-6.123302 7.899703
-6.315682 11.816464
-12.534369 8.765871
-15.238333 6.403809
-5.871108 8.512472
-6.090200 8.133568
-9.152367 2.877624
-9.556107 0.363330
-10.249572 1.775947
-9.919279 2.200503
-13.166043 0.732814
-13.701227 -0.899922
-9.141136 1.641462
-10.673404 1.303342
-8.114655 0.648151
-8.791608 2.476495
-9.627745 3.364351
-10.341413 2.435923
-10.578297 3.254716
-8.221931 0.550467
-9.938091 2.265516
-9.571613 -0.217701
-7.220833 0.572499
-1.449012 -3.372925
-0.902237 -7.982895
3.301625 -18.877665
