5.448446 13.112343
5.258708 11.820845
8.789795 11.867456
4.891563 9.902314
5.117462 7.138531
5.317667 5.249124
6.351764 6.852814
5.383927 8.199205
5.994899 7.970827
5.218482 8.452468
5.963440 6.231771
6.011228 4.960299
10.340820 4.392039
10.887338 3.417423
7.152615 3.423484
8.033169 4.774957
10.708066 5.179133
11.280997 4.150222
8.878179 3.859017
7.466565 4.703834
9.959758 3.737186
10.480263 5.139988
11.245886 5.365757
10.752466 5.523406
11.473022 5.305192
10.855568 2.823657
11.932533 2.233259
9.574104 -1.979778
9.459053 -1.333306
9.223248 1.167663
6.082579 3.220131
6.597627 3.289686
6.919835 5.094858
9.140792 5.166512
3.618567 4.683934
6.289465 7.951052
6.055808 9.877854
6.121831 10.934567
7.607841 11.232938
10.749600 11.414769
5.513489 5.122247
4.495848 7.437004
5.819012 5.910541
6.647914 5.253224
6.229717 4.486171
5.337584 3.838075
5.898464 5.671184
5.944776 6.793102
6.606061 3.567372
8.021051 3.514234
8.915249 5.222781
10.635427 5.629565
12.569667 5.175108
11.693732 6.014099
12.357569 7.132832
11.974546 5.943280
11.568847 2.057120
11.971188 6.158063
11.653508 9.867244
12.369572 4.751123
12.791967 4.973909
7.987016 5.035580
7.664911 4.383919
12.099277 0.590181
10.138140 2.857949
8.322530 4.870411
8.567049 5.560639
7.114195 4.168543
5.871558 6.083832
5.312294 6.370112
7.382887 4.741125
8.915895 5.060616
11.653833 3.600129
13.379791 7.026504
12.796456 7.782995
12.467812 8.774055
12.007645 4.941724
7.397353 4.314221
7.842432 5.380417
4.838021 5.288473
5.941398 7.359524
5.728174 4.551461
11.372501 5.100742
14.236864 5.422150
12.213236 4.545730
10.459518 5.178138
11.028393 4.967354
8.563272 3.924037
8.682498 5.567280
4.611376 4.486232
6.740152 5.086957
5.890724 3.637183
6.794305 2.775350
3.444977 5.051137
8.016978 5.008499
6.198487 4.096171
6.189744 8.080556
5.729469 8.901994
4.799796 8.739260
7.383925 5.171077
8.928819 4.392834
9.864788 11.279066
8.045080 10.800265
10.497911 13.655404
8.722645 13.845401
6.961585 11.983607
4.734314 11.141603
6.303611 5.498021
5.803069 5.628118
6.342056 9.593792
5.105133 8.184957
6.526563 9.769658
5.891613 7.802507
5.544745 6.626015
5.395703 10.815946
4.950246 9.930799
4.006861 4.451384
3.508230 4.633204
1.623683 4.626901
3.931345 4.375244
1.976066 4.468660
6.435024 6.004858
6.139520 9.519631
5.768066 6.450975
6.352146 10.694411
8.003785 11.945056
9.212284 14.300381
9.228204 13.962888
5.345061 13.289140
6.536166 5.906797
5.663802 4.862405
3.580549 3.740786
0.978426 3.142574
2.675338 3.674391
5.848406 5.972106
8.132515 3.919816
6.141683 6.080983
5.832650 8.502689
8.617382 11.050810
11.901723 7.334146
6.861889 11.507609
11.524054 17.384037
13.460840 10.267455
15.482700 5.059705
11.642613 6.685983
12.702375 3.704497
10.693758 4.811504
11.699673 5.741728
10.176774 2.748117
11.788281 5.124758
10.327046 4.987613
12.102502 5.183033
11.759863 8.527961
13.603745 7.547554
12.047780 2.782271
11.987170 7.212049
11.983416 7.383966
12.355474 5.081339
10.055681 4.424378
8.183867 5.026622
9.124507 5.282771
9.192624 2.805801
9.440655 4.340859
10.857936 4.157960
1.053038 3.729267
0.768464 3.234838
1.845981 5.778507
-1.159588 5.472013
1.569539 5.298262
-0.736940 4.666278
-2.148361 8.610405
-0.696711 8.409101
-2.441492 9.022520
-1.747359 9.579013
-2.373339 8.800394
-3.622686 10.428916
-1.103571 9.912359
-2.414391 18.207443
