-12.259161 -10.358520
-5.551142 -9.761167
-2.822405 -8.327688
0.708489 -7.743133
0.914986 1.071648
1.635377 -0.107558
1.158811 -0.498894
1.657441 0.254459
1.762301 1.229351
1.316678 -1.830702
1.750816 0.254486
1.806562 -1.613675
0.962416 0.647923
0.372868 -1.157227
1.775470 -1.297074
0.748924 0.784111
3.653496 1.428700
3.025409 1.131279
3.835320 1.723029
3.857268 1.253996
3.772145 2.061257
1.935667 1.631635
2.873028 1.318296
4.199834 1.490819
4.662193 1.800110
2.665387 1.353070
4.358236 1.841803
4.364557 1.580209
6.017862 1.492428
2.961416 1.136517
4.181874 2.175859
1.610498 0.061762
1.564854 1.698447
0.792472 0.889088
1.394080 0.498722
1.770195 0.674969
1.189398 -0.790719
1.534661 0.475926
2.934443 1.092319
4.569981 1.459939
3.930613 1.084239
5.067700 1.645005
4.414039 1.330131
1.681804 0.510636
1.583317 0.528787
0.541629 0.614238
0.939616 -0.518439
2.089232 1.788114
6.940461 -0.491465
7.242838 2.154875
9.521937 2.409826
6.191680 2.558166
5.073256 1.904455
4.730422 1.743468
4.265056 -4.665978
4.315879 -4.897726
5.764023 -4.883404
2.974249 -6.872227
1.224232 -8.009177
4.604238 -3.961894
2.925179 -4.236238
0.640698 -5.087462
1.487728 -3.359758
1.123188 -1.301971
1.257503 -4.406600
1.317119 -2.177155
1.228471 -3.798062
3.160879 -4.421584
0.254748 -3.309713
0.498810 -2.699292
1.296790 -2.600786
1.668868 -3.273235
1.301724 -3.438307
1.351354 -4.256577
0.684394 -3.745380
1.192691 -1.610922
1.218708 -1.664208
0.303561 -1.157810
3.080900 1.201887
3.548417 1.454425
4.417479 1.182316
6.642690 1.072855
4.279654 1.555555
3.904528 1.308162
5.723552 1.432945
3.559547 1.685099
5.450320 2.316421
6.344809 2.176874
8.947131 0.378486
7.538559 -1.183104
7.868492 -1.390398
7.316787 -0.809307
7.085584 0.134524
7.700085 0.032418
7.281065 0.274787
7.107802 -0.403388
7.265762 0.196582
9.562527 1.673565
3.505165 2.038256
2.689051 1.429660
3.648848 1.167663
6.102625 1.895372
6.943793 1.173362
5.913010 1.768465
7.797261 2.789672
7.171855 1.819043
10.154868 2.871014
12.952398 4.433972
15.172503 3.217207
