1.409184 -12.523362
-3.016178 -8.805289
-3.587912 -5.937723
-3.068597 -1.504527
-3.586027 -2.296153
-2.778579 -0.081575
-4.910304 0.492681
-2.446761 0.775133
-1.974211 3.888209
-2.184238 3.546462
-1.882243 3.313771
-2.091478 1.406114
-2.197400 1.737692
-2.984754 2.692217
-2.092617 2.834661
-2.482513 4.353734
-0.384743 5.272632
-0.484067 5.748569
-3.889607 6.075242
-4.212652 5.989731
-3.058906 6.434038
-3.096828 5.665930
-1.380736 3.271633
-3.154526 4.366877
-2.495501 6.192026
-3.300739 6.251629
-2.991767 9.224282
-1.803453 2.850243
-2.533016 3.832436
-2.190849 4.800490
-3.311239 6.508963
-5.448856 7.470703
-7.506077 7.798936
-7.565367 6.804469
-5.853930 6.574038
-7.194275 6.160351
-7.385491 9.433222
-8.389551 8.718528
-8.543082 9.128985
-4.433352 8.780707
-7.674852 7.734637
-5.650287 7.665046
-8.678063 9.167724
