-1.160712 -17.097467
-4.497086 -11.079982
-3.997791 -8.814126
-3.268882 -4.321869
-5.919820 0.009406
-4.703163 0.568575
-4.277678 -2.125881
-3.061475 -0.795266
-3.763049 0.706246
-2.209119 0.986499
-2.639877 1.758519
-2.044556 2.583617
-2.416119 1.771671
-2.300364 2.020991
-3.036882 2.029278
-2.744770 1.741798
-0.852630 1.220788
-3.179157 4.834160
-2.969330 3.244334
-2.809583 3.783624
-3.026206 3.531364
-2.121726 2.066599
0.050843 3.050362
-1.504065 3.037431
-3.095847 5.398865
-2.372431 7.910368
-4.587452 7.545702
-4.069883 6.183970
-3.792177 7.004433
-6.724556 7.173047
-6.237537 6.095350
-7.204025 12.551562
-9.764512 8.892664
-9.003904 9.553958
-9.864638 10.061675
-11.082559 17.074469
