-10.973202 14.742294
-5.181889 10.492743
-7.162383 5.939502
-7.505230 6.715382
-6.287257 6.674181
-7.410566 6.003713
-7.726204 6.855968
-6.697518 6.368456
-3.992040 -0.240591
-3.609274 0.646048
-1.689639 2.121345
-2.731170 1.279544
-9.060926 2.905110
-7.378138 0.662053
-6.853288 -0.487498
-5.306599 0.190066
-4.196666 0.873063
-6.092207 0.396266
-5.262187 -3.074902
-6.384344 0.529071
-4.126541 -0.996784
-3.784154 -0.682092
-4.377988 0.285113
-2.715089 0.601236
-3.107780 3.444256
-2.656030 2.686211
-2.936234 3.027425
-2.679543 2.440305
-0.469585 2.723489
-0.908196 2.081473
-2.461282 3.377229
-3.080690 3.158290
-2.092281 5.785223
-3.871212 7.205733
-4.158235 7.130652
-5.797226 8.043399
-4.607789 7.275135
-2.591562 6.430763
-1.529529 3.817215
-3.473642 7.037214
-5.800612 7.565165
-5.919688 6.114769
-3.924706 6.189282
-1.593959 7.427153
-1.427192 4.815620
-0.954923 3.512069
0.919310 0.293295
-2.796624 1.886975
-2.696002 1.778015
-2.811039 0.617545
-1.914153 -0.194369
-3.629104 -0.270804
-2.117456 3.211984
-1.209460 2.275581
-2.628177 1.208709
-2.957141 2.310732
-2.582009 1.478752
-1.978927 0.758997
-5.697730 -0.285912
-6.837528 -1.599746
-6.484377 -1.082253
-8.546957 -1.443322
-7.414307 0.504470
-5.754406 -2.116020
-7.357626 -0.665547
-5.954610 0.150846
-3.749960 0.560656
-2.354603 -0.827535
-2.983859 0.920328
-4.962950 0.048041
-3.276026 -1.597922
-2.058622 -7.628253
-3.439843 -8.711021
0.115157 -11.729662
2.028335 -17.295937
