-11.208179 8.793077
-8.657320 8.805228
-6.863579 8.042844
-3.378101 6.066906
-4.502319 6.183384
-5.699035 7.129770
-6.794020 7.461960
-3.673901 7.500392
-2.541586 4.199618
-2.214382 5.045616
-3.372807 6.706948
-7.613619 6.332647
-7.793118 6.698959
-5.719041 9.533644
-5.140127 6.673555
-7.211337 7.052560
-5.100341 6.684413
-5.496206 8.633455
-9.835768 8.629222
-8.684374 8.913281
-6.569037 9.312561
-6.021753 9.735464
-5.575504 6.980097
-2.996266 5.851840
-2.842635 4.132570
-1.560856 3.786336
-2.842721 4.713883
-1.926237 4.164140
-1.713564 2.558566
-2.123037 2.072315
-2.485002 1.708189
-2.550974 -2.621627
-1.078488 -5.014673
-0.353562 -7.525143
0.943349 -12.048995
