1.980071 -17.795755
6.055653 -11.623824
8.062297 -7.932881
10.405998 -8.769693
12.277597 -6.954209
12.522066 -5.658551
11.286816 -6.939495
11.371952 -11.360413
11.050320 -10.295428
11.089789 -9.110277
5.165090 -8.488193
8.698702 -9.289295
10.700172 -9.517739
11.483383 -8.887662
4.804047 -9.875659
7.026215 -8.745328
4.047315 -8.264793
2.679965 -4.733926
3.371907 -6.675318
1.636634 -5.105639
0.607721 0.827963
1.668489 -0.136717
3.884442 2.072855
3.099540 1.732672
2.440674 1.635941
3.219182 1.654866
3.233445 1.552342
4.562128 1.163245
5.287968 1.245582
8.100905 0.829577
7.519928 1.304944
8.219084 0.140439
6.993309 -0.234025
8.365489 1.043273
4.990034 1.521204
6.646642 1.542438
5.438609 1.213727
8.520897 0.185457
7.199263 0.805478
7.453373 0.778251
7.124959 -0.854363
6.979996 -0.955459
7.079902 0.387040
6.900505 -1.433103
7.066336 0.134876
4.802368 1.792012
5.928194 1.860009
5.932336 1.611019
4.621018 1.232488
6.535900 2.343832
3.751411 1.537662
4.352475 1.688865
1.469552 1.734560
2.412277 1.261893
2.588691 2.069703
3.882818 1.979487
4.407823 1.560363
3.740816 1.295461
2.702710 2.102790
3.188648 2.873034
2.454986 2.080758
2.521575 1.377644
4.138772 1.951804
1.789158 2.136683
0.439900 0.212844
1.385113 1.202639
1.195057 -0.157213
1.424313 -1.595030
1.611261 -1.485822
1.689651 -2.081973
1.810829 -2.880185
1.558230 0.004841
1.324331 -2.070862
0.757608 -2.930696
1.044406 -6.258054
3.639166 -3.984966
2.622070 -4.338570
1.555978 -5.331987
1.365970 -0.206624
1.009499 -0.454542
0.200446 0.051501
0.713019 0.057246
0.440388 -1.587235
1.588601 -0.427974
4.471381 2.912571
5.959958 2.501773
7.058574 1.871186
7.127073 0.177317
4.499630 1.178286
3.140580 1.257299
3.432109 1.705900
5.034046 1.153884
4.329417 1.676097
3.689048 2.039001
3.619378 1.464619
5.008294 2.099466
4.469740 1.646663
4.981678 1.358500
1.820792 1.635201
7.285944 1.797964
6.414380 1.793192
4.016211 1.816658
3.775784 1.505862
5.070016 1.282245
6.870865 1.194565
7.313511 -0.584844
9.559555 0.170991
7.209186 -0.386029
7.156126 -0.878445
8.388264 -0.116405
10.895845 0.280063
10.346476 -0.509922
12.065144 -1.650010
15.018414 1.419469
15.972488 1.772200
