12.040611 3.841152
12.346190 4.175825
14.242414 5.819165
12.727128 5.302445
12.298496 3.667493
16.062403 4.446393
12.054657 3.460426
7.530774 3.704706
10.138651 4.474258
9.347738 3.526530
12.789017 3.776867
8.230452 3.914963
7.150660 1.178148
7.856345 1.472897
6.601485 1.667583
4.963674 -0.535480
5.851805 -0.097243
6.026069 -0.214245
4.657502 -1.582588
6.934719 -2.319985
4.486097 -0.038401
5.343284 1.699479
6.618272 0.489238
7.433051 -1.121724
7.226147 -0.325066
5.482500 -2.598738
7.030410 -2.263616
4.364426 -1.330951
5.689975 -1.801473
5.339669 -2.088459
3.799977 -3.661089
8.317457 -3.927286
10.156378 -4.351810
9.384779 -4.058304
6.807606 -3.633948
7.237046 -1.372895
3.877864 -0.034133
4.953665 1.149259
6.556371 2.811994
10.030997 6.058986
11.133267 3.851853
12.150545 3.475987
10.299264 5.896845
8.096653 6.027808
9.153872 4.684061
7.219365 3.887959
6.535724 2.008928
8.655698 2.693620
6.367443 1.902507
7.755191 1.290056
8.224224 1.365507
8.493214 1.861220
9.626049 7.933872
11.972598 4.391919
10.261066 4.645471
14.548128 3.411773
12.834640 4.565708
12.038239 3.869393
13.814279 5.713956
18.279867 0.390804
14.429592 -0.568047
14.739373 -1.307284
15.314057 2.098229
