0.216566 10.988243
-0.778407 5.824550
-2.003155 3.653075
-1.985275 3.893139
-1.402181 2.409419
-2.171021 4.008406
-1.743151 2.096457
-1.026115 4.079734
-2.478991 4.542864
-0.075550 6.088653
-2.182844 5.067719
-1.331890 7.482116
-3.467633 6.778101
-3.575222 6.905976
-3.868801 6.532904
-5.723140 7.733697
-5.336787 6.940054
-5.631441 7.234425
-6.068419 7.327202
-8.730584 9.379120
-5.197821 6.315033
-5.330212 6.584245
-4.218731 8.039717
-4.181735 8.917249
-3.058583 6.620152
-4.258446 6.500391
-3.872964 6.605731
-4.530752 7.131309
-6.330503 7.220417
-4.218784 7.025391
-2.766947 6.593597
-1.957625 5.922609
-2.027019 6.011498
-2.475221 3.146942
-1.571048 2.917619
-0.230852 3.370922
-2.319953 4.810710
-1.853096 3.587256
-0.606794 2.135053
-2.220039 2.029682
-1.550246 1.819432
-1.534875 1.900768
-2.359875 2.330469
-1.322615 3.393664
-2.307740 4.006662
-1.522495 4.529825
-0.821174 6.703098
-1.148438 6.346084
-1.891264 4.504000
-1.689998 3.457870
-1.167909 3.936921
1.183064 3.153686
-5.352178 -1.102572
-5.486378 -0.474357
-2.595781 1.166866
-0.840971 2.711762
-1.055159 0.664421
-1.627320 1.500767
-1.226739 4.363453
-1.651896 5.810367
-0.955740 4.248929
-1.009783 4.271383
-1.717419 3.894638
-1.831327 6.786888
-3.139749 6.442971
-4.605299 7.210063
-5.979636 7.024114
-4.453461 6.650622
-5.045044 7.302132
-7.215046 6.611540
-7.338031 7.564112
-7.384237 7.004202
-7.753024 0.835296
-10.695484 0.782499
-7.365479 0.204085
-6.948100 0.337204
-9.219459 2.933443
-9.824695 2.284326
-5.364203 0.695956
-13.110460 7.886541
-11.462132 8.614072
-18.201649 7.296319
-13.720741 5.566557
-13.385442 6.915371
-13.110455 5.026381
-8.899055 8.616814
-7.421720 6.479554
-7.434636 7.802599
-7.354758 6.526059
-7.614168 8.999505
-6.177366 9.810292
-7.836640 5.985826
-7.494864 7.177549
-5.516017 6.595131
-6.870036 8.441580
-3.938047 7.682834
-5.467648 7.578146
-7.520057 7.602113
-7.194698 8.194156
-12.040605 11.493060
-15.898403 14.050305
-12.537567 9.148578
-9.773030 9.866960
-5.647926 8.044063
-6.778566 7.166946
-5.562856 6.535192
-3.148156 6.740935
-9.403643 9.442725
-9.743773 10.597684
-8.259829 8.796305
-4.345259 7.461289
-7.549324 8.497397
-5.992840 6.808767
-7.217050 7.233016
-6.085909 8.079580
-10.129691 1.896653
-8.770029 0.745504
-8.097923 0.896207
-13.879265 8.309024
-14.635879 -0.204076
-13.261497 0.001538
-9.661897 2.701335
-8.791479 -0.391850
-6.528959 0.097197
-7.761637 5.963885
-9.529827 1.065890
-8.744434 2.568312
-9.243753 3.494090
-7.372622 7.257950
-6.128335 7.824985
-7.328247 6.793151
-7.275154 7.414855
-7.207961 6.314048
-5.974814 7.095625
-4.407874 6.951259
-2.645581 7.757175
-3.512937 7.075941
-1.140526 3.616037
-1.816613 2.716780
-3.290359 -0.159559
-9.022157 -2.607761
-9.230772 -0.282966
-9.710795 1.095047
-8.996836 2.848161
-8.276590 0.828674
-4.657709 0.746362
-3.716430 0.555235
-2.967989 0.324923
-1.736503 3.124818
-0.804949 5.271560
-2.195060 2.620265
-2.204729 3.311531
-3.711329 6.922566
-6.667624 6.877667
-7.901417 6.460377
-3.974063 6.513535
-1.923228 -0.815261
-4.620750 -0.489390
-6.003856 0.798748
-5.988555 0.815841
-4.876982 0.439061
-4.544878 -0.138845
-5.888733 0.177042
-15.421589 6.802461
-13.553488 9.742753
-8.068418 11.081735
-6.739516 6.750407
-12.961750 7.656231
-13.156397 3.592215
-8.157933 0.500801
-8.597738 2.222070
-9.559506 3.441851
-9.874091 0.801646
-7.157719 -0.335900
-5.358030 -3.819578
-3.615460 -1.060303
-3.312869 0.360799
-1.181857 -4.503793
-3.581201 -7.725206
-6.986393 -9.055522
-9.106716 -14.003054
