-18.669090 -9.844234
-10.109527 -6.103751
-10.250940 -6.027427
-8.703190 0.648999
-9.346625 1.692337
-9.377642 1.945869
-12.142818 1.606076
-15.884001 0.377874
-13.568205 5.493906
-14.977401 8.022363
-12.310053 9.077950
-14.578943 9.638329
-12.230185 8.668406
-10.674976 8.622032
-10.854668 11.639958
-10.591930 9.262929
-11.569134 9.178813
-12.508247 9.414666
-8.694811 8.671535
-8.878057 8.848777
-7.319759 8.314155
-7.816748 7.446676
-6.280048 6.315243
-7.691270 7.318796
-7.447164 7.632261
-7.502833 7.022334
-6.435578 0.320854
-7.444935 -0.337723
-6.526543 -1.849764
-11.388171 0.641005
-6.949697 0.067786
-5.702962 -0.699325
-5.159189 0.706720
-2.157133 0.420807
-3.510201 0.809142
-4.476692 -0.515906
-2.865460 1.129862
-5.208085 -0.438693
-8.228561 0.898810
-8.576588 3.228162
-2.206183 5.385819
-2.304012 5.428461
-2.288202 4.025173
-7.169147 7.061563
-6.973284 8.253294
-2.943165 6.935253
-4.490784 8.671404
-6.717708 7.537858
-7.204523 8.152041
-7.294503 7.246451
-4.714749 7.551016
-6.692010 6.637843
-6.144943 6.847952
-5.648671 6.381668
-3.676523 6.895213
-1.561528 7.993225
-1.797433 5.956213
-0.999234 4.611941
-2.152101 1.107132
-6.032351 0.108871
-5.581300 0.033300
-4.317404 0.286512
-2.853948 -0.517421
-1.488772 -1.205837
-2.196794 4.757631
-0.424301 4.705308
-0.673426 7.837376
-0.521189 6.341204
-3.527240 6.323857
-6.458390 6.836144
-4.335443 8.976905
-6.560460 7.029979
-7.810832 7.539498
-6.393723 6.696737
-6.756673 8.286174
-5.804161 7.897310
-6.038838 7.188500
-7.809258 7.201425
-7.226299 6.860403
-7.268730 9.867335
-5.629615 9.788577
-7.637550 6.198872
-9.755125 1.170239
-7.381603 0.473943
-8.617718 2.647508
-8.314364 2.936906
-8.209165 2.726511
-1.097312 6.390545
-1.766585 6.247497
-1.519288 5.113242
-7.511278 7.828567
-7.206211 7.788028
-4.819846 8.560874
-3.914866 8.065476
-4.208116 7.033556
-4.749068 6.805361
-5.621995 7.204443
-6.197875 6.573991
-1.597372 2.083564
-2.038844 1.830319
-8.419459 3.420382
-7.199537 0.873974
-8.694305 -0.284953
-8.911949 1.698859
-10.445764 1.967973
-8.513923 3.087596
-10.038089 1.111008
-7.500363 7.881006
-4.243626 6.676489
-7.868280 7.077728
-6.904873 7.551236
-6.607946 7.086824
-6.125651 8.229256
-6.634525 7.867889
-5.170849 7.115052
-8.060219 8.842225
-6.707462 8.468592
-4.915067 6.518827
-6.279395 6.486400
-8.235119 9.248918
-9.833035 8.548185
-6.500105 9.495506
-6.982722 8.077439
-10.199687 9.589911
-5.358832 6.879125
-6.115396 7.028550
-14.325250 2.069489
-13.049605 8.427611
-14.020256 5.698890
-12.692392 2.364412
-8.964019 3.401822
-12.691711 2.834440
-8.584406 2.859011
-8.994149 0.899842
-7.353685 0.894197
-7.847903 0.371860
-7.470369 -0.459450
-1.553974 1.045991
-2.161442 0.784968
-2.816260 1.228817
-3.582743 -0.148901
-3.949574 0.931743
-2.792773 0.661468
-0.691599 3.236000
-1.143153 3.859831
-2.158659 5.098474
-2.143509 2.906203
-1.098622 2.917055
-2.003188 3.822618
-1.409462 1.505879
-3.282471 -0.964484
-3.640858 -0.355823
-2.304635 -0.825076
-2.091816 3.271703
-1.815588 5.451448
-2.948765 7.140357
-4.146520 7.075131
-5.422891 6.657490
-5.014718 6.670201
-3.857650 6.488141
-2.546645 6.742774
-6.163206 7.757080
-5.486150 10.604844
-7.691665 7.786794
-7.269605 6.472206
-6.641597 6.491987
-4.546418 6.531689
-6.634706 6.810959
-5.456413 6.644468
-4.637281 9.717073
-2.475539 12.531576
