14.705193 0.451971
15.341526 2.316334
14.767057 5.858188
12.357133 4.380819
11.184350 3.949599
12.125735 4.074054
13.202149 4.035450
10.770712 3.827174
7.618778 3.857492
6.842380 0.493948
5.664474 0.339205
6.377657 2.472991
5.762671 2.825985
6.868855 2.173268
6.227442 0.548549
7.351454 -0.376853
5.650284 -0.047532
5.559759 -0.615923
6.784521 -1.295434
6.643784 -2.820442
8.212681 -6.536170
9.517559 -4.006191
10.548802 -6.235328
9.957735 -7.205570
14.968205 -6.648582
18.572084 -11.130801
19.914869 -13.086621
14.657982 -8.350186
17.250814 -6.698251
6.774230 -7.943951
6.099919 -5.080420
5.641438 -5.784474
4.168861 -6.639824
3.379647 -9.228392
0.603984 -12.866480
