17.555357 -0.200595
18.491314 -4.999735
15.643597 -8.263909
18.245855 -7.117824
15.263578 -10.189938
9.123714 -8.322154
4.838276 -8.078885
6.535602 -9.349410
9.058353 -8.592470
12.362377 -14.176521
12.931501 -13.436440
12.344511 -13.837711
7.993313 -13.210367
5.973263 -13.148181
9.116036 -6.751373
9.652279 -7.554186
11.903502 -5.359213
10.161226 -6.427448
11.047188 -7.025107
8.693334 -5.600553
8.603920 -6.824141
7.572334 -5.212555
8.694069 -6.048078
8.094469 -5.354716
8.266418 -7.887388
8.481085 -4.710538
6.510273 -3.559926
4.431364 -1.508623
6.024127 -0.063471
7.978415 2.199631
8.291773 1.468667
9.084239 1.525850
10.728605 4.156785
13.990095 7.076639
12.172614 5.587491
11.989499 3.833291
11.141117 3.629323
11.082859 3.967222
12.216576 4.475627
11.296158 5.528713
9.954349 5.525445
8.332188 1.508930
8.818704 2.080279
6.819059 1.304228
7.607754 1.316793
7.402526 2.118791
7.356441 0.842557
7.192197 2.150101
8.892286 3.287349
8.545425 1.950050
8.159291 2.565782
4.180788 0.373753
8.226831 3.161300
9.210164 3.472306
11.708706 4.389555
12.328983 3.853238
14.793339 5.425164
14.260300 0.517846
11.061333 -3.896353
11.140991 -4.619859
10.334867 -4.508904
11.917417 -7.010397
6.027411 -7.202300
6.046339 -0.371236
7.337385 0.466827
6.122034 0.830443
8.732664 1.664837
6.073784 0.393238
7.062906 0.451857
7.500646 -0.485994
6.565279 -1.885133
7.186663 -3.090044
6.642891 -6.853526
9.379028 -5.451164
10.012041 -6.340351
10.586667 -4.903211
8.293734 1.876748
7.360033 2.337534
6.056735 -0.087126
11.730393 4.197117
11.209134 7.510743
9.002593 3.243712
9.116255 3.665975
11.150496 4.385309
14.328745 7.467510
14.771133 2.101032
17.306152 1.354918
15.327768 1.515373
14.617708 -1.461280
15.581242 0.434304
11.985159 3.594528
11.812700 5.527662
12.224859 5.502082
17.154821 2.113271
12.197364 6.859306
12.133811 3.717550
14.707189 0.113993
15.648799 1.415992
12.873754 -1.628145
8.491495 1.578752
8.580882 1.741158
6.906331 2.082005
9.327926 4.443954
10.836880 7.594230
9.996075 4.657259
12.869794 3.922889
8.855082 6.240023
8.308785 2.177938
8.254921 5.370032
7.744490 3.362657
8.369083 2.175397
4.090834 -1.220247
5.609696 -2.667042
4.846017 -10.762984
8.605178 -8.264584
6.977107 -7.469003
11.379470 -7.408020
8.204011 -7.831954
7.901171 -5.936351
5.276110 -7.678116
7.469470 -4.673794
4.642229 -4.136403
3.595182 -4.213323
5.446744 1.125769
8.691153 3.032441
8.727443 6.294068
8.361837 1.618621
7.102726 1.336275
6.467603 1.884775
6.737757 -2.128952
7.475620 -2.157173
6.591067 -0.517920
5.557032 -2.185873
6.872597 -1.039783
6.064724 4.343556
12.641306 3.840147
11.351846 4.912551
13.778738 3.415805
16.395920 4.583947
15.791742 1.369806
15.275708 -0.193119
