-9.691380 14.341199
-6.878648 6.568558
-3.781472 7.303163
-6.153040 8.895984
-6.933201 6.861883
-5.246780 6.431736
-6.007974 6.548558
-5.548144 7.175876
-4.906608 6.508695
-7.771313 6.410329
-7.154550 7.720784
-5.808943 6.992029
-3.697410 6.605763
-4.065561 6.978572
-9.623338 0.643972
-8.939268 0.758653
-9.719070 2.852345
-1.236780 6.097947
-1.689784 4.978816
-4.386676 6.440753
-5.951831 6.399671
-9.481100 2.027166
-10.466660 2.930134
-6.713998 9.074473
-7.980333 9.179185
-9.697090 2.940309
-8.256875 2.065907
-8.732000 0.066199
-5.537730 -0.498977
-7.149094 0.508359
-5.600896 0.766700
-3.982929 0.742339
-2.624726 0.103071
-1.790336 1.702573
-0.672213 3.595648
-1.455969 3.755072
0.213335 4.344450
-1.666112 3.099818
-2.021475 4.329969
-0.866955 4.238992
-1.851765 2.057724
-1.421304 2.988363
-0.561977 2.387245
-2.348492 2.672346
-2.074127 1.481149
-2.943100 0.200837
-2.726358 0.279807
-6.638824 0.070347
-8.062971 -0.872638
-8.462369 2.182454
-8.226089 0.634102
-7.922958 -0.253413
-8.843939 3.022331
-8.555997 2.835498
-7.663215 6.328569
-6.054264 6.360646
-3.535098 7.728225
-2.776082 7.329838
-3.814964 7.473148
-4.086579 6.573244
-5.254911 7.049647
-7.257867 7.496907
-6.185096 7.072236
-6.154887 7.536480
-7.596118 6.419101
-6.897754 6.441602
-6.825943 6.358361
-8.449607 3.418026
-9.986667 0.649934
-8.246532 1.012320
-9.132129 1.480519
-7.717868 -1.296538
-5.277237 -0.337742
-7.311923 0.652233
-9.418079 -1.224354
-9.562389 1.767051
-8.093185 -0.174878
-5.407423 0.756078
-6.202463 0.922765
-4.063694 0.149907
-5.680590 0.783873
-8.693569 2.631547
-8.252064 2.056264
-10.616921 0.730185
-11.856592 2.381125
-6.561084 9.745090
-6.845009 7.607261
-5.785146 7.130481
-4.738731 6.869152
-8.279625 9.117202
-2.610069 1.186017
-1.900460 1.134518
-8.713511 2.726176
-8.365543 0.751362
-6.455106 0.402849
-8.743668 1.090490
-10.675181 3.464001
-6.951154 7.865769
-7.490393 8.155771
-9.736850 8.825855
-11.467388 8.731301
-8.510585 10.593755
-6.935925 6.689759
-7.740804 6.967447
-6.485380 8.720840
-6.218985 6.804311
-2.063980 3.718851
-1.921950 4.471511
0.882644 0.774064
0.178155 1.285781
-0.715535 2.874489
-1.918175 4.447346
-3.640838 6.676456
-4.248026 6.369793
-7.590129 6.541801
-8.347843 3.418091
-8.741339 2.617000
-8.672577 3.077092
-8.450366 1.180450
-8.614338 2.353894
-10.595535 1.662423
-11.007957 1.673353
-12.883752 0.972644
-11.052225 3.485112
-8.637162 1.382054
-9.952987 -1.414273
-15.817282 -6.302001
