-17.481222 18.877588
-12.063742 9.674659
-9.654656 8.833086
-12.504717 9.837904
-8.035460 12.012658
-5.809631 7.277754
-6.605680 6.814771
-4.836795 7.455893
-3.355431 6.730909
-1.616555 6.193988
-2.438653 4.975488
-1.563427 4.706009
-2.011985 3.244194
-1.334732 2.287242
-3.030823 -0.677666
-1.650335 0.128260
-4.569014 0.371000
-5.087782 -1.305538
-11.006064 1.944834
-9.754564 2.223269
-8.712763 3.500023
-9.376616 1.639535
-14.737087 1.705861
-12.855589 1.794364
-11.701113 3.033350
-8.834340 1.562029
-9.545989 3.407245
-9.479846 2.876279
-10.875833 2.444374
-10.272491 2.939823
-10.245695 3.188051
-10.786700 0.768316
-9.566999 -2.723711
-4.653121 -0.220644
-5.984040 -2.065164
-8.702345 1.316104
-8.166799 -1.869860
-5.318416 -0.920941
-5.005166 0.390944
-7.375116 0.205934
-1.805205 -0.111857
-4.039599 -0.882933
-3.048160 0.668491
-4.846816 -0.335558
-6.065474 0.122946
-9.979966 0.346913
-8.223628 1.345125
-8.731199 1.269965
-8.664099 2.273836
-8.606787 2.843483
-10.600321 2.655177
-7.525674 6.241748
-7.180854 6.946650
-7.336056 7.413343
-7.726392 6.490831
-7.290096 7.504392
-6.163959 7.581280
-6.248633 6.500370
-6.416257 7.819581
-7.540448 7.746401
-7.822701 6.975727
-7.669069 6.949943
-7.500504 6.897332
-5.520037 8.626285
-10.558037 11.492277
-10.379718 10.171659
-15.414065 7.672183
-15.357357 12.941077
-7.549977 10.281346
-6.016075 6.898442
-5.981224 6.392568
-6.106843 6.342618
-7.706311 9.160814
-9.640770 9.010354
-8.921289 9.477178
-7.504002 12.258195
-7.082827 6.752048
-4.654222 7.178271
-4.436314 6.875854
-4.272183 7.670122
-2.953063 6.603843
-5.459923 8.601972
-7.494055 8.130286
-6.585446 9.684147
-3.142556 1.138186
-2.363795 0.547803
-4.886479 0.914881
-4.869558 0.030476
-6.714710 -1.406062
-7.317103 0.583154
-7.071669 -0.992802
-10.417458 -2.227020
-8.478338 1.984042
-8.763346 2.722849
-8.196407 2.404876
-10.311068 3.025984
-6.045640 7.562252
-7.722750 8.126369
-7.769436 6.594638
-8.577868 9.741956
-6.316973 7.506207
-7.749842 6.088509
-6.388202 9.292821
-5.686721 7.892679
-7.943255 9.602452
-14.872665 10.149787
-8.467459 1.488229
-9.729408 2.585194
-10.804045 3.170144
-10.887188 3.070522
-12.254516 2.738778
-10.458477 9.964423
-10.294392 8.962728
-6.558084 6.804697
-12.501253 9.217510
-13.949650 7.997118
-13.970551 10.314062
-11.361191 10.920298
-9.472116 9.062149
-6.682035 8.057150
-6.513634 8.140964
-5.556542 6.314162
-3.545657 7.871972
-6.420414 6.496143
-7.284069 6.476498
-7.584942 8.125981
-7.385518 7.946463
-6.967532 7.674917
-4.398149 7.644683
-4.612072 8.222354
-7.919337 9.557175
-7.519668 6.074594
-7.364065 7.042832
-7.478896 8.566556
-7.848475 9.582907
-9.346907 8.549472
-8.263907 9.474281
-8.301294 10.875014
-7.430887 6.336048
-5.866454 7.452115
-4.389542 7.515291
-5.497992 8.234955
-2.149494 8.057880
-1.396367 4.228174
-1.001000 5.249047
-0.838453 2.099001
-2.250529 3.105466
-2.219559 5.515640
-2.084880 4.008490
-2.147758 2.978158
-0.936211 6.666065
-2.152646 5.025178
-1.918848 4.333772
-1.147804 6.105447
-1.510717 6.862467
-3.892452 6.515094
-3.400068 6.561170
-3.917318 7.112876
-6.446362 7.465430
-6.441721 6.559641
-6.326709 6.823409
-4.294373 8.527688
-4.063935 6.867056
-2.078590 3.092194
-1.432744 2.197194
-2.304579 3.756167
-1.027614 0.936794
-1.644956 3.516034
-2.368680 5.447855
-2.358256 5.123877
-1.669684 5.010142
-1.917077 2.744061
-2.130586 4.066221
-1.562865 5.392340
-3.528063 7.413158
-2.229750 6.111782
-1.055442 3.746078
-0.330378 4.279078
-1.607207 5.166097
-0.135738 4.669340
-3.417801 -0.252975
-2.525540 0.975941
-1.246265 0.980302
-4.787096 0.486732
-4.751948 0.483583
-4.621145 -2.068715
-6.395596 0.778291
-4.154425 0.236409
-4.777790 -0.175612
-8.430878 -0.775576
-6.746773 -0.924753
-5.957716 -0.073291
-7.900227 0.906276
-5.031125 0.602091
-4.513648 0.729923
-6.478745 0.900431
-9.721580 0.620650
-8.442128 3.359978
-9.123642 3.256215
-9.342461 2.037657
-10.469475 3.083005
-6.775863 6.430460
-5.366220 7.268229
-7.311133 7.559835
-18.520977 4.289070
-13.800927 7.066736
-13.338446 6.795419
-13.546058 7.625186
-12.924353 8.785146
-8.680352 9.799074
-6.532032 7.502926
-7.583447 6.190278
-8.489234 3.460854
-5.620565 -0.734794
-7.033942 -0.248838
-8.970491 2.328685
-7.348567 6.518804
-7.734190 6.834113
-5.595853 6.343724
-6.460102 7.109174
-9.681417 9.354397
-7.875298 9.260243
-9.952873 2.478391
-8.465263 2.277221
-11.428009 0.740494
-10.429920 2.562451
-11.510366 2.917526
-9.651592 3.186086
-8.246491 3.077882
-8.767730 3.200705
-1.195830 4.027161
-0.572079 4.304212
-0.057851 6.035326
-0.616875 4.128153
-1.213986 3.331294
-0.774770 2.952581
-1.388616 3.155100
-1.434417 4.862959
-0.956117 3.618387
-0.998802 4.991392
-1.787639 3.309869
-1.753597 3.847965
-1.613756 3.045224
-1.300116 3.014054
-1.418552 6.634597
-2.095263 3.097799
-0.829764 2.856131
-2.677832 0.864764
-3.958876 0.079244
-2.314454 0.645897
-0.999156 1.010981
-1.696803 4.399105
-1.930059 2.772800
-1.824261 1.390716
-3.096293 0.792790
-2.943993 0.511501
-1.802833 0.260142
-4.250122 -0.977653
-4.547414 0.180846
-3.769444 -1.561702
-4.584874 -0.228227
-4.223773 0.038562
-2.422549 1.747955
-2.253853 2.081756
-1.754383 3.787369
-1.760465 4.039166
-2.260338 4.480230
-2.123382 5.836515
-2.226847 3.560898
-0.506860 4.787912
-1.171020 4.076013
-0.706883 3.919954
-1.576835 4.212521
-1.039371 5.429327
-2.273974 4.537402
-1.553867 5.087360
-4.613926 7.448370
-3.521721 6.764040
-2.898340 6.448740
-4.573301 7.269247
-5.415426 7.350489
-2.172832 6.710515
-1.694501 4.737784
-1.440553 3.115644
-2.070680 3.637390
-1.863515 3.706508
-1.609753 5.516535
-3.317202 8.357305
-2.417685 6.986274
-5.659338 6.391705
-5.500513 7.375282
-3.276302 7.238175
-0.578550 5.853266
-2.121921 5.150035
-2.340498 2.058720
-1.921573 1.962484
-2.990063 0.179154
-3.580653 0.809560
-3.904012 0.868848
-2.896599 0.923632
-3.186631 0.483642
-5.385754 0.926991
-4.917455 0.247541
-4.140747 0.219331
-3.421587 -1.318727
-0.397272 0.413707
-2.476694 2.717618
-2.405546 1.145155
-2.837133 -0.235558
-4.196561 -0.682171
