-19.105587 -11.311333
-12.744807 -7.282917
-7.853604 -5.712315
-8.814963 -7.795410
-6.637072 -5.787606
-4.843658 -2.209746
-5.314599 0.416080
-5.997170 -0.176089
-2.386954 -0.424795
-0.885031 2.271994
0.042619 2.521757
-1.370094 3.086557
-1.713174 2.105184
-0.989598 3.159311
0.167703 1.323045
-3.102442 0.946051
-1.320637 0.392696
-2.170570 2.350367
-2.199015 1.381806
-1.789989 2.441955
-2.310597 3.254273
-1.483632 3.192737
-1.675424 2.270599
-2.094081 1.803030
-0.693576 4.731416
-1.084967 6.880237
-2.799624 6.318023
-4.434085 7.495031
-4.951824 8.208486
-5.720068 6.371623
-3.814586 6.507658
-3.774037 6.575593
-3.703127 7.298388
-0.384775 6.530171
-0.429489 4.108830
-0.762261 4.294861
-1.461182 6.499349
-0.049768 7.948064
4.074391 10.279658
3.511143 13.282347
