16.533831 3.857456
12.841975 -0.638226
11.505019 -5.153365
12.940954 -1.729236
11.447439 -1.756378
11.910991 -6.141185
12.076557 -4.290626
14.643766 -6.558652
9.743565 -6.796597
11.204015 -6.733166
9.772577 -6.830883
8.103061 -7.055384
5.981577 -8.742494
4.332054 -7.470411
5.820303 -5.686024
5.618910 -6.954624
4.902341 -4.453288
5.639177 -4.987541
5.407390 -3.977462
3.528820 -4.761464
2.942096 -4.047340
7.796788 -0.120848
7.303786 -0.842215
4.574718 1.634842
3.515250 1.309023
3.889189 2.654298
5.057844 1.570687
4.035792 1.962421
3.740678 1.138965
6.901912 1.158631
5.910499 2.107986
4.445189 1.377662
4.922028 1.726795
7.225399 -0.603050
8.135803 -0.290628
8.153099 -1.036344
7.657269 0.832404
6.975072 -0.214085
7.974026 0.809405
7.086668 2.612038
7.754884 -0.542163
8.687585 -1.113911
9.840172 -0.367336
10.285369 0.231889
12.239670 -1.319952
11.441893 -3.781842
11.807446 -6.906124
13.968931 -1.668010
11.145434 -1.420460
6.664170 -9.383183
7.270077 -7.563372
8.308344 -6.910679
7.541425 -9.017677
6.563484 -7.319826
6.190944 -8.611534
7.064785 -8.373105
5.745361 -7.196420
7.005252 -7.244360
5.929484 -9.069954
4.670903 -6.029258
6.837813 -11.290792
8.419420 -7.072496
5.432009 -7.111964
8.968740 -6.691611
9.638125 -6.915613
10.057610 -9.233095
7.523739 -7.313814
-1.525609 -11.774556
-5.984487 -11.521428
-15.806434 -16.024195
