6.203710 2.191976
3.218777 1.554242
3.462597 1.761392
2.999536 1.063067
5.098765 1.318262
2.957417 1.367958
2.391389 1.112946
1.755185 1.180386
1.571149 0.899487
0.939275 -2.230418
1.632709 -0.663477
1.674036 0.783628
1.590660 -0.379224
1.031887 -2.686022
0.678953 2.001765
1.975352 2.404801
0.786867 0.564503
1.532702 -0.471405
0.279844 -0.662422
1.734712 -0.506312
1.192761 -1.584698
5.125915 1.125098
7.143523 -1.183964
6.866758 -0.280684
6.803858 2.147392
6.917431 0.421314
6.993240 -0.174663
7.284827 -0.256844
7.976390 -0.327480
8.226361 -0.763173
8.263789 0.991619
7.040895 -0.662690
8.739941 1.636904
6.187257 2.282706
4.855780 1.647880
4.526923 1.764453
5.662975 1.282888
7.465553 1.310221
7.266631 2.404829
8.286992 0.724078
5.882440 1.490686
4.118809 1.245014
3.100144 1.599540
4.208650 1.424491
5.601302 2.441695
2.829344 1.737797
3.483180 1.824431
2.606699 1.135519
2.360841 2.187192
3.064087 2.154389
5.244782 1.161254
3.989228 1.319157
3.429137 1.082434
5.657060 1.432975
5.529580 1.650608
6.546162 2.752695
3.774218 1.332407
3.148540 1.164901
1.973637 1.547244
0.120595 0.862594
1.690178 -0.708715
1.761554 -0.204160
1.308747 -0.274096
1.691748 -0.117788
-0.389048 -2.508009
-0.809476 -3.702663
