6.799412 3.473938
5.701158 2.320114
8.245259 1.271281
7.673284 2.242692
6.909044 -0.657998
6.814981 1.169844
4.290290 2.300067
3.264823 3.227100
0.225648 -0.618132
0.457861 -1.367346
1.775914 -0.318846
1.140486 -1.265665
1.348944 0.573978
2.095502 1.534323
5.290755 1.531325
3.777644 2.895345
9.570939 2.099624
6.405272 1.294817
4.939844 1.952113
4.483346 1.833397
4.417154 2.307529
4.822498 2.067051
-0.042458 3.396005
1.069086 0.661512
1.443766 -1.413219
1.660314 -0.984040
0.661415 -3.757055
1.473819 -2.378887
1.764789 -5.717909
2.435840 -5.294068
3.207733 -5.263178
1.343958 -7.063453
2.160272 -9.750845
-0.057893 -12.300331
