14.595002 2.753602
9.012939 6.935870
5.797462 10.506150
5.289552 8.342708
4.474625 5.956740
0.704041 5.530824
-0.446933 5.234751
-0.139936 3.995672
-0.276849 4.776272
0.316499 4.440327
-1.635933 6.500477
-1.155457 9.200630
-3.455082 7.581767
-0.711614 6.773479
-1.835095 7.862223
-1.062390 5.787136
-0.775229 4.370999
0.187791 5.034372
0.393686 5.430034
0.912214 4.557679
2.639486 4.521513
1.422136 3.942524
-0.439805 3.456903
-1.678321 5.242467
-0.783808 7.137520
-2.663292 8.790890
-1.420347 14.108947
-2.507727 16.799097
-2.772120 16.975683
