-2.874432 -10.939342
-2.786409 -8.426720
-1.806962 -7.254399
-0.093641 -6.063688
2.087275 -5.362532
0.762896 -3.330306
1.141321 0.144914
1.704451 0.307515
1.597409 0.208615
0.828515 -1.619997
0.304719 -0.890646
0.700855 -0.362795
1.637155 0.916427
3.567635 2.439621
3.449004 1.466338
3.261684 1.104720
4.277514 1.617082
2.118939 1.244838
2.959568 1.905698
4.744164 1.358197
5.932385 2.497328
7.074347 0.923747
8.541096 2.400129
8.470244 0.998877
6.830885 -1.372314
7.346205 -1.209362
7.617178 0.418661
8.487407 -0.461540
10.055407 1.582726
6.328541 1.124481
3.334330 1.884041
3.084188 1.931122
2.158506 1.489765
-0.018818 -0.856583
1.123635 -0.034081
1.450164 3.061847
2.267994 1.191117
1.563233 2.128739
1.427793 -1.675365
1.676554 -2.834321
0.307074 -2.240172
1.246157 -1.968801
1.423063 -3.093678
1.119938 -0.463614
0.966684 -1.067846
1.569588 -2.647023
1.722516 -3.579652
1.540750 -3.944385
2.747726 -6.341652
4.548683 -4.426229
3.596212 -6.245460
3.580293 -4.572846
5.572954 -6.123080
5.060638 -3.967038
2.928637 -4.023379
4.892234 -4.885566
2.909409 -6.953871
2.096329 -5.399954
0.355366 -4.099025
1.743529 -2.199715
1.732499 -1.738081
0.866094 -2.728925
1.378127 -3.499750
1.359590 -2.011738
0.676141 -2.399205
1.242135 -1.754417
1.672850 0.774922
1.376728 -1.128606
2.597508 1.528121
3.417647 2.103747
2.487309 1.108259
-0.068508 -1.142140
-0.255349 -2.259462
0.708628 -0.679509
1.437660 -1.389447
1.727509 -2.029400
8.118961 -1.309818
9.637852 -0.432892
11.597016 -4.006648
6.905490 -7.254851
8.276149 -10.649296
8.884453 -6.653780
11.759317 -1.938455
1.646335 -2.590813
2.813838 1.066881
2.885261 2.565094
2.180643 1.130324
2.427571 1.634942
3.768447 1.136432
2.680942 1.801034
4.175768 2.099509
4.586278 2.729055
5.348336 1.080950
4.407180 3.253671
4.816492 1.686265
3.673659 1.502746
7.142892 1.787842
5.657453 1.739325
5.602372 1.273804
5.929980 1.342389
6.016430 2.829533
7.198951 2.362680
8.558670 2.937808
7.718671 0.664748
7.277400 -0.919967
7.449504 -0.831623
6.943503 -0.289748
7.059976 -0.521421
7.051225 0.678389
7.711761 1.467601
5.634883 2.035123
5.848261 2.921024
5.127792 1.562345
4.387410 1.909537
3.304831 3.078670
3.205750 1.181861
5.371623 1.552702
5.559156 1.543425
7.225838 1.982671
8.626048 2.229254
11.085071 2.647153
11.499051 4.652336
