18.417921 1.147813
14.628242 1.352054
15.222252 -1.437291
11.518353 -2.952711
8.445584 -6.180214
6.098303 -5.600052
6.447460 -5.953508
3.859066 -6.494881
1.000236 -3.281898
1.048422 -2.918584
1.660926 -4.603994
1.730146 -5.830015
5.087324 -4.228392
4.927779 -4.403636
3.570102 -7.173913
2.532363 -6.509253
4.164266 -4.427023
4.038729 -5.005787
1.640782 -3.257404
1.174106 -0.534972
0.608271 -1.368742
1.056164 -2.143274
0.428187 -3.554348
3.012844 -5.067347
3.149555 -3.941160
3.897147 -3.956724
2.287961 -4.895154
0.958395 -5.001533
1.604300 -3.100906
1.191595 -2.790192
1.745015 -2.688391
1.271963 -2.152804
1.463189 2.189238
1.611877 0.721845
2.156196 1.948575
4.887466 1.320173
1.244546 2.743272
6.514588 4.996815
7.077819 1.621405
3.412573 1.164340
4.356515 1.328345
3.793797 1.548691
4.647103 1.788501
5.374423 2.784875
7.533131 0.353274
7.758717 0.908306
7.393369 -0.096614
7.336442 2.375634
5.805637 3.314796
8.860683 3.328059
9.222976 3.938162
8.431833 1.349384
7.252905 0.312740
7.199934 -0.199640
7.958319 1.204230
4.373423 1.221673
4.396396 1.819219
5.697252 1.291797
6.475116 2.107778
8.398446 0.961211
7.267427 0.454860
9.341969 6.425248
9.671517 3.565325
5.340734 2.378549
7.403345 3.822036
8.901725 3.543144
-1.967756 6.139553
-1.950824 8.193781
-4.377375 9.848627
-7.884528 9.877888
