-19.742985 1.600707
-12.796763 -0.462666
-13.509381 -2.074120
-15.095654 0.365400
-9.979755 -2.116644
-14.196770 -3.400126
-14.155673 -4.317530
-14.851580 -4.438893
-13.123163 -5.456293
-14.429364 -7.767075
-13.344393 -1.475403
-10.416963 -0.503156
-9.322161 -2.056078
-8.599445 -2.183944
-9.241104 0.754937
-8.343218 -1.072037
-9.104027 -2.887387
-12.226033 -0.612288
-9.099977 2.335773
-12.128214 -0.917838
-10.139277 -2.493198
-12.366711 -0.953431
-13.103829 2.198395
-8.875193 0.704997
-12.820858 1.126443
-10.801506 -0.026789
-10.818542 -0.353475
-13.691235 -2.808368
-12.927864 -4.858155
-14.620477 -3.836642
-12.547791 0.558290
-11.263290 -2.597214
-8.809679 -1.846390
-8.819897 -1.104351
-6.524300 -5.854569
-6.903836 -7.523738
-8.207063 -10.104510
-11.231860 -9.407812
-10.348452 -8.253024
-9.774934 -9.400595
-6.913975 -8.118142
-9.797926 -2.328504
-11.624096 -1.317710
-9.484712 -0.820813
-7.925768 -0.302396
-7.981249 -2.030613
-11.191158 -2.382683
-13.082396 -0.535330
-13.383338 -4.140885
-10.139423 -2.753374
-12.904543 -5.899826
-13.197140 -4.307537
-13.559387 -5.673095
-15.814717 -9.038652
-11.949909 -10.175995
-10.278818 -8.197206
-9.782269 -8.637698
-7.435588 -7.881805
-6.656689 -5.717544
-6.722309 -3.053807
-6.731388 -5.483747
-7.654348 -7.531415
-6.882089 -7.063362
-7.174454 -7.974901
-12.461281 -8.468780
-17.204384 -15.872075
-13.147918 -6.891295
-13.915468 -4.839627
-17.291813 -5.521829
-13.093311 -2.786158
-11.302498 -2.428572
-9.174483 0.356727
-6.454450 -3.833016
-7.207062 -4.306830
-7.497181 -4.479161
-7.863289 -4.616936
-3.501587 -5.737067
-5.890122 -3.893737
-6.197679 -1.515755
-5.866117 -1.806719
-6.492597 -5.875166
-6.950204 -6.253509
-7.849879 -8.828516
-6.542233 -6.815509
-7.704490 -2.075545
-7.251186 -3.374121
-12.478235 -10.210797
-9.255309 -9.131455
-9.726124 -2.895798
-13.478746 -2.435647
-11.741906 -1.178562
-11.400911 -1.112410
-10.432526 -2.617133
-10.504129 0.886477
-8.640997 -1.840543
-10.417567 -1.837500
-8.959176 -0.901587
-10.244917 0.133826
-9.309639 -0.764542
-6.487628 -2.630169
-5.489473 -4.811464
-5.580338 -6.215263
-6.901278 -6.819809
-4.437455 -6.708291
-5.321354 -5.701309
-5.545229 -5.677044
-7.955523 -8.112774
-11.018396 -8.287183
-11.396421 -9.633252
-10.854522 -9.353460
-6.407184 -10.359216
-2.445029 -13.805163
5.371922 -16.273146
