10.057832 16.929155
8.319988 12.771024
4.503577 10.954714
5.239529 5.250434
4.360820 8.885266
5.028328 9.894064
4.517283 5.469154
0.991533 5.211569
-0.717567 5.308358
-0.074343 5.851838
0.430969 3.906193
-0.279905 4.056138
-1.410864 5.479737
-2.937746 9.212956
-1.110759 11.706756
0.244551 11.155019
-2.553914 11.925694
-1.616884 10.357201
-2.648371 9.310134
-2.384486 8.956240
-2.221726 7.557576
-1.368564 3.944723
0.849217 5.367102
-0.505381 5.927738
-0.400424 5.078135
-0.814374 5.003354
-2.060064 7.084805
-3.016287 9.174889
-1.429279 5.996315
