14.495076 -14.537271
11.220935 -5.158206
9.080053 -6.234744
6.675035 -9.067906
6.658422 -7.692440
6.693326 -5.378146
6.066080 -7.427232
5.266761 -5.046568
5.132958 -4.197811
4.170667 -4.809283
2.838067 -4.681735
1.554404 -1.550216
1.566000 -2.212044
3.995200 1.397337
5.099853 1.363457
7.783165 0.509587
7.362853 1.373999
5.199353 1.439276
5.989436 2.407328
5.539028 2.457446
5.801175 1.595300
6.611509 1.602554
8.591603 2.619596
8.708489 1.071941
4.527884 1.242441
5.327945 1.628635
3.588609 1.552418
3.602689 1.571402
1.622706 -1.153818
0.150209 -0.401183
1.044791 0.080437
1.610565 0.318817
1.759481 0.446467
1.675281 0.045978
1.704642 -0.540234
1.194443 -1.454579
1.747864 -2.404164
0.855377 -0.682070
1.710060 0.997242
2.390981 1.696636
3.284522 1.690715
5.613019 1.357471
4.070666 2.109959
7.921961 1.078934
7.772621 0.213756
7.482841 0.650921
6.533772 1.655394
6.265310 1.730121
6.850706 2.391405
7.535930 1.737761
6.957824 0.314347
6.486781 4.316397
4.138666 1.540331
3.956514 1.082446
1.458233 1.815129
1.481549 -1.753791
0.580702 -1.578431
0.094227 -0.757518
1.303740 0.254823
0.205254 -0.047322
0.972819 -2.572183
0.607368 -1.368887
0.624955 -1.797521
0.576024 -1.470444
0.680822 0.559794
1.447821 0.593754
3.762294 1.355168
3.928999 1.908530
4.098261 1.581483
3.894597 1.271298
2.098155 1.456125
2.098799 1.395607
1.387979 2.159658
0.872522 -0.213999
1.219014 -1.200573
1.861401 2.617734
1.661515 0.764375
1.683665 0.664830
0.874396 -0.569072
1.213332 -2.363657
1.722007 0.444799
1.659893 -0.652364
0.229036 2.645565
1.926766 1.645495
3.365102 2.104525
2.837561 1.514785
1.832282 1.222093
3.115951 1.115068
1.881123 1.530439
1.539291 -0.196325
0.406794 0.220630
0.881084 0.567711
1.006358 0.477713
1.394902 -1.312391
1.593839 -2.239844
1.623051 -1.435280
1.357688 -0.225864
1.799327 -0.629454
1.504494 -1.084657
0.523635 -1.005221
1.422506 -2.120238
1.366096 -2.105844
1.543352 -1.466498
3.269011 1.304270
0.884057 -0.857487
1.648840 -1.221474
4.686045 1.774950
5.370038 1.353725
7.074739 1.631368
7.308838 0.830350
5.844040 2.185038
8.146531 0.269478
8.720719 2.657301
3.863718 1.794092
2.651784 2.471949
3.268631 1.416009
3.438419 1.913633
2.240598 3.165961
1.936478 2.619547
4.688834 1.976875
5.217343 1.434443
8.138433 1.418888
8.218777 0.355146
7.242013 1.146908
5.295638 1.424402
0.905398 2.758119
2.303648 1.356448
1.488252 1.207716
0.885476 -0.088844
1.661655 0.080292
0.938862 0.330486
0.768453 0.261673
-0.066327 -1.948741
0.455067 -0.227109
0.299860 0.803267
0.299665 1.999934
1.294499 1.505721
2.023541 1.525703
2.246946 1.460439
3.670798 2.492890
2.738015 1.636490
4.858994 1.947010
2.651475 1.878844
4.933458 2.365393
8.552065 -0.043938
11.596279 3.742118
13.177391 -1.979975
11.920793 -2.101353
13.071188 -2.960929
11.389264 3.418697
15.771654 -4.801410
14.305045 -6.412702
10.963243 -4.006878
15.907105 -4.514703
14.005867 -7.187230
11.392908 -8.039964
11.625204 -9.340806
9.601810 -5.630573
12.077648 -6.463152
9.720626 -5.633647
14.755349 -4.086444
10.991306 -1.727509
11.847863 -5.495369
8.174685 -5.239472
6.192616 -8.979163
7.642350 -10.309012
7.791183 -7.410885
10.809875 -6.428281
11.875873 -7.609763
12.197443 -6.229046
11.101914 -5.988312
10.838822 -2.385713
12.336929 -1.858255
8.878555 -5.832814
6.619961 -7.126152
6.694936 -7.168514
4.143126 -6.633230
4.328650 -5.437562
3.440343 -5.432043
0.492621 -7.820579
7.018819 0.486101
7.156956 1.368286
3.176486 -4.166055
4.113016 -8.340364
5.492251 -7.706137
9.469773 -6.218121
12.873456 -8.428632
9.121352 -5.769486
8.243805 -6.383782
7.236269 -8.752922
8.910717 -6.223840
9.048989 -6.028076
9.611456 -5.291032
2.055695 1.719434
2.089471 1.298474
6.996462 -0.171470
5.845302 1.257544
6.082629 1.147459
6.296103 3.821300
7.117364 1.310713
8.739303 0.353211
8.135677 -0.124353
8.201825 0.184303
7.050319 2.518255
4.520947 2.210903
3.719922 1.743121
2.193244 1.487009
-0.078156 0.757921
1.267123 -0.929235
1.384375 -0.941032
0.887635 -1.454444
1.809035 -0.602963
0.655883 0.681319
1.462188 0.137672
1.682383 -0.014128
1.532356 0.451820
1.799693 -2.118280
1.427329 -1.234629
0.530877 -2.932988
0.104487 0.100170
-0.343096 -1.920891
-0.168188 -2.716052
1.709815 -3.450588
2.346407 -5.978045
4.317301 -5.053816
2.116066 -4.555575
1.427103 -3.740963
1.567564 0.830095
2.236351 2.000709
4.032996 1.253908
3.748745 1.839593
4.440950 1.234434
3.601986 2.340835
4.038001 2.901225
4.393645 2.635025
5.552812 2.524254
6.162723 1.071514
7.736472 1.921689
5.389137 1.504789
5.778649 1.442636
6.958862 2.822350
7.280024 1.933847
8.795393 0.802733
7.591867 -0.209389
7.385116 -0.130447
7.253518 3.196456
4.486397 1.253505
4.365901 1.776781
3.551450 1.832878
4.185434 1.111608
4.307182 1.175365
4.612041 1.908495
5.999450 3.336238
4.621493 1.074179
3.102493 1.104084
3.068194 2.331166
1.477269 1.192521
1.792754 0.739184
1.501390 1.224364
2.040721 1.458803
4.954058 1.144306
3.464594 1.661517
2.778013 1.304800
3.763816 1.118829
1.660457 1.287173
1.221305 1.906202
-0.019915 0.722180
1.300363 -0.778005
1.711493 0.788978
2.236406 2.661596
3.239695 1.658317
2.659353 1.569959
4.070133 1.865944
4.562605 2.594628
4.294106 1.934214
3.298441 1.114333
2.193604 2.438678
3.835981 1.757658
3.334712 1.625807
6.107502 1.720725
5.348009 1.773689
3.078304 1.199624
2.392028 1.997968
0.917134 0.675205
1.250234 -0.522147
1.232558 0.506306
1.754971 0.159470
1.372120 2.411606
2.938019 1.292487
2.430112 1.232124
4.837570 1.276866
3.933016 1.259114
2.354285 3.883828
3.779005 1.208100
2.827173 1.253990
2.228885 2.175315
4.237756 2.262497
0.733858 2.080995
1.831098 1.536632
1.661420 -0.981179
0.011485 0.734156
1.544574 0.537147
1.492836 0.167195
1.321031 2.114866
3.627748 1.085866
3.030286 1.450583
4.219628 2.215798
5.033274 3.035154
6.868179 4.605321
6.233661 6.548801
8.854580 8.824692
