-19.177589 3.720397
-11.855442 -2.440928
-13.932198 1.894500
-12.884825 -2.829735
-12.599894 -2.761471
-10.808010 -2.452106
-7.365339 -2.949903
-4.621314 -7.648192
-8.262825 -8.677553
-7.309484 -7.842315
-10.222653 -9.687619
-8.102778 -8.299713
-6.788829 -7.177104
-8.137632 -9.460011
-10.762616 -8.148679
-11.031730 -8.945779
-7.362378 -11.157172
-7.576074 -10.255088
-6.265049 -7.546867
-7.215840 -5.608253
-7.501976 -4.130000
-6.972396 -6.378490
-6.483622 -8.126466
-8.404943 -8.039012
-8.677622 -8.247641
-9.693562 -9.021673
-8.375031 -8.723624
-7.134638 -8.553370
-10.788717 -9.617986
-10.337953 -8.673150
-10.143608 -11.200668
-9.587737 -8.496763
-9.268644 -8.310677
-8.163334 -9.605537
-10.355059 -8.805726
-10.384924 -8.090103
-5.442811 -8.050435
-4.548216 -4.866246
-6.809134 -6.716929
-5.712134 -8.144676
-7.742430 -7.744956
-6.308845 -7.918854
-6.372664 -7.308039
-7.414350 -6.172977
-6.694554 -7.105240
-3.199175 -5.678459
