-3.950320 9.416324
-1.942126 7.567040
-0.099581 5.746723
9.977545 1.994841
10.869747 2.036591
11.640281 1.789982
11.775594 1.961196
11.956153 1.789056
11.932624 1.968340
12.011483 1.794567
11.958963 1.972076
12.020651 1.796197
11.963279 1.973054
12.022154 1.796568
11.963984 1.973270
12.022401 1.796645
11.964098 1.973314
12.022440 1.796660
11.964116 1.973322
12.022447 1.796662
11.964120 1.973323
12.022448 1.796663
11.964120 1.973324
12.022448 1.796663
12.642220 0.511338
13.723848 0.175412
14.613265 0.075526
14.891216 -0.470272
15.055017 -0.243591
15.108528 -0.720013
15.145212 -0.379923
15.151120 -0.812659
15.164673 -0.431024
15.160295 -0.845373
15.169215 -0.449687
15.162419 -0.856998
15.170298 -0.456615
15.162918 -0.861190
15.170586 -0.459115
15.163050 -0.862689
15.170669 -0.460006
15.163086 -0.863221
15.170694 -0.460320
15.163097 -0.863410
15.170702 -0.460431
17.595503 -2.941569
