5.729956 -6.346450
4.691982 -4.077970
0.480102 -2.689667
0.503643 -2.613770
0.478711 -2.686390
0.501824 -2.609169
0.476414 -2.680485
0.498886 -2.600841
0.472946 -2.669736
0.494743 -2.585577
0.468832 -2.649818
0.490336 -2.557037
0.467063 -2.610631
0.489976 -2.500947
0.478919 -2.531584
0.516493 -2.388029
0.552494 -2.358456
0.656923 -2.133103
0.846954 -1.925560
1.106643 -1.476870
1.636346 -0.857969
0.922640 -0.164026
1.155464 0.638597
3.089853 1.883762
4.063509 3.850293
5.850334 5.937232
7.339758 8.404082
8.494835 12.023536
