-13.914422 0.296652
-11.896225 -2.341859
-9.203593 -8.160947
-9.311552 -8.033055
-9.203718 -8.160845
-9.311699 -8.032937
-9.203999 -8.160622
-9.312026 -8.032676
-9.204613 -8.160129
-9.312743 -8.032102
-9.205959 -8.159045
-9.314315 -8.030841
-9.208899 -8.156671
-9.317757 -8.028037
-9.215077 -8.151742
-9.324965 -8.022224
-9.228372 -8.141816
-9.125202 -8.277375
-9.260389 -8.126944
-9.151366 -8.264846
-9.405503 -8.190619
-9.558336 -8.058924
-9.660417 -8.123014
-9.787664 -8.154514
-10.130015 -8.109580
-10.401382 -8.575096
-10.583309 -10.781753
-10.920099 -17.830200
