6.172727 2.498914
7.961285 1.827598
9.433713 1.796931
11.465136 1.391686
11.879192 1.558655
12.229303 1.411653
12.266032 1.578468
12.362585 1.418703
12.328207 1.580523
12.383764 1.419566
12.337973 1.580759
12.387096 1.419668
12.339512 1.580780
12.387623 1.419679
12.339754 1.580781
12.387706 1.419679
12.339793 1.580781
12.387720 1.419680
12.339800 1.580781
12.387721 1.419680
12.339800 1.580781
12.387721 1.419680
12.339800 1.580781
12.387721 1.419680
13.206709 -0.129204
14.067877 -0.597087
14.675662 -0.613216
14.867491 -1.161688
14.980615 -0.936944
15.012953 -1.386294
15.039771 -1.080197
15.040710 -1.470994
15.051609 -1.135336
15.046134 -1.501176
15.054044 -1.154488
15.047216 -1.511324
15.054570 -1.160905
15.047441 -1.514690
15.054691 -1.163026
15.047492 -1.515796
15.054722 -1.163723
15.047504 -1.516160
15.054731 -1.163952
15.047508 -1.516279
15.054734 -1.164027
17.405003 -3.381797
