-17.863300 -18.546944
-11.878322 -10.423598
-11.818583 -10.306725
-11.881294 -10.424534
-11.822906 -10.308002
-11.887461 -10.426721
-11.831805 -10.311061
-11.900087 -10.431890
-11.849863 -10.318416
-11.925562 -10.444191
-11.885883 -10.336375
-11.975872 -10.473990
-11.955698 -10.381048
-12.072186 -10.547075
-12.084960 -10.492240
-12.245443 -10.724281
-12.306974 -10.765763
-12.520425 -11.156179
-12.628265 -11.430495
-12.851480 -12.206510
-10.180211 -10.236934
1.765791 0.737220
1.235091 0.825530
2.416338 1.313761
4.928065 2.233475
