2.933610 8.103680
3.418099 4.895628
3.511420 2.023016
1.528192 1.208570
1.369594 0.744660
0.903316 -1.005686
1.578534 -2.778010
1.385880 -3.372076
1.394767 -3.938105
2.832094 -4.747770
4.092129 -6.689562
5.412032 -7.337014
6.029160 -8.502426
6.851882 -7.877661
8.488007 -8.323421
9.325664 -11.053998
9.367525 -11.027646
9.322583 -11.134868
9.364373 -11.124648
9.323553 -11.136426
9.365543 -11.126524
9.323615 -11.136456
9.365617 -11.126561
9.323617 -11.136457
9.365620 -11.126563
9.323622 -11.136458
9.365623 -11.126563
9.323619 -11.136458
9.365621 -11.126563
9.323619 -11.136458
9.365621 -11.126563
9.323619 -11.136458
9.365621 -11.126563
9.323619 -11.136458
9.365621 -11.126563
15.040392 -9.853622
