-17.431656 12.824391
-11.474957 6.587817
-9.173281 4.393279
-8.569625 1.960235
-8.270987 1.793040
-4.077471 -0.469358
-4.338706 -0.414715
-4.085268 -0.468760
-4.345894 -0.413949
-4.090295 -0.471371
-4.350609 -0.417340
-4.099935 -0.515787
-4.411683 -0.459335
-4.473279 -0.421440
-4.074727 -0.506936
-4.320136 -0.490011
-3.948779 -0.548018
-4.562053 -0.404998
-4.172419 -0.496902
-4.369302 -0.480882
-3.997193 -0.543321
-4.575510 -0.375757
-4.230296 -0.464720
-4.494662 0.141608
-3.865917 -0.704003
-4.091482 -0.771627
-4.561381 -0.878670
-4.431962 -2.608651
-3.999000 -5.164335
-3.038479 -8.030475
-1.044708 -11.188238
3.158790 -17.821453
