15.073558 -11.117827
14.061594 -7.038802
12.014922 -7.494859
11.836369 -6.325092
11.223482 -3.515704
10.942758 -1.874130
10.852954 3.631988
10.842046 3.533179
10.852954 3.631988
10.842046 3.533179
10.852954 3.631988
10.842046 3.533179
10.852955 3.631989
10.842048 3.533180
10.852962 3.631989
10.842054 3.533179
10.852995 3.631956
10.842094 3.533134
10.853161 3.631591
10.842295 3.532657
10.853915 3.628488
10.843220 3.528732
10.856950 3.605362
10.846953 3.499967
10.865962 3.451038
10.866255 3.614565
11.380939 3.750202
11.447233 3.669850
12.206275 3.493602
12.882669 5.226341
14.499622 8.957786
