-3.006979 -7.799729
-4.422255 -3.393726
-4.725506 -0.658545
-5.717328 -0.115953
-7.204814 0.544220
-7.847182 0.927205
-8.228297 1.056345
-8.299499 1.079795
-8.449208 1.117961
-8.365683 1.085081
-8.193706 1.042991
-8.228751 1.056574
-8.300418 1.080248
-8.451156 1.118893
-8.368073 1.086083
-8.196601 1.044448
-8.234647 1.059445
-8.312368 1.085829
-8.385485 1.228212
-8.259703 1.224341
-8.220766 3.704385
-8.187878 3.798351
-7.167473 6.164399
-7.245404 6.041166
-7.280327 5.967926
-7.199353 6.107413
-7.235130 6.035214
-7.292723 5.941331
-7.191863 6.103494
-7.252105 6.008014
-7.155117 6.182278
-7.234331 6.057896
-7.270948 5.984836
-7.189058 6.124777
-7.230813 6.053547
-7.290991 5.959294
-7.207266 6.127836
-7.285859 6.006892
-7.366733 5.947404
-7.283222 6.070197
-8.050806 6.630526
-10.571878 9.644197
-16.404129 19.355028
