2.837990 -11.951886
7.876561 -10.805422
8.216344 -10.822623
7.876578 -10.805440
8.216360 -10.822642
7.876633 -10.805502
8.216408 -10.822697
7.876794 -10.805699
8.216549 -10.822873
7.877260 -10.806326
8.216956 -10.823430
7.878574 -10.808322
8.218102 -10.825204
7.882122 -10.814653
8.221193 -10.830812
7.891135 -10.834535
8.229061 -10.848329
7.912462 -10.896535
8.247515 -10.902629
7.966977 -11.088584
8.297140 -11.069165
8.182103 -11.689630
9.143576 -11.544609
9.355063 -11.409266
18.584309 -13.944580
