12.569330 16.440166
5.957625 14.030572
4.869867 9.553006
4.474935 9.730182
4.392300 9.709714
4.656356 9.631478
4.462894 9.670382
4.711483 9.604578
4.483210 9.659794
4.727651 9.597303
4.489066 9.656913
4.732286 9.595341
4.490731 9.656132
4.733612 9.594807
4.491209 9.655917
4.733993 9.594661
4.491346 9.655858
4.734103 9.594621
4.491387 9.655841
4.734136 9.594608
4.491399 9.655835
4.734145 9.594604
2.274539 11.074803
0.658619 11.067966
-0.062621 11.069503
-0.125601 11.686646
-1.691156 11.907062
-4.863033 13.117009
-12.628115 16.295305
