19.083904 -14.002766
11.295288 -6.375071
10.128308 -5.372487
9.652508 -4.312836
9.547413 -3.117589
9.602539 -1.714185
10.590807 3.484590
10.620979 3.666316
10.590808 3.484589
10.620980 3.666316
10.590806 3.484589
10.620978 3.666314
10.590802 3.484585
10.620975 3.666312
10.590790 3.484571
10.620963 3.666297
10.590721 3.484507
10.620900 3.666234
10.590425 3.484244
10.620629 3.665977
10.589111 3.483202
10.619426 3.664945
10.583339 3.479210
10.614141 3.660963
10.558169 3.464906
10.591047 3.646454
10.448954 3.419609
10.493616 3.570395
9.792048 4.563787
9.514184 7.433578
8.852276 11.192633
