-14.206964 -14.446788
-8.563914 -9.587030
-6.246071 -7.822386
8.840047 1.785924
10.155099 3.640802
10.132334 3.646751
10.041226 3.529796
10.155161 3.640887
10.132414 3.646859
10.041340 3.529947
10.155356 3.641127
10.132667 3.647166
10.041699 3.530374
10.155975 3.641805
10.133477 3.648029
10.042854 3.531561
10.157966 3.643664
10.136083 3.650362
10.046584 3.534711
10.164395 3.648516
10.144582 3.656414
10.058861 3.542691
10.185647 3.660690
10.172825 3.671320
10.099870 3.561381
10.256379 3.686865
10.267234 3.701966
10.236702 3.593997
10.493360 3.720056
10.587014 3.736787
10.708229 3.605141
11.325963 3.657887
11.796849 3.627284
12.702106 3.616410
13.460156 3.639548
13.667307 3.636781
13.808944 3.681209
15.654477 2.040075
