-12.884583 -1.811990
-11.888850 -1.960660
-10.897482 1.732671
-12.827822 2.226255
-15.233579 1.353270
-12.977594 8.130494
-13.424851 6.693255
-9.664206 9.070889
-9.079791 10.542171
-8.146457 11.961505
-11.770894 12.436213
-8.221512 9.107706
-7.118847 8.616200
-7.530168 6.272713
-6.599906 8.257857
-5.691736 7.228256
-7.631135 4.820204
-7.467220 11.003555
-11.034679 9.387263
-6.997949 5.047096
-7.738870 3.784709
-7.251149 1.945503
-6.312294 5.505316
-5.460810 6.698811
-6.350785 6.679434
-7.886299 5.033646
-11.399006 3.132375
-11.171770 2.639029
-14.106023 0.857604
-14.151838 5.060051
-15.721495 8.422168
-8.409988 9.930771
-11.810758 9.378138
-10.242542 10.025403
-8.163958 9.943389
-9.857656 9.736013
-5.008049 8.456192
-7.147891 7.403450
-8.797293 10.567901
-5.869067 9.447232
-7.723773 6.152720
-7.937372 4.959915
-4.027393 3.259593
-5.921052 3.476436
-8.408428 3.492713
-9.253334 2.770025
-9.794712 2.575434
-14.128716 6.987153
-13.039341 -0.814818
-13.944602 5.877788
-18.386410 3.730655
-12.474224 2.734131
-14.373446 3.084058
-15.306200 11.050070
-13.772165 5.699209
-13.786627 6.909676
-13.336439 6.708902
-13.394614 5.169094
-13.499949 10.091571
-12.951926 9.188344
-9.255118 9.667487
-7.981993 8.858282
-7.660373 7.148069
-7.697047 6.048569
-6.269017 4.533717
-5.948926 5.662677
-6.063302 7.473476
-4.584561 8.152574
-5.635954 7.451221
-6.397387 7.949939
-7.369681 8.665296
-9.353767 9.604234
-7.325443 8.194840
-7.077877 5.673512
-6.838221 5.507900
-7.407238 3.081796
-4.940339 2.690964
-7.089450 7.629819
-6.854480 9.958892
