-17.524265 -14.709008
-16.264418 -8.124537
-14.289257 -7.079167
-14.085403 -2.142500
-13.302223 -5.871415
-13.150606 -4.610389
-13.332136 -1.512160
-12.504256 -2.737572
-11.739971 -1.345276
-10.959947 1.830165
-10.293068 0.493996
-11.971380 -1.712091
-10.848384 -2.195302
-13.450753 -3.213149
-14.059614 -5.208785
-16.338156 -4.122051
-16.435244 -3.242345
-11.824872 -2.671052
-11.370311 -1.126874
-10.670618 -2.030096
-13.377874 -2.822684
-9.098097 1.640952
-16.599888 -0.776872
-14.519772 -5.916895
-12.999777 -9.405190
-12.179104 -8.299388
-10.715091 -9.049726
-7.592870 -7.917728
-4.325307 -6.173005
-5.818604 -7.015830
-3.719955 -5.676655
-3.998236 -3.715693
-6.424650 -7.602339
-6.304458 -7.633102
-10.947512 -8.677623
-12.129502 -9.789368
-6.741531 -10.897767
-6.124943 -6.698681
-13.572348 -7.981798
-13.601631 -7.243709
-11.546870 -10.466540
-8.243049 -10.374113
-7.389469 -7.597044
-4.146883 -4.802820
-3.590686 -1.493044
-3.629165 -1.720042
-4.482239 -3.420137
-6.283732 -6.616989
-6.557918 -8.341151
-7.316384 -7.555636
-7.159396 -11.583496
-9.438804 -8.434802
-9.823009 -8.308316
-12.556868 -9.103619
-14.360026 -4.693378
-15.951321 -4.911089
-13.012073 -3.674857
-13.499613 -7.588025
-11.214338 -8.754218
-7.589098 -7.427003
-7.601261 -7.243201
-5.579191 -5.885582
-8.702295 -8.845791
-6.886373 -6.641089
-6.859808 -7.971532
-6.178656 -7.915685
-8.205958 -8.806677
-7.008955 -7.326683
-11.383453 -2.932580
-10.283484 0.263073
-10.846948 -2.827021
-13.954746 0.506680
-14.250732 -4.734746
-13.518866 -6.141543
-15.469214 -7.119439
-9.714543 -9.961722
-10.123891 -8.263264
-7.197624 -8.022197
-9.034956 -8.432796
-8.401174 -9.156774
-9.662830 -10.549414
-9.229881 -8.499311
-12.313465 -8.322659
-13.399975 -8.531278
-10.837797 -10.882730
-10.282297 -2.459544
-12.445712 -9.970337
-8.517084 -9.369921
-6.852246 -6.507986
-2.100651 -3.360836
-3.911242 -2.209647
-3.141860 -1.353542
-5.711269 -6.168221
-6.316976 -7.519526
-7.417212 -4.211501
-6.715345 -5.872711
-6.495535 -8.994460
-9.416704 -8.079298
-8.136497 -8.055265
-8.656126 -8.436753
-12.389988 -8.853099
-9.732183 -9.605576
-8.490795 -9.651731
-10.345442 -8.652764
-7.448328 -5.783525
-6.992628 -5.798658
-6.368460 -8.339698
-7.287599 -4.578905
-6.346021 -7.544579
-6.576254 -6.573012
-7.552566 -5.828876
-7.107848 -4.126633
-7.637203 -5.379986
-6.802390 -4.476756
-13.829636 -4.306113
-13.885518 -6.504086
-14.342263 -9.519750
-5.774487 -8.271091
-7.391915 -4.413416
-11.318485 -2.141496
-11.565746 0.291350
-10.933855 -2.164012
-13.061667 -3.240025
-12.853977 -9.519636
-11.081825 -8.316232
-10.628858 -8.810624
-7.739727 -8.449189
-13.777899 -7.821504
-16.513599 -6.440104
-16.003035 -7.262184
-12.156908 -10.018209
-10.650072 -8.356561
-14.005993 -9.176975
-7.865844 -8.446856
-6.489262 -8.356681
-9.886364 -8.081722
-6.143039 -8.207733
-7.857548 -4.321734
-7.523616 -5.497709
-13.913897 -10.468584
-8.766474 -8.068692
-7.049196 -6.587462
-9.010785 -8.374640
-7.968678 -9.136162
-7.101389 -6.770437
-7.231567 -6.766565
-7.668696 -8.421300
-7.461559 -7.317210
-9.292041 -8.804749
-11.648897 -8.993481
-12.661874 -8.480274
-15.905973 -6.645496
-13.369770 -4.954347
-11.527492 -1.017362
-11.164358 1.684911
-13.737236 1.024356
-9.630527 -2.583610
-10.781988 -2.883219
-13.199396 -7.351402
-14.760308 -9.449224
-11.823544 -8.362567
-11.748117 -8.572850
-9.633333 -8.370228
-8.794518 -8.151960
-11.632301 -9.940518
-14.402382 -7.180224
-13.309519 -6.775822
-13.132429 -3.181834
-12.931630 -3.808128
-8.201946 2.763820
-7.770170 1.127548
-10.073077 1.410366
-10.049641 0.637666
-12.044105 -0.738682
-10.165599 -2.031506
-12.838718 -2.891903
-10.309880 2.446609
-9.855684 -1.302006
-10.612617 -1.347348
-12.235659 -2.201807
-10.926022 -1.427960
-16.598391 -0.829182
-14.425555 -5.129324
-13.396312 -4.997448
-13.059551 -7.241714
-14.142051 -6.672071
-14.205885 -5.766598
-13.118772 -6.091197
-9.651638 -10.970776
-9.964602 -8.209749
-8.936095 -9.351274
-8.084049 -8.600550
-6.524432 -9.265985
-11.495494 -2.809232
-11.066545 1.918689
-10.323760 2.682078
-10.228568 -0.274742
-5.561519 -8.599368
-6.759641 -6.119673
-6.649142 -6.198627
-6.277147 -4.804009
-7.479743 -6.065323
-9.431518 -10.023326
-9.793886 -10.925450
-11.630722 -9.075629
-11.519493 -9.733234
-6.662789 -7.640251
-9.567977 -8.657056
-8.501579 -8.060288
-13.118248 -7.164875
-12.981858 -7.280922
-13.400514 -7.462741
-7.075564 -6.578441
-7.634279 -6.724448
-5.302323 -6.717291
-6.590345 -8.129894
-7.412531 -4.208289
-7.391053 -5.410238
-6.854715 -5.009628
-10.142300 -1.499398
-9.868963 -1.158719
-6.171241 -3.896780
-4.279345 -0.701487
-7.772579 -5.485329
-7.201961 -7.295156
-6.976529 -6.157413
-6.682242 -5.478858
-6.233370 -7.090068
-3.380368 -4.715639
-2.396249 -1.459126
-3.686870 0.164755
-4.192043 1.028441
-7.372352 1.220586
-6.406132 1.604113
-5.624969 1.217276
-4.194374 0.196418
-6.382193 2.437140
-7.895480 4.606105
-7.375406 2.318460
-4.322744 -0.342721
-4.428230 0.751985
-4.208587 -0.428400
-4.274157 0.376289
-5.579176 3.564655
-6.277273 2.874098
-6.962515 1.887385
-8.158831 2.361947
-9.768094 0.999017
-9.737886 -0.221579
-9.871830 0.546708
-10.641811 1.759833
-6.358804 4.095266
-4.245669 3.599250
-8.030069 1.930459
-7.616860 4.736763
-7.100845 3.649514
-6.379740 1.473031
-5.075762 2.233056
-7.833098 2.158569
-8.234613 1.168135
-8.505132 1.643772
-8.589807 1.812218
-12.060164 0.851573
-10.516743 -0.267701
-10.599241 -1.996100
-10.484327 -0.875813
-11.392427 -2.651015
-13.574913 -1.490062
-14.175003 -4.995246
-12.986377 -7.880829
-7.238532 -9.238217
-7.219908 -6.232740
-5.919655 -3.917049
-4.941986 -4.369695
-2.362281 -0.950157
-4.278611 -2.936880
-4.555894 -4.409646
-7.360865 -8.347415
-8.919046 -8.299161
-6.203291 -9.360774
-1.597904 -2.249129
-4.465236 -0.957131
-4.262949 0.769606
-3.291104 0.597953
-4.966931 3.138090
-4.220520 5.436286
-4.303988 3.368393
-4.109477 1.220665
-2.706285 -0.612358
-7.353952 -4.101981
-7.371807 -4.582791
-7.200058 -4.100227
-5.376518 -6.017100
-5.628546 -5.522628
-7.891438 -5.416328
-6.292516 -8.212770
-9.909942 -9.272537
-9.637976 -8.714040
-6.688018 -6.471260
-13.551748 -10.687057
-16.035351 -6.137418
-10.117810 -2.841528
-7.790545 -5.353334
-7.765497 -6.393771
-9.836958 -2.138249
-10.926074 -2.019274
-10.691091 -3.002793
-13.618500 -5.706301
-12.854797 -10.101047
-9.984449 -8.998139
-6.372204 -10.092100
-6.643445 -4.521217
-7.356292 -6.646568
-7.392292 -7.317163
-11.457422 -9.615018
-12.532785 -10.749024
-9.059931 -10.242764
-13.213418 -11.835296
-9.638844 -8.671193
-6.807010 -8.700570
-7.777555 -4.750914
-5.010891 -5.750617
-7.644228 -6.650563
-6.848331 -4.491199
-4.966593 -4.925231
-5.638669 -5.769119
-7.134596 -5.942952
-7.556084 -7.732476
-5.677933 -5.233048
-7.106182 -6.193538
-7.885709 -8.190189
-7.042287 -9.460385
-10.220857 -8.395936
-7.039420 -8.699698
-7.572769 -7.083185
-7.187942 -6.557213
-7.441140 -5.567967
-4.571648 -4.869718
-7.105501 -6.941922
-8.307258 -8.086690
-9.086840 -8.403340
-8.991420 -8.028277
-7.336466 -6.059222
-7.515388 -5.962475
-7.262163 -6.377230
-7.657626 -7.668267
-10.115877 -9.229353
-9.272984 -10.257397
-13.195171 -6.202584
-17.018530 -7.942790
-11.959992 -8.761106
-10.441378 -8.339419
-8.066492 -8.630319
-8.191149 -9.097565
-5.152956 -8.856334
-6.672806 -9.743237
-7.349578 -4.896923
-7.381134 -4.863654
-4.543852 -7.613158
-6.196236 -7.584298
-11.299936 -8.929281
-10.752644 -0.326737
-10.837275 1.506884
-10.685295 -2.398655
-10.138601 -0.041507
-11.158665 -1.201274
-15.165443 -5.070135
-13.267782 -3.550873
-15.913597 -8.348454
-15.248596 -3.376016
-12.375245 -1.272795
-13.022478 1.469538
-10.115650 -1.749127
-10.193449 -2.344453
-7.679033 -5.703391
-8.075321 -9.093478
-9.831400 -8.400407
-15.525146 -4.420290
-12.936844 -6.226937
-15.635581 -8.776051
-11.203489 -10.177787
-6.578631 -9.181972
-6.752717 -5.679897
-4.536386 -6.105136
-6.426428 -7.018623
-6.545659 -9.102543
-10.693886 -9.001822
-13.057901 -7.367316
-14.859894 -5.347355
-12.698475 -1.283071
-12.352960 -1.634554
-11.592541 3.122785
-13.806421 -1.936766
-17.594971 -6.488500
-15.447204 -5.789239
-11.602694 -8.438280
-10.824396 -9.152597
-14.852680 -6.972572
-13.973703 -5.667025
-14.442765 -5.898402
-13.752194 -6.619236
-17.003912 -6.994193
-8.942420 -9.042032
-9.767142 -8.909602
-14.796335 -4.678209
-14.493338 -2.469715
-10.646783 -2.164628
-10.795185 -0.459746
-9.933861 1.368306
-10.842046 1.219119
-7.291490 1.746602
-8.368456 3.111854
-9.788670 0.838343
-7.826634 5.192467
-6.221928 4.140377
-7.900828 2.224494
-6.624866 1.272308
-4.929957 1.636440
-4.332780 -2.316695
-4.223145 -3.164670
-2.982525 -4.976945
-2.869180 -2.156735
-2.979396 -2.355049
-3.719848 -0.414465
-3.516206 -0.518482
-4.434143 -1.167861
-6.266349 -6.039195
-7.841885 -5.702743
-8.767859 -8.448743
-6.031458 -7.887841
-6.180726 -4.539931
-6.433644 -4.924248
-6.062301 -5.705083
-6.967729 -4.564234
-5.309591 -5.264947
-4.354292 -4.793191
-3.200818 -6.468548
-5.288734 -5.508191
-5.904802 -5.281831
-6.654099 -6.539130
-5.665867 -6.341858
-5.145279 -5.578906
-6.848010 -6.814178
-7.239539 -10.207434
-10.869384 -8.953836
-12.706614 -9.218989
-13.202244 -7.243585
-13.264592 -4.810804
-14.810675 -10.169308
-14.593954 -3.582486
-9.712178 -1.226141
-10.589010 -1.525871
-9.542728 1.935548
-2.744337 0.873719
-2.362746 -1.570068
-7.026914 -7.902656
-6.421755 -5.320026
-4.777906 -4.210139
-6.617921 -5.373505
-7.183814 -6.116761
-5.034389 -5.209843
-3.599458 -1.559816
-4.262417 -4.758575
-5.903419 -6.280902
-7.484286 -7.199913
-7.572118 -7.527747
-9.093239 -10.702417
-11.851947 -9.624780
-16.060652 -4.875639
-13.470612 -2.008575
-11.533883 -2.837738
-12.557173 1.642833
-12.616446 3.122186
-8.500309 1.638951
-11.976473 -0.547308
-10.975735 -2.486120
-3.825896 -0.348406
-1.838210 -0.209347
-3.035862 -1.614240
-3.739407 -1.566166
-5.174353 -6.709459
-6.146930 -4.664152
-5.586683 -6.142320
-6.563272 -4.003247
-9.831796 -2.158454
-7.836106 -9.082524
-12.924471 -8.742810
-13.768875 -6.204142
-13.540477 -4.562829
-11.926071 -2.287658
-10.481557 -2.647253
-9.770597 -0.010391
-7.720531 -4.937155
-6.876440 -5.524806
-6.652095 -5.422466
-7.320734 -4.008999
-4.699418 -8.025585
-8.267977 -10.261268
-9.202174 -9.222496
-16.815380 -8.299547
-15.053833 -8.712629
-14.045668 -2.986793
-10.578046 0.023918
-9.756748 0.207394
-9.963106 -1.264269
-10.627705 1.946124
-7.661298 1.543474
-8.282122 1.393886
-9.264418 1.633707
-9.460083 1.777390
-7.322022 1.858525
-6.179629 2.498049
-8.752808 3.148650
-7.673424 1.991484
-10.047310 3.023431
-11.012848 -1.309711
-12.202374 -2.525057
-11.369673 -1.772927
-9.665744 -0.768320
-9.765478 -2.081507
-10.036530 -2.179747
-11.728515 -0.237144
-11.610153 1.185459
-8.958068 2.450207
-7.441042 3.495662
-7.452416 5.389108
-6.906038 8.684269
-7.141988 9.518406
-7.798062 6.997929
-7.298155 7.008635
-6.304710 6.512101
-6.911469 5.513698
-7.551828 4.800137
-5.925593 4.255838
-7.809378 1.788469
-9.827353 3.150897
-11.280808 1.627899
-10.862988 0.746271
-10.899519 0.619735
-11.388416 -0.763219
-14.843132 1.939997
-6.643252 2.716700
-11.718725 3.403804
-9.788861 1.616716
-7.565924 3.893584
-5.736592 9.523045
-7.260463 8.887215
-7.357370 7.704337
-6.154227 5.638712
-7.415484 7.108093
-5.911209 8.780015
-4.616536 7.214094
-8.535239 2.499859
-7.247196 3.231872
-7.000961 5.914096
-6.248241 8.719129
-5.381554 9.410296
-10.319784 9.039508
-9.616492 10.183759
-4.719167 6.320784
-7.023018 6.803674
-5.418258 5.130863
-7.671775 6.177516
-5.282106 17.555302
-7.340370 11.010535
-8.077673 8.668727
-8.510325 13.599128
-3.714071 18.989750
