6.740494 19.817284
5.393734 15.741256
8.422417 15.929796
2.095639 18.715807
7.808532 14.149826
5.101300 8.020489
5.910910 10.832992
-0.888918 12.513181
-2.084656 8.352561
-1.849382 8.411578
-1.584467 5.749250
0.453530 4.911617
1.644104 5.437997
2.531580 5.643264
3.009329 4.621624
4.107785 3.456254
4.698196 6.624261
7.645257 7.172018
4.884134 10.162210
6.478909 10.027173
6.294021 9.229838
5.667211 10.948987
5.421742 8.183690
4.406186 7.929651
1.259047 5.711044
-0.542466 4.640826
-1.587009 6.557941
-0.865429 6.592237
-0.817283 7.732221
-2.606420 12.937327
-4.019061 9.346802
-4.399331 10.834000
-2.331385 7.320643
-0.997716 8.809237
-1.668655 6.716572
-2.692430 8.325629
-1.661844 10.927310
-1.996301 7.500249
-1.211901 5.812644
0.458203 5.482127
1.849851 4.492977
2.740682 4.293892
1.615362 3.105335
3.284794 4.321735
3.032992 4.926455
1.789927 3.896607
1.971491 3.701662
2.646026 4.961415
3.303135 4.636128
2.273350 5.542076
3.239094 3.067655
2.623423 5.519054
2.885929 4.290539
2.338253 4.303595
5.834441 4.088777
4.365937 9.375028
4.570761 6.483280
5.375687 7.208221
3.543253 5.014102
2.131287 5.619063
1.761370 5.730455
0.277267 5.308448
1.681984 5.779296
-0.745508 4.678048
-1.308363 6.893235
-2.187082 5.365529
0.616054 5.684722
-0.225467 5.251507
-1.817004 6.562858
-1.888303 8.820621
-1.281909 8.589146
-1.949494 7.045166
-1.736133 8.438344
-4.546799 9.075791
-7.724282 7.938531
-5.991351 8.023789
-7.714245 7.280180
-6.434278 6.821600
-7.357189 6.089887
-7.110937 5.180101
-6.988172 5.911844
-6.009960 1.672670
-5.824368 3.353550
-7.224061 8.041080
-7.250374 7.256902
-7.991683 10.816581
-6.642848 10.297288
-12.460703 10.481861
-8.776134 8.601716
-8.555697 8.805124
-9.764880 9.333584
-10.915834 8.998711
-10.852485 9.787713
-12.245199 8.825781
-9.499921 9.969295
-11.027246 9.411736
-8.732848 10.871520
-5.407702 9.625133
-7.349911 6.537120
-7.800399 6.430279
-6.306340 5.349196
-6.974622 5.723979
-5.818212 6.669410
-6.261812 5.982777
-7.342781 5.578892
-6.703988 6.943498
-6.698025 8.141458
-5.416897 8.983028
-7.455253 8.894607
-15.691593 9.184609
-13.330013 6.936984
-16.113602 1.531178
