-19.304062 -17.162334
-10.796800 -18.773151
-6.068191 -14.967950
-10.954293 -16.358105
-11.236767 -18.257460
-10.448702 -8.568154
-9.863905 -9.099244
-10.842316 -12.146060
-15.288988 -10.502048
-19.294861 -13.211680
-17.747965 -14.618976
-17.188473 -11.307643
-14.619640 -12.229712
-12.146509 -10.034208
-8.195467 -10.053750
-9.802682 -10.283863
-10.926273 -10.024001
-9.308950 -11.773581
-5.021589 -8.978032
-6.916691 -15.636163
-9.109213 -14.427904
-10.621941 -12.962280
-9.455666 -10.637376
-8.088906 -10.047122
8.106549 1.504081
