-15.940817 -11.045881
-14.359485 -6.661469
-13.914875 -4.403373
-16.269156 -1.978452
-10.362295 -2.810431
-10.075858 -2.009902
-11.671841 -0.846901
-12.044163 -1.221085
-13.895075 0.499558
-15.727309 -1.681967
-14.367988 -6.541336
-17.113060 -8.137460
-16.278481 -5.925283
-14.363659 -3.353255
-11.253744 -1.901100
-11.251212 -8.367240
-13.181462 -8.555539
-7.035810 -6.081935
-7.307149 -6.045208
-7.722348 -7.558863
-7.665322 -8.175492
-11.605671 -8.878636
-7.987831 -8.137231
-13.035574 -4.678777
-14.342657 -4.987471
-13.204986 -9.516513
-15.137455 -7.429851
-10.948458 2.183546
-10.029053 3.082539
-11.461432 3.057793
-4.072892 -1.387465
-4.444240 -1.830573
-9.744067 1.951121
-6.597519 2.464221
-3.951240 0.754525
-7.222503 -4.543181
-6.797651 -7.039917
-7.430502 -4.080514
-7.271594 -5.947456
-6.288931 -5.499643
-5.795561 -7.366528
-7.422935 -7.628608
-6.769232 -8.302636
-7.484000 -8.290610
-10.687039 -8.425681
-11.020613 -8.767158
-7.272688 -7.965506
-11.945681 -8.443810
-9.918582 -9.150163
-5.311126 -9.568970
-6.124170 -8.737837
-6.680564 -8.687142
-12.635109 -8.352559
-13.373381 -7.610494
-13.991718 -6.511817
-15.193886 -3.439274
-13.656507 -1.280148
-16.298611 -5.197123
-13.975616 -4.737370
-10.644854 -8.126531
-7.174804 2.007466
-8.558503 1.429962
-9.834091 -0.269558
-10.347079 -1.751880
-13.440461 -2.098872
-11.052685 -2.871488
-7.248735 -6.317269
-6.511352 -6.841252
-5.863185 -6.705031
-6.201217 -6.260313
-5.592439 -7.308542
-11.147749 -9.236690
-10.056404 -9.859643
-5.137738 -7.259796
-7.299803 -7.458387
-7.375391 -3.893852
-6.019087 -5.838967
-4.828054 -4.350901
-3.515314 -3.195182
-2.453411 -2.685930
-6.195848 -5.365899
-6.349394 -4.706170
-7.605708 -4.970010
-6.976960 -6.910234
-5.773769 -5.433073
-8.193236 -8.742917
-10.925407 -8.134112
-12.539650 -8.322034
-9.036351 -11.073548
-7.498463 -9.169683
-7.289954 -6.067296
-8.962381 -8.960879
-5.749220 -8.486877
-6.996366 -7.643686
-15.201168 -5.149814
-12.482933 -8.932761
-9.786020 -9.592910
-10.499161 -8.661756
-13.737892 -5.509861
-13.578657 -7.868596
-11.515461 -9.184184
-7.792594 -7.371026
-6.919046 -6.935971
-7.863576 -7.199689
-7.720139 -5.373536
-7.561728 -7.274872
-7.303672 -6.768024
-7.517183 -6.364464
-6.639863 -5.846883
-7.805903 -5.230172
-6.551642 -6.328321
-6.330521 -4.262002
-10.535276 -1.986950
-8.699978 1.944483
-6.936750 1.772923
-4.557385 -1.558457
-6.932985 -4.182715
-7.431524 1.738900
-7.317093 2.229790
-9.648039 -0.984548
-10.815718 1.938347
-10.005583 -2.679212
-11.112091 -1.298677
-10.540159 -1.036681
-9.657575 -2.369099
-9.769568 -1.883567
-14.720890 3.598160
-11.909806 0.024359
-11.408131 -0.106619
-8.929167 1.784628
-8.717897 2.939888
-6.151662 2.353147
-9.358851 2.101228
-8.767570 1.360361
-5.002426 2.416655
-3.834542 2.357283
-4.052338 -0.962126
-3.805568 -2.103578
-3.463861 -4.102087
-7.447090 -5.336255
-7.810854 -8.543731
-5.715081 -6.118138
-5.965231 -7.004505
-7.281494 -9.425563
-8.112398 -8.059574
-7.085606 -8.105377
-3.308591 -2.302930
-3.252734 -2.995322
-4.572897 -2.977621
-4.316511 -2.865881
-2.841744 -1.828405
-1.352667 -2.288054
-4.176845 0.051365
-4.517211 0.112637
-3.672223 0.755896
-5.191857 1.599154
-4.836779 1.195287
-7.480022 1.693532
-7.872834 3.929543
-6.187985 4.873183
-7.056000 7.633079
-7.650277 5.753347
-11.289093 3.265518
-13.588903 2.741841
-12.851581 2.239324
-8.980254 1.158787
-3.569629 -1.147896
-3.716766 -0.605593
-2.765113 -2.557314
-2.042057 -0.485852
-2.798483 -3.652497
-3.563208 -0.893649
-4.475636 -2.087965
-4.439504 -1.377642
-5.530837 1.120074
-7.776770 1.204549
-6.536314 1.599494
-8.093392 2.265782
-8.483727 2.073654
-9.490441 2.390429
-9.857668 2.961956
-7.466104 1.177516
-5.180174 1.814734
-4.140136 0.244856
-4.415073 -1.438684
-4.488484 -1.148957
-2.207488 0.037517
-3.529452 -0.517861
-3.989488 -1.104244
-4.380955 1.820597
-4.000075 -0.232624
-5.507391 1.300362
-4.762784 1.279061
-2.637643 -0.866796
-3.546254 -0.242454
-2.978980 -0.232844
-5.832891 2.154385
-6.835021 2.543509
-8.654701 1.194169
-7.115251 2.000028
-6.089964 1.354782
-8.358731 2.621944
-6.802803 4.426177
-1.903996 -0.209647
-3.458768 -3.242168
-4.992744 -4.659276
-4.368641 -2.999413
-4.510725 -2.318699
-3.648032 1.470708
-5.274454 1.554661
-5.568981 1.800485
-6.348491 1.721214
-7.377292 1.539639
-5.584546 1.115913
-7.500928 1.495741
-7.402937 1.354573
-8.968847 1.364226
-12.033003 2.759620
-9.852136 -1.502530
-11.226960 0.743982
-11.150898 -1.311281
-10.797281 -1.156332
-11.926386 -0.366624
-9.720421 -2.738254
-10.946751 -1.379251
-10.807238 -2.560107
-11.577085 -0.056693
-11.985338 -1.438397
-11.894276 -2.686301
-6.819493 -4.770029
-6.380647 -4.354917
-7.189429 -4.134775
-7.455314 -8.195683
-6.312373 -4.060303
-7.561463 -5.351920
-7.250468 -7.180899
-6.336319 -6.005960
-6.975724 -4.678446
-6.198611 -5.086546
-6.284275 -4.521249
-7.166808 -4.146676
-7.184968 -4.468987
-6.407945 -5.887164
-6.592413 -4.575998
-5.811886 -5.340603
-7.099438 -4.714287
-6.569575 -6.119715
-6.011813 -4.868021
-3.149934 -4.187473
-6.687674 -6.235967
-4.348026 -4.702501
-6.616674 -5.618835
-5.461668 -6.448212
-3.805305 -4.946822
-4.534429 -1.633822
-4.432145 -1.311385
-4.540401 -1.398362
-4.302226 -0.772996
-3.172819 0.771937
-3.717108 -1.017891
-2.439454 0.029149
-4.345952 -1.067783
-4.528643 -0.844502
-6.304150 -4.139903
-6.294732 -4.989201
-6.876382 -4.044006
-6.802772 -6.913794
-6.346254 -4.590343
-6.461011 -5.461846
-4.488859 -3.157028
-5.454265 -5.561290
-4.712558 -3.943795
-6.053853 -6.315788
-6.483277 -5.236474
-6.571641 -4.239024
-4.699935 -5.777289
-3.589175 -0.814676
-3.974397 0.653149
-3.587438 -0.689217
-3.841081 -1.907727
-1.093499 0.142702
-4.601090 -0.949535
-4.249954 -1.325118
-3.904115 -1.304727
-3.643864 1.007962
-1.900712 0.425519
-5.322683 2.385843
-7.748168 3.202071
-8.725884 2.148643
-8.691151 2.092442
-6.292165 2.270703
-3.455040 0.483145
-4.326118 -0.352807
-4.545177 0.986724
-4.341461 1.229596
-5.235896 1.271006
-6.324900 1.499649
-8.089815 1.667981
-10.026852 1.352841
-12.346757 -2.779524
-10.672052 -1.796731
-9.830222 2.930283
-7.610098 1.528422
-9.857122 3.407296
-10.103680 0.975407
-7.662201 2.775502
-7.117965 2.531312
-7.155858 3.271843
-8.078929 2.289582
-8.311272 1.225006
-7.809935 2.221410
-4.160291 1.508535
-4.005021 -1.694830
-3.521001 -0.939905
-4.051201 -1.992247
-3.989429 -1.426963
-3.765380 -1.712285
-4.356761 0.184291
-3.171794 0.210613
-2.232973 1.661682
-2.579570 -0.923884
-3.086351 -1.949416
-3.376170 -0.306461
-4.247640 -2.189046
-4.585636 -2.074883
-2.495412 -0.778703
-3.755537 -1.063125
-3.806851 -0.838109
-3.948955 0.005468
-4.494209 -1.630751
-2.645811 0.691217
-5.404437 1.334433
-7.569834 2.171892
-7.938400 1.316900
-6.191733 2.080248
-7.882652 1.292553
-5.522984 1.265078
-6.153806 2.379472
-5.551483 3.366910
-5.183874 3.771656
-3.817910 -1.090648
-4.389791 -3.026188
-4.210759 -3.600854
-3.716420 -5.167359
-6.541302 -6.014029
-5.979679 -4.900945
-6.379595 -7.269309
-7.772658 -6.111485
-6.594538 -4.160416
-6.608527 -4.314629
-5.761920 -6.715417
-6.121384 -4.704806
-7.753413 -6.472084
-6.342081 -4.716197
-5.501104 -5.547861
-7.457621 -4.446800
-7.444702 -7.701505
-6.660734 -7.095274
-6.519209 -4.077778
-5.349334 -4.064847
-5.890592 -5.996500
-4.471940 -3.688951
-3.971255 -2.041913
-4.401197 -1.934154
-4.160887 -5.088332
-8.311755 -8.448611
-12.076473 -8.094962
-12.316359 -9.583567
-9.738771 -8.383495
-9.095675 -9.094390
-9.785749 -8.814442
-8.235925 -8.466699
-6.765422 -6.942312
-5.395271 -5.075827
-6.383821 -5.418113
-7.002443 -6.042309
-6.767396 -5.838168
-4.393472 -3.117662
-4.295300 -3.182068
-12.779106 -9.995336
-7.982091 -8.059666
-8.731359 -8.512227
-10.597857 -8.022709
-15.245122 -4.861036
-13.777247 -9.632896
-14.061190 -6.012384
-10.444759 -2.715157
-10.505684 -2.288216
-9.911686 -1.955548
-18.022554 -8.107770
-15.866847 -9.452954
-8.950409 -8.077423
-13.160699 -11.814688
-10.143940 -8.561725
-11.226469 -11.747206
-12.692148 -11.133307
-11.264612 -8.846980
-9.018178 -9.298255
-8.352264 -8.742205
-6.895625 -6.631068
-7.097968 -8.501183
-7.847362 -7.522564
-7.744838 -7.310169
-7.672641 -7.977447
-11.102255 -9.127601
-8.733442 -8.974533
-7.456339 -7.504416
-5.618995 -4.739632
-6.562492 -8.499209
-7.544664 -4.781703
-7.552563 -6.968190
-7.899334 -4.861024
-6.925072 -4.034467
-5.646738 -4.096469
-5.267105 -4.172641
-4.447277 -4.077241
-2.959858 -3.183909
-3.366086 -0.940763
-2.731750 -2.918943
-4.541656 -1.269085
-4.241280 -0.220724
-4.427657 3.363327
-5.594033 4.699341
-9.269903 1.219087
-6.776926 1.720569
-5.712848 2.253439
-4.981597 3.116981
-6.674479 3.403416
-3.599876 1.329856
-1.853365 -1.314492
-3.579220 -2.711933
-3.359469 -2.255808
-3.747845 -5.334514
-7.597413 -4.173906
-6.275613 -4.693083
-6.544061 -4.698808
-7.280515 -5.639454
-7.287038 -6.899762
-6.537883 -8.676819
-11.649012 -8.595335
-12.481112 -8.021529
-9.835316 -8.162470
-8.604233 -8.448589
-9.853150 -8.955888
-13.042468 -9.015298
-13.869444 -5.194147
-16.309853 -5.362558
-13.271923 -6.714662
-15.032158 -7.089683
-8.408625 -10.307495
-8.214245 -9.157878
-10.187663 -9.953986
-7.673394 -7.828671
-9.230808 -11.294471
-7.060929 -6.031446
-7.557549 -5.202853
-6.529183 -8.507028
-12.319946 -11.548972
-11.191532 -9.546962
-8.361465 -8.289754
-9.843597 -9.414632
-11.780760 -10.789922
-10.626396 -8.179000
-14.422630 -9.979614
-12.910229 -6.931695
-12.934344 -6.595268
-16.397594 -7.623264
-13.480982 -6.348423
-12.952942 -7.050018
-12.891220 -9.228325
-12.056484 -8.192808
-7.594919 -5.988057
-7.256364 -4.852595
-6.832444 -4.136337
-5.486506 -5.814147
-4.746428 -7.440836
-6.509331 -7.632920
-10.632420 -9.503981
-9.420487 -10.217893
-13.103490 -6.129578
-7.480569 -9.384572
-10.154194 -8.073443
-10.866297 -8.991718
-12.761221 -2.049025
-16.028921 -5.788423
-13.051286 -6.502411
-7.081509 -6.408749
-9.257816 -11.849925
-9.609499 -10.603323
-10.982482 -11.151963
-9.674863 -8.233440
-8.327038 -8.697951
-7.522771 -6.602422
-6.471699 -8.156054
-10.425735 -8.432898
-11.634788 -9.575686
-14.859262 -8.065065
-12.539832 -8.538980
-11.286173 -10.877229
-7.630045 -8.513814
-7.742271 -8.572878
-13.858095 -10.754022
-12.512243 -10.375105
-10.370428 -9.619115
-9.363458 -8.157844
-6.579440 -8.246539
-7.052437 -6.556834
-3.808343 -8.063294
-12.525680 -8.269013
-10.257420 -8.647742
-11.759862 -8.076842
-9.148989 -9.517328
-9.917714 -8.715907
-8.049308 -9.318913
-7.965511 -8.642761
-12.337719 -10.027102
-13.855356 -7.450745
-12.254221 -8.463531
-12.684198 -8.363756
-5.999393 -6.596793
-4.839242 -4.628852
-6.754426 -9.851289
-7.011050 -7.584011
-5.353379 -5.610502
-6.380764 -7.272243
-6.176231 -5.246523
-5.174479 -5.811448
-7.887621 -7.382524
-5.966481 -5.656371
-6.609190 -6.080051
-5.805841 -7.266555
-7.867540 -7.120407
-4.844851 -4.367623
-6.809565 -8.960755
-7.151803 -7.512049
-5.863358 -5.117014
-7.506628 -10.064467
-6.357903 -6.574946
-7.607270 -4.497290
-5.857973 -4.053650
-9.610703 -3.009457
-10.650824 -2.937791
-10.217916 -1.124254
-10.883554 0.217634
-9.348021 2.809083
-8.339037 1.244346
-6.603650 1.350268
-3.127304 -0.117061
-3.619547 -0.666777
-4.291767 2.432775
-6.367289 2.769376
-7.520467 2.662333
-4.567357 1.902786
-3.103417 1.864265
-3.747443 -1.370099
-4.448861 -1.893893
-4.808502 -4.285563
-5.169868 -5.595236
-7.894258 -7.647800
-14.687216 -9.528432
-6.680690 -5.638439
-7.247744 -8.570525
-7.451013 -7.308899
-10.060231 -9.745842
-9.071378 -8.055267
-6.887917 -9.373172
-6.188215 -7.009609
-6.727588 -4.817050
-7.573046 -6.351171
-7.643826 -6.297369
-6.090144 -5.631042
-5.646407 -3.999230
-7.117014 -7.027069
-6.879493 -10.395358
-9.260860 -8.983544
-12.159790 -9.895961
-8.082981 -9.000306
-11.743504 -8.230042
-12.493238 -11.093680
-13.538543 -6.813619
-15.166202 -10.503762
-6.533054 -8.119800
-7.703184 -9.246902
-9.451530 -8.099695
-10.653915 -8.461913
-8.221075 -8.535386
-14.638804 -9.737319
-9.590919 -9.104711
-15.536028 -8.479516
-12.744988 2.583938
-16.765144 7.637051
-14.790682 3.609981
-15.391022 4.316229
-13.019320 4.005606
-9.797882 1.831674
-5.669321 5.101170
-7.214952 5.837530
-9.148396 2.617362
-7.537380 3.881114
-8.509480 2.959534
-8.076363 1.819614
-13.533030 -0.844795
-9.184196 2.987201
-10.737015 -2.570076
-11.568406 -1.712710
-7.422273 -7.369173
-6.586003 -6.963765
-13.073505 -7.668572
-14.374844 -9.319338
-8.924449 -9.354501
-7.444293 -10.080949
-7.765455 -5.090502
-6.781205 -5.713834
-3.806195 -4.379045
-7.187686 -5.597204
-7.149028 -4.022959
-7.577806 -7.680611
-7.642524 -6.674002
-7.103357 -6.775393
-7.630491 -8.603040
-9.218083 -9.757787
-6.393652 -8.377141
-7.103561 -7.145864
-7.143814 -7.760603
-8.940873 -9.609272
-7.645933 -8.094413
-3.295451 -4.358846
-4.418749 -1.484596
-3.215575 -0.789507
-1.432138 -0.234622
-1.957536 -0.561645
-1.794673 0.077066
-2.885324 1.036837
-3.115538 -0.573606
-3.811177 -2.704473
-3.128894 0.004908
-2.626148 1.593342
-7.314293 1.139461
-7.058383 2.151441
-7.809471 1.804986
-8.527284 3.215139
-11.307203 -0.598148
-9.841722 -2.652756
-9.803171 -0.070418
-10.028728 2.953783
-6.292271 1.711936
-7.603395 8.171500
-6.334007 12.271835
-2.527767 18.355034
