-4.145306 0.700684
-3.345300 6.212368
-2.551574 8.266509
-2.517391 12.143555
-1.734345 10.224465
-1.385689 11.363212
-1.443042 11.870748
-1.877947 9.095763
-2.281747 5.876203
0.288839 5.140550
1.184533 5.751602
3.436179 4.730556
3.568912 5.783743
6.345182 6.199975
7.574905 7.338275
9.276311 11.215150
5.910190 12.033624
5.987693 8.714838
7.438228 6.420345
8.643110 4.798505
8.465283 6.006104
6.299991 6.332292
4.500635 6.836956
1.985330 5.413767
2.431307 5.800161
-1.486636 8.085162
-2.485887 7.976562
-1.018822 7.097261
-2.396665 5.694193
-0.975487 6.846886
1.076967 5.570894
4.793871 5.950794
5.164272 7.138131
5.909953 7.940526
4.380920 5.377333
5.873977 7.731105
6.264681 7.375096
6.567965 9.043395
8.519641 10.965233
3.850536 11.021070
-0.786234 8.454367
-0.976071 10.613240
-0.936409 10.051054
-3.289768 10.471013
-1.031532 8.712720
-0.880309 5.955944
-3.485543 7.390439
-2.102940 7.616890
-1.388103 5.895030
3.263999 5.868389
1.575038 4.822553
3.020250 4.631374
6.536590 4.516524
5.956852 7.879570
6.482291 6.956969
4.775093 10.777352
9.098652 13.811168
8.819386 16.532225
5.461905 9.983027
5.164081 9.170229
6.004515 9.471400
4.703206 6.155823
3.887758 4.086798
1.944125 4.740950
2.324815 3.930119
6.209715 4.516036
5.555668 12.111455
5.204414 7.782553
6.312101 6.601997
6.554384 5.301395
1.592670 5.188307
2.268948 4.382851
1.869102 4.857005
3.134156 3.056023
0.900374 5.619490
2.535889 4.411015
2.163370 4.722976
-1.236970 5.807550
-2.659082 7.333065
-2.335788 8.240472
-1.344561 7.582469
-1.738748 7.702547
-2.687382 8.244889
-5.659833 8.699426
-4.005919 7.241747
-1.681461 8.958302
-4.309900 10.343507
-1.123652 14.270100
-2.119438 10.983304
-2.477311 9.213337
-0.746013 7.097776
-1.137867 8.306151
-1.697098 3.961271
2.027325 2.841379
2.531590 3.247154
3.346153 5.340908
3.611244 5.092780
-0.421682 5.505439
0.566851 3.927688
3.322533 4.473867
5.753023 7.614583
4.642053 7.333067
3.232670 4.150404
0.187147 5.048353
-1.986698 6.503388
-0.164281 4.754445
-1.892745 7.206953
-1.572992 8.926312
-1.623683 9.521143
-2.663717 10.843109
-4.154013 9.051280
-3.384452 7.897408
-0.763431 10.383063
5.398419 7.669777
5.067539 4.102400
3.221206 4.756008
4.435627 6.853189
6.610621 7.008955
7.380217 11.775459
4.388560 10.106068
6.800924 10.622930
7.780243 12.386859
6.336215 12.007430
6.999904 10.069973
4.025177 5.262722
5.000983 4.254819
3.085778 3.927731
3.100244 5.916761
7.055659 2.947940
6.067239 9.158952
5.566419 13.856500
2.836344 5.141653
0.690711 5.867793
-0.321650 5.911740
-1.734323 7.066410
-0.352161 5.911050
0.334528 5.325040
-0.814010 8.627414
-2.046429 9.383412
-0.953055 6.858767
-1.083633 7.918103
-1.985930 7.641509
-0.971212 9.517743
-1.188642 8.521846
-5.386987 7.447339
-2.024822 13.555175
-0.724643 8.484490
-4.323059 7.984670
-0.957410 12.314651
-2.290689 12.977406
-2.091123 6.494693
-4.618363 8.173027
-4.395948 8.064033
-1.308777 11.837807
2.826502 3.852885
3.119150 2.742653
1.549723 4.893862
2.856227 4.337253
4.993395 7.169898
3.441157 5.500798
4.078346 5.449397
1.609644 3.879894
5.047591 10.416455
8.738068 8.948799
5.043365 8.488173
5.362390 7.039004
4.937768 7.793487
6.724437 7.351094
5.501533 7.158993
2.996683 4.954527
2.484964 5.667386
2.931715 4.717247
0.700905 2.502507
1.512722 3.066154
7.233352 6.608451
4.428861 9.407323
5.263168 13.069323
5.512757 16.164577
0.218245 16.975313
1.646093 19.563541
