-18.566586 18.009632
-10.823677 9.501651
-7.569659 8.077914
-7.627812 8.100451
-7.569827 8.077849
-7.628026 8.100374
-7.570189 8.077706
-7.628491 8.100202
-7.570974 8.077376
-7.629496 8.099795
-7.572668 8.076578
-7.631671 8.098776
-7.576337 8.074504
-7.636323 8.096020
-7.584182 8.068596
-7.646081 8.087763
-7.600428 8.050038
-7.665265 8.060601
-7.631341 7.987172
-7.696649 7.967241
-7.678273 7.764869
-7.728275 7.625738
-7.680934 7.040346
-5.775583 6.642921
-4.405088 6.684115
-3.782620 6.478991
-2.860888 6.466938
-2.657336 6.330567
-2.565902 6.389813
-2.516822 6.322406
-2.516752 6.335387
-2.530817 6.338436
-2.441926 6.205599
-2.354359 6.051313
-2.247454 5.815274
-2.042839 5.530599
-2.050067 5.260706
-2.144691 4.893430
-2.395923 4.758662
-1.833847 3.027524
-2.220300 3.240531
-2.087247 2.008945
-2.450789 2.265569
-2.229875 1.357606
-1.937881 0.769922
-2.128323 0.801849
-2.313550 0.888865
-2.718037 1.263575
-2.259556 0.614331
-1.405851 -0.521136
-0.025498 -2.739320
2.174536 -5.990534
