15.674859 -19.756334
12.225027 -11.072860
10.979710 -8.456629
10.338416 -7.180586
9.969669 -6.433849
10.023133 -4.691171
10.274477 1.284736
10.340400 1.502562
10.274757 1.285016
10.340681 1.502842
10.275444 1.285701
10.341372 1.503529
10.277123 1.287370
10.343060 1.505204
10.281253 1.291408
10.347206 1.509270
10.291525 1.301398
10.357525 1.519327
10.317169 1.325524
10.383235 1.543637
10.382189 1.383870
10.448784 1.602939
10.547850 1.521910
10.499220 1.355790
10.958616 1.768003
10.947343 1.597566
12.184850 1.605024
12.907787 4.820254
