19.747343 -15.559967
10.993383 -11.356067
7.948095 -9.747050
8.056306 -9.848764
8.259281 -9.880848
8.151925 -9.863343
7.927423 -9.834567
8.058024 -9.852983
8.260942 -9.884399
8.152645 -9.863559
7.928273 -9.834782
8.058273 -9.853014
8.261154 -9.884437
8.152704 -9.863564
7.928343 -9.834784
8.058292 -9.853017
8.261170 -9.884440
8.152708 -9.863564
7.928348 -9.834785
8.058295 -9.853017
8.261172 -9.884440
8.152710 -9.863565
7.928349 -9.834785
2.798750 -10.012416
2.823714 -9.889676
2.722348 -7.614089
1.726858 -6.404928
-0.096935 -5.453369
-2.308937 -4.960198
-5.138241 -4.390819
