6.695032 -17.605566
8.320624 -11.744670
8.158385 -11.675853
7.956913 -10.590625
8.185803 -10.211623
7.709035 -7.264005
7.722014 -6.421153
7.440967 -4.780959
9.646237 1.514776
9.556450 1.385333
9.646222 1.514772
9.556435 1.385329
9.646179 1.514759
9.556389 1.385317
9.646036 1.514715
9.556240 1.385273
9.645582 1.514574
9.555768 1.385130
9.644127 1.514101
9.554245 1.384647
9.639447 1.512464
9.549360 1.382950
9.624330 1.506054
9.533561 1.376105
9.575245 1.475785
9.482447 1.342610
9.419315 1.308018
9.513697 1.474241
9.520322 2.272608
