5.852642 16.119900
4.427054 11.084032
0.809439 5.032031
1.071749 5.315699
1.607082 5.903259
0.965915 5.287138
1.259709 5.559026
1.172293 5.604594
1.485972 5.870663
1.352103 5.929097
1.556206 5.808333
1.689751 5.894043
0.906469 5.155938
1.189011 5.430524
1.118825 5.452178
1.431443 5.721042
1.328125 5.789840
1.539274 5.673841
1.678867 5.747361
0.908534 4.969129
1.177218 5.257830
1.723260 5.854124
1.149653 5.249727
1.461906 5.520761
1.447126 5.600827
1.669964 5.484847
1.851042 5.546982
1.192273 4.712574
1.400811 4.527451
1.497130 4.286181
0.802071 3.066875
-0.216626 2.088287
