-1.136778 -16.229170
-4.059042 -9.388840
-4.763073 -5.695183
-4.573230 -2.111454
-4.761174 -0.142146
-4.917465 0.290645
-5.219054 0.567056
-5.990080 1.193303
-6.491476 1.147627
-6.729886 0.867906
-6.941680 0.830051
-7.422431 1.179659
-7.818624 1.406604
-7.541057 1.931971
-7.539647 3.592734
-7.784820 3.785220
-7.820106 5.904324
-7.759745 7.777025
-7.595003 7.837842
-7.722528 8.023776
-7.553116 8.000668
-7.715135 8.040675
-7.546442 8.012157
-7.713774 8.041937
-7.545313 8.013067
-7.713524 8.042050
-7.545114 8.013156
-7.713479 8.042062
-7.545077 8.013167
-7.713471 8.042063
-7.545071 8.013168
-7.713470 8.042064
-7.545071 8.013169
-7.713470 8.042064
-7.545071 8.013169
-7.713470 8.042064
-7.545071 8.013169
-9.366339 8.630394
-13.110966 16.260176
