-9.875887 11.889384
-10.959736 8.756207
-7.942024 9.717865
-7.595412 7.332456
-7.258536 8.105479
-7.234518 4.651740
-7.159628 5.554664
-6.140255 6.792776
-6.119495 3.403072
-3.694673 -1.964789
3.810041 -7.592839
4.563612 -5.515475
2.602972 -8.028591
1.986431 -8.126493
-0.458699 -11.528591
-0.431821 -6.645873
5.564348 -7.224489
2.248317 -4.644450
0.496917 -4.097902
1.262769 -2.956847
0.988855 -1.053778
1.678949 -1.211864
1.264805 -1.333614
1.714522 -0.667534
1.188246 -0.975137
1.831782 1.865987
0.208846 1.329783
0.663074 0.416410
1.230274 1.722774
6.117686 2.838992
3.934522 1.302727
4.836865 1.273461
8.778774 0.974360
8.123926 0.961795
8.107073 0.871615
8.525725 -1.156005
9.696467 -4.716304
7.369125 -4.176816
9.163025 -3.138456
7.843306 -3.589859
5.910496 -4.732854
3.048205 -3.976954
3.330623 -6.560087
5.244772 -5.244606
3.801192 -5.142870
5.293758 -4.447814
1.640467 0.128304
0.407216 0.751491
3.169099 1.487692
3.744245 1.640129
7.038807 2.679384
5.830629 1.870676
5.009439 1.941809
3.571541 1.119259
4.776764 2.905728
4.278020 1.524381
3.989964 1.740309
2.943472 1.947398
1.636473 1.925800
1.655678 0.512299
0.771289 2.307827
4.006408 3.119497
7.454910 2.377069
7.105393 0.777016
7.159545 -2.735914
7.936493 -2.692302
7.002805 -3.903537
7.448396 -1.875842
7.522088 0.090594
7.187551 0.465902
7.685381 1.049347
5.913362 2.447229
5.762341 1.346505
4.619424 1.073839
7.121277 1.079790
4.659268 1.129882
4.291022 1.239674
6.075657 1.380007
4.497946 2.113663
3.943845 1.430583
1.342365 1.023616
1.256359 0.319449
1.550334 0.721930
0.692650 1.518322
1.010585 -0.170936
1.329153 -0.700129
1.146957 1.678999
2.607287 1.124464
4.809927 1.409458
3.891289 1.108754
4.906621 1.198882
7.606095 1.443165
7.220438 0.771501
7.130027 -2.600755
7.982057 -0.008403
7.067305 -1.159454
8.545610 -4.511296
5.742687 -6.133900
7.669724 -6.841434
8.871961 -10.365497
8.254039 -12.230245
8.266542 -14.026275
4.738691 -13.222795
5.398946 -13.697293
5.839162 -14.459435
7.695106 -14.056787
8.526464 -11.439555
8.188548 -12.099105
17.312065 -19.134388
19.181545 -14.924751
11.501183 -14.961702
16.479599 -16.123556
16.267389 -11.657409
14.707537 -12.197910
19.530787 -16.468018
