15.389391 -18.936623
0.371171 -17.046484
2.376912 -12.563457
0.167326 -16.361958
5.746538 -15.168825
4.455769 -13.786611
1.377504 -12.875306
1.985916 -8.865056
2.023433 -9.074089
0.789453 -7.946370
4.860045 -6.637789
8.623021 -5.684839
9.502473 -6.488107
8.793807 -10.611440
8.332081 -9.374204
9.160224 -10.476243
6.675804 -5.254729
5.912190 -5.810531
2.648368 -7.994509
6.541067 -6.570682
7.328016 -7.416946
7.647471 -7.603496
1.395709 -9.884761
2.181586 -10.714444
2.209727 -13.758405
2.020206 -13.869867
5.021605 -15.373103
-0.347492 -13.743516
2.359729 -12.122451
2.154000 -11.318665
2.400154 -9.231749
1.414941 -11.575488
0.091295 -12.225123
2.168650 -12.381651
-0.647348 -12.221816
2.535328 -10.595646
2.202312 -10.409101
2.577370 -10.209392
2.615321 -11.962706
0.487045 -10.922994
8.093710 -9.851796
2.824268 -7.522161
1.861309 -12.120023
1.394529 -10.611680
1.536172 -11.238112
5.067829 -6.464907
6.835721 -8.156461
7.282788 -5.576240
7.892583 -8.392030
9.241008 -9.300513
7.913691 -9.386216
1.828817 -10.751752
1.463205 -9.901383
3.656691 -13.880469
-0.105483 -13.154164
1.048304 -9.988358
1.994006 -10.117921
2.229807 -7.141586
3.208652 -8.195080
2.215607 -8.241592
0.897503 -8.579625
1.474934 -9.840378
2.271965 -8.524261
2.072848 -10.891199
-0.432620 -9.622221
3.978227 -6.281236
2.901232 -6.645412
9.465647 -6.860614
8.820957 -7.109230
8.528049 -11.132081
8.822062 -11.317221
9.684237 -13.906531
6.366279 -14.420379
8.478553 -10.741775
8.744136 -11.283574
9.055067 -11.229074
8.490812 -7.448658
5.049861 -5.914978
7.908690 -7.793460
6.720375 -7.732665
10.489233 -7.520704
16.148094 -10.794294
14.701010 -15.932325
12.729054 -14.458253
8.090568 -13.939517
8.842920 -9.098724
7.943311 -6.430831
8.402464 -9.733937
8.123189 -9.546263
8.072153 -7.363113
6.438772 -6.486946
7.689061 -7.600727
6.824801 -3.809046
8.591796 -8.275424
5.213416 -5.139143
5.335536 -7.110262
6.666349 -7.414181
2.089140 -6.172397
2.396395 -9.284866
1.847545 -7.333469
2.582597 -7.539381
0.313103 -8.607870
4.348679 -7.157342
3.767858 -7.287728
5.406889 -7.560052
7.589518 -7.058792
8.172287 -8.340716
6.152168 -6.709362
4.852859 -8.155772
5.765514 -7.658826
4.380998 -8.066134
0.784094 -8.093032
0.226519 -9.409004
0.666157 -10.572643
1.345842 -10.664042
1.735588 -9.314192
2.506780 -9.700639
2.203926 -12.000810
1.222291 -9.317025
3.658621 -5.848792
5.814015 -7.359378
7.264051 -8.133298
12.702059 -7.335763
9.932705 -5.379239
8.226813 -8.982839
9.441051 -6.841386
9.116612 -11.349571
8.483618 -10.134343
7.933135 -10.514641
7.871477 -9.234634
10.192408 -6.381967
4.376705 -4.639305
1.444422 -5.135425
2.256222 -10.584595
1.106955 -12.456141
2.068882 -10.638180
0.879988 -13.004250
0.860026 -12.090943
1.588754 -8.784681
1.425776 -7.480698
2.688501 -10.467896
4.108083 -7.713526
4.598089 -8.018044
3.700874 -5.650680
7.744651 -6.552064
8.475384 -8.355929
7.460503 -7.669693
4.529842 -7.773192
4.682820 -7.833903
4.669152 -4.036135
4.407099 -7.575567
4.631201 -7.123830
4.696068 -7.872435
7.688001 -3.508851
8.115884 -5.255417
7.910671 -6.624543
8.934266 -8.682780
7.922414 -9.316667
8.310707 -9.249778
2.666430 -8.064128
1.819564 -5.010173
2.427978 -5.041527
2.490425 -9.008184
3.367691 -6.952606
5.046943 -6.811000
6.221791 -5.274562
4.719481 -7.389467
6.325704 -7.593496
8.638735 -7.701196
6.365952 -8.039584
7.798093 -14.713546
10.038692 -13.032521
8.421995 -11.686709
8.085649 -10.594132
8.481274 -12.188342
2.234406 -11.338025
1.302529 -9.581676
1.964771 -8.778565
0.927276 -8.762804
1.755070 -8.880840
0.933592 -8.240111
0.731841 -12.841994
0.138265 -8.512344
9.281322 -4.333737
6.976011 -7.766970
3.013253 -7.718857
0.303976 -10.203723
2.482107 -11.148973
1.864333 -11.082442
1.108761 -8.227509
4.504133 -6.418848
3.375973 -7.498729
4.212663 -7.168926
0.045907 -8.662651
0.988713 -9.765935
-1.950629 -14.014018
1.402656 -10.715394
1.176256 -10.314000
1.536588 -10.422076
2.309590 -7.467567
2.612611 -10.034284
0.853984 -13.486192
1.285406 -14.208242
3.869062 -14.279168
1.610472 -17.225384
6.478317 -13.378329
7.833587 -14.514747
8.261865 -6.332483
7.634338 -7.720451
3.395608 -7.093148
3.490491 -6.036341
5.374938 -7.783381
4.327592 -8.155263
3.757952 -7.593164
4.835229 -7.180351
5.430231 -6.725039
8.919125 -15.284009
9.177290 -11.478303
8.078970 -10.637164
2.380209 -12.944179
-0.015069 -10.678262
7.932861 -9.966884
0.962516 -10.501279
2.342670 -11.251642
0.051980 -10.140943
1.152931 -10.716091
1.579617 -9.974417
2.634717 -10.637473
1.854886 -9.064902
-2.599902 -10.420560
2.582417 -9.320960
0.586893 -9.096526
2.820979 -9.966790
2.583071 -9.713284
2.808162 -4.871575
4.817151 -7.416550
3.869924 -7.861809
6.726843 -7.777488
