9.492253 -14.328371
7.941576 -11.599547
7.962723 -7.489558
8.696465 -9.656911
9.681730 -5.729737
5.839729 -5.222199
4.692940 -6.643726
3.925966 -5.446274
5.726902 -6.425759
7.484385 -7.263583
-0.074621 -8.788016
2.763225 -9.693893
1.705833 -12.882982
-1.375281 -13.472413
2.437556 -10.754700
1.821947 -9.610965
2.401965 -8.953535
2.171527 -8.682040
3.217292 -7.687458
4.120775 -5.419097
4.629387 -7.514237
5.596163 -8.000194
5.613015 -7.775589
6.796247 -7.858474
7.811432 -6.157321
7.194478 -6.070596
4.580932 -5.316747
0.976410 -10.570783
1.868013 -10.187097
3.873864 -5.154380
4.751487 -6.449321
4.919795 -7.289056
7.282095 -7.895369
2.952801 -7.373551
2.055906 -9.707498
2.565293 -10.713197
0.563812 -12.868070
2.247123 -8.281530
1.608052 -11.087044
1.469839 -8.723424
5.304038 -7.981247
4.105046 -7.804695
8.200478 -13.887994
7.320897 -13.209741
10.702734 -12.967010
3.519227 -13.325626
7.799670 -13.275592
2.005460 -11.652774
2.033903 -10.235643
2.522210 -7.745627
0.422660 -12.654672
8.950909 -12.965954
8.336203 -10.252194
7.990731 -9.734732
8.060221 -6.467567
8.779308 -11.252271
8.173905 -8.702977
9.375758 -9.620158
9.298909 -12.503797
8.962730 -10.816158
5.826059 -8.098113
6.253848 -7.340003
4.120090 -6.634318
1.134103 -9.215726
1.812210 -9.750001
1.877972 -8.760819
6.314201 -4.336363
8.650179 -9.032445
8.112417 -11.038226
-1.412689 -7.732419
-2.366741 -9.626300
-0.646899 -9.844197
2.122849 -7.269371
0.221746 -9.820786
0.585109 -10.933872
6.223572 -5.837528
5.894859 -7.321169
3.511276 -7.990629
4.400949 -6.683223
8.707949 -7.551642
6.229478 -5.742489
9.087920 -8.179700
8.403600 -11.927260
8.320497 -9.055530
0.392781 -11.407769
2.483011 -10.070668
1.293567 -9.152455
0.453244 -7.545552
1.643560 -8.239690
3.616510 -4.873449
0.703798 -9.358431
7.312141 -4.977989
5.015234 -5.459788
3.304054 -5.432586
-0.355626 -9.954897
4.541838 -13.245635
6.236784 -5.740285
7.896989 -7.294525
3.954392 -7.276409
8.054864 -9.805593
8.225969 -8.687085
10.897420 -7.012932
6.582048 -6.873059
6.054669 -7.375587
6.177309 -13.504169
1.906744 -12.831925
1.111014 -12.583901
1.225196 -10.223297
2.943950 -14.065831
0.962200 -14.620896
10.887552 -16.262356
8.267029 -12.209044
8.725582 -9.869555
7.964366 -9.900012
0.390474 -8.538888
2.428918 -8.165309
1.472610 -9.051950
-0.118312 -8.965911
4.724381 -7.112900
1.658350 -9.730510
-0.400949 -9.976123
2.813960 -10.006269
1.714231 -6.906960
3.443315 -7.150767
0.596107 -9.620074
1.714295 -9.025039
-1.133760 -7.883775
4.703039 -7.247051
6.432374 -7.352298
6.475470 -5.550257
8.233591 -7.852138
7.485849 -8.033347
5.179438 -6.555846
6.374661 -8.074274
5.280314 -6.261387
3.251911 -6.492166
4.808740 -5.154858
4.914948 -7.065924
7.842175 -7.202137
8.850390 -9.385184
9.165998 -9.662992
7.586591 -6.798226
3.106764 -4.297023
2.614183 -9.295940
2.154547 -9.854352
2.757636 -9.005436
4.428350 -8.122453
4.578577 -7.040263
3.244521 -5.575477
6.324715 -5.714476
8.499691 -6.562747
7.870046 -9.325258
7.181751 -4.077128
8.369831 -6.455879
5.528717 -7.979091
3.834892 -8.126077
5.515825 -8.061528
4.088423 -5.988463
4.723699 -4.524175
2.344814 -7.171177
2.035523 -10.528549
1.449933 -12.412127
2.521372 -10.111467
1.930933 -10.524797
-2.213593 -10.356992
1.688831 -10.474977
-0.288521 -12.546966
0.771242 -11.515533
0.942587 -9.037282
-1.501872 -11.413960
-3.453308 -16.593227
4.772529 -13.574409
6.345131 -13.876709
5.908069 -13.537248
2.250824 -12.136497
1.843821 -10.936945
2.723881 -11.072566
8.528717 -11.903319
8.111187 -10.176423
11.360394 -17.429941
7.975063 -9.982850
6.565763 -6.106935
5.303204 -7.773075
2.341222 -8.255509
2.626800 -12.084501
2.109913 -9.663539
2.643962 -10.469987
2.840167 -9.600421
1.392563 -11.514501
3.194249 -17.311769
8.233830 -13.957079
8.643148 -12.341866
7.864002 -13.008115
3.012192 -13.720267
2.275372 -12.083405
2.140401 -12.909495
2.451003 -12.747542
2.697137 -10.821817
-0.517818 -15.831529
6.126053 -15.162499
8.878067 -16.072647
3.601033 -14.675620
8.589911 -15.409185
4.173518 -15.867578
3.451390 -14.135822
-1.676125 -11.384780
1.728212 -10.274246
2.611474 -11.150275
1.526467 -9.477355
2.237847 -5.409233
0.055343 -9.607804
0.561607 -9.600411
1.264319 -9.765126
0.571903 -10.020647
1.750311 -11.668469
3.740394 -14.485522
4.468050 -14.392824
4.654090 -14.535201
4.569381 -13.950196
4.132910 -13.724821
2.559725 -8.363123
4.268336 -7.166483
3.523520 -7.944045
6.130656 -8.156693
4.790399 -7.348160
1.729799 -6.600468
0.008024 -9.827182
3.281642 -14.204960
9.721929 -13.111882
4.475406 -17.673344
1.336367 -15.134345
5.442168 -6.814343
7.485013 -7.796456
9.386007 -9.032422
7.382665 -5.687458
5.653080 -6.200577
4.748059 -4.891088
0.962814 -8.192219
2.274935 -10.030662
-1.584301 -10.606439
-2.123639 -9.591673
8.625870 -12.135404
7.546620 -15.110674
9.310822 -13.216343
9.072470 -5.848123
8.995288 -8.048936
1.371491 -11.245001
2.462019 -11.132859
0.948421 -8.506819
3.842148 -7.078571
-0.478982 -11.104703
0.104873 -10.842026
1.256338 -10.802065
2.431509 -11.417782
1.846350 -10.605020
1.394218 -11.173332
0.828207 -5.807793
5.996921 -4.032701
6.104547 -5.352831
6.433766 -5.184096
5.853226 -5.415455
5.183008 -8.198251
4.965258 -6.477883
1.585477 -7.727005
2.628442 -9.708323
2.797858 -9.029329
0.435121 -9.825294
0.370730 -10.167577
1.331234 -10.744483
2.745975 -10.629874
-0.127489 -8.061957
0.767739 -8.208884
2.219624 -9.486119
2.657142 -8.659661
2.536545 -6.701583
4.682395 -7.918815
4.449821 -7.536373
6.284065 -7.678077
6.525825 -6.406666
7.387654 -8.051370
5.838087 -8.098093
4.075356 -7.927786
7.369473 -7.637648
5.429242 -7.407794
8.243786 -10.217186
7.924081 -11.986054
0.278669 -10.734355
2.635142 -10.593080
4.749608 -14.111211
9.917347 -13.156721
8.771914 -9.760751
9.117785 -10.450926
4.770679 -13.230007
8.896241 -12.861444
7.994971 -10.784398
7.945034 -9.904207
8.805239 -10.853232
8.185217 -7.268378
7.560739 -7.584089
5.046879 -5.417509
8.456457 -8.183685
8.312359 -9.386748
8.105211 -11.270724
9.521784 -15.240292
5.915495 -15.387076
2.793913 -14.021975
2.755581 -11.172702
0.906114 -10.814870
0.352569 -13.023116
2.559114 -10.934808
1.771420 -12.011635
2.596859 -10.986492
3.561351 -13.960881
3.894993 -13.325781
5.415070 -15.824726
6.474497 -15.777534
7.626155 -13.841405
7.803905 -14.928110
8.522302 -9.963344
8.437876 -12.133383
7.897250 -13.963820
8.455852 -9.818655
6.917280 -5.110847
4.050357 -7.551115
5.470846 -7.648667
4.559289 -6.313217
4.347796 -8.146994
2.870282 -7.311695
-1.693492 -9.635760
2.581802 -11.181862
2.132000 -8.452482
2.228342 -13.271310
9.066346 -15.504681
8.571328 -17.323431
6.410348 -13.952315
6.645651 -14.093185
10.580233 -15.404418
5.697563 -13.547736
2.237843 -14.376343
6.394670 -15.840814
0.714419 -12.201230
-0.089231 -13.069213
0.578916 -10.453124
1.560600 -10.563442
1.560154 -9.073047
0.759428 -8.864033
3.807443 -6.855551
6.116939 -7.952530
4.910041 -6.691250
4.912526 -8.116925
6.565403 -7.753266
1.970862 -7.061584
2.801664 -11.146102
-0.402727 -8.119113
1.600873 -9.422991
2.357987 -14.016327
1.864523 -9.642118
0.278596 -13.072063
0.115175 -12.726634
0.797112 -13.986342
