14.746857 -17.258396
10.616523 -12.968074
9.340106 -10.795259
9.362012 -10.836659
9.340106 -10.795259
9.362012 -10.836659
9.340106 -10.795259
9.362012 -10.836658
9.340103 -10.795253
9.362009 -10.836654
9.340096 -10.795231
9.362000 -10.836625
9.340069 -10.795100
9.361969 -10.836467
9.339952 -10.794335
9.361836 -10.835526
9.339566 -10.789882
9.361418 -10.830059
9.338814 -10.763844
9.361032 -10.800567
9.380032 -10.812747
9.353939 -10.769816
8.607582 -8.755540
7.189300 -8.327736
6.452751 -8.394702
5.814605 -8.072558
5.497619 -6.344033
5.057821 -4.473843
4.544246 1.648806
5.177174 4.272124
5.597298 7.546099
5.225921 11.213618
4.039040 18.446957
