7.230214 4.382542
4.133162 3.019961
1.008798 1.364085
-0.957183 -0.068732
-2.383178 -0.901858
-4.067184 -1.973505
-4.169751 -1.594552
-4.476077 -1.871176
-4.383263 -1.632855
-4.087883 -1.430122
-4.121532 -1.417849
-4.433456 -1.644323
-4.336075 -1.536015
-4.036725 -1.349226
-4.087038 -1.386176
-4.398539 -1.607545
-4.311965 -1.518090
-4.012071 -1.333403
-4.072275 -1.378686
-4.383600 -1.599449
-4.302317 -1.513227
-4.002384 -1.328875
-4.066658 -1.376286
-4.378006 -1.596939
-4.298814 -1.511630
-3.998854 -1.327328
-8.919359 -4.536662
-12.233690 -5.412184
-19.432573 -8.943398
