19.721083 -15.279687
9.341080 -10.635440
9.365635 -10.643516
9.341080 -10.635440
9.365635 -10.643516
9.341080 -10.635440
9.365635 -10.643516
9.341080 -10.635440
9.365635 -10.643516
9.341080 -10.635440
9.365635 -10.643516
9.341080 -10.635440
9.365635 -10.643516
9.341077 -10.635438
9.365632 -10.643515
9.341022 -10.635394
9.365567 -10.643459
9.340192 -10.633356
9.364598 -10.640969
9.367059 -10.536012
9.340720 -10.548126
7.933280 -7.902667
7.019011 -8.387765
6.369060 -8.392238
6.215877 -8.496705
5.810952 -6.875973
4.993343 -3.900354
5.223934 -2.241806
5.257719 -0.599970
5.150235 1.061240
4.895419 3.085558
