14.957733 0.017545
16.139936 -0.036200
14.534462 1.302251
16.182785 -1.463949
17.871510 -0.085288
15.986416 3.602301
11.009804 3.763851
11.008884 3.519220
10.980202 3.671309
8.099971 1.431831
8.429100 2.552054
8.194220 4.941319
9.003733 4.525208
9.455574 3.845472
9.444928 5.287051
8.799738 4.731144
8.098475 1.691881
7.342501 0.611228
6.164430 -5.132837
8.062896 -10.220471
9.072804 -7.460618
9.859423 -7.321730
7.529275 -8.710602
4.912241 -14.047535
6.110569 -8.322478
9.619308 -5.431763
11.674896 -7.668113
18.394592 -7.111866
6.583688 -7.301290
5.891556 -7.021465
8.340361 -4.190377
7.284558 -4.811210
10.396479 -4.172976
9.374500 -4.130631
8.807693 -3.864089
3.890506 -5.930842
5.360894 -4.131306
10.163196 -3.970038
10.098476 -4.254155
8.297000 -5.482875
9.468971 -5.076281
6.953175 -5.611775
9.861079 -5.974352
7.975231 -5.211448
5.757653 -0.235030
6.775807 -1.009879
6.951045 0.545412
8.306877 3.403888
8.695964 1.333779
8.736217 2.233409
7.769976 3.124524
7.048615 3.498011
4.810113 9.852337
8.833688 13.990457
8.655929 11.062999
11.466769 12.142213
12.844574 9.930193
9.985431 11.790472
5.811911 8.765612
8.879416 11.087165
4.554985 7.784798
5.666518 4.499254
8.619417 4.220823
6.879139 2.352786
8.703564 5.611069
8.489550 4.695829
7.099509 3.414517
9.753554 4.882811
8.904140 3.880069
6.209365 4.208525
7.269935 0.786900
6.976166 1.872566
7.602196 4.302409
9.302128 5.603935
13.414889 9.667623
15.614335 9.858734
16.347813 9.090061
14.542699 8.845223
7.455043 2.908788
5.566322 6.222628
6.939829 5.184275
11.314197 3.757791
15.078548 6.647301
15.619902 5.594010
15.107700 6.270148
6.989228 5.058957
5.414001 5.716482
11.345217 3.512459
7.784283 4.981063
8.244130 4.447971
14.443228 1.814288
14.806076 2.434150
16.576647 4.397966
19.824482 -0.170179
15.136226 -0.810837
9.095912 4.725459
7.390186 3.705728
9.636546 3.985180
7.637079 4.828102
7.533679 2.764652
8.944231 2.572177
9.727154 5.443156
9.403895 4.190067
7.362558 1.198291
7.397645 3.314246
9.043550 1.806532
6.917182 1.436691
7.406085 2.316827
7.496965 -2.130459
4.883039 -2.911056
3.929981 -2.676135
7.032913 -5.576331
4.740149 -2.828830
3.408796 -2.747675
9.081158 3.299685
8.529381 4.323165
9.663098 4.234905
7.845860 2.043581
5.811204 -0.205936
5.190069 -0.451165
5.491446 0.000398
7.090230 1.920122
8.702394 3.639485
8.151780 1.501493
9.050467 1.347809
7.401545 4.385237
8.923854 5.283269
6.845302 3.429939
6.429518 5.325225
3.886671 6.043656
3.770872 8.853719
5.452555 8.400360
4.436250 12.603889
7.645274 11.829101
10.461709 11.234157
10.211658 10.856502
5.834880 8.321763
3.391053 7.738734
4.207998 4.942809
4.288279 8.174075
4.917150 5.574247
3.836618 6.850942
3.811252 7.726430
5.615399 4.620314
5.523181 3.491672
3.630309 2.981737
4.530489 2.526557
9.498884 4.445850
8.876108 4.047181
9.162153 5.029783
2.687614 5.081975
1.636443 8.561193
6.399893 13.645598
9.052646 12.739770
9.137342 12.434781
6.323948 8.731074
5.991880 8.426181
6.319815 8.506057
5.137078 8.862863
3.580106 7.955736
6.308504 8.937577
6.146227 6.954155
4.705962 5.181357
6.486456 6.283716
6.021473 8.373206
6.317353 7.090826
6.250327 10.135632
6.006527 7.035048
4.678458 7.106914
8.423181 4.125676
7.034515 4.336107
5.462390 8.381124
5.756024 9.387067
4.849849 7.643949
4.999654 7.312820
5.301247 6.542041
5.562281 4.233960
5.683634 8.229177
6.522315 9.429007
3.991814 9.803409
6.604923 11.671109
10.871765 12.517577
7.828820 11.411057
9.012593 11.342322
8.564464 11.692136
8.133673 11.704866
9.708035 12.545985
11.342406 11.844026
10.729863 10.713075
9.154928 12.792848
8.642262 12.079551
11.106444 11.811540
11.218514 15.130021
7.236314 11.293422
8.911974 4.346172
3.036583 3.911458
6.469446 4.385523
6.197797 7.480001
5.795355 9.439985
6.302668 5.459673
6.519678 7.406592
6.491003 7.353574
5.918743 8.365679
5.563858 7.405114
5.349060 5.082873
4.919347 5.898571
5.664391 7.600369
5.720503 8.926989
3.501127 13.697084
10.476474 12.852777
12.182379 12.223841
11.295567 11.059797
10.632528 11.277993
9.449025 11.698982
12.381149 11.939752
10.530184 10.923495
10.646672 10.988347
10.864691 11.736052
8.277470 12.314099
13.608795 9.681324
9.862322 14.218911
11.437692 14.410754
11.689825 11.753033
18.269863 1.342103
18.942020 1.896615
19.072989 5.629316
15.333872 8.384120
15.104620 7.373263
13.174150 3.551188
15.671389 6.760791
16.222530 12.106282
15.250647 10.870597
16.651417 12.828993
9.714178 5.007523
9.780160 5.156240
9.103133 3.899692
8.283306 3.938695
8.498575 3.395745
4.817264 6.711790
5.940101 8.960695
5.507216 7.641506
6.498854 5.318757
8.331236 5.252219
7.721867 5.548706
3.258762 5.110918
4.994203 7.417261
5.269557 7.594932
6.861495 5.079336
7.644950 5.123398
8.247783 2.314013
5.498061 6.743970
5.131629 8.574031
6.718640 3.427015
7.567413 5.454067
9.092225 3.897540
9.358242 5.193486
9.700994 5.153500
6.124396 3.476593
8.652399 3.566324
9.399109 4.848932
8.473728 3.050281
8.915837 2.125669
8.874729 2.476229
8.516177 3.740213
10.845408 3.624998
6.985651 5.465463
9.012906 2.963956
8.886058 3.492919
9.304340 4.527008
5.199609 1.050995
8.255438 4.126205
10.126968 3.523250
11.264288 3.546774
8.556878 3.607141
8.458558 5.468540
9.645942 4.426926
9.172221 5.636848
9.101633 3.186474
8.125488 4.509816
7.992546 2.382138
8.036757 2.463774
8.490734 5.338200
8.523510 4.222445
6.526219 4.072401
9.028729 5.048934
9.078302 3.969675
9.390327 4.830043
6.783119 1.614614
6.235637 4.904965
7.999701 3.280488
9.273454 4.987465
4.757700 3.292180
8.162698 4.046111
7.428820 5.198477
6.103518 6.180855
6.421246 11.846447
6.374166 12.032516
5.901638 7.611637
5.253292 4.396609
7.267352 4.370039
8.266518 4.343254
5.718923 4.768490
5.851244 6.256836
6.120909 8.200389
4.658412 9.122896
5.608591 8.052045
5.660702 8.559681
4.715181 7.447952
3.630976 6.038279
4.558318 3.640824
5.003471 5.872638
5.288125 5.119865
8.858322 3.863846
9.543020 5.197239
9.064617 3.651071
7.896980 3.905818
11.356556 3.552916
12.580968 3.473846
18.157562 -2.704772
17.052176 -4.896904
8.385486 3.031336
9.615976 5.243032
8.718360 3.229210
8.542698 1.980161
7.982233 2.389777
8.268948 5.243618
7.522809 2.076111
6.798078 -0.956200
10.707339 -3.978882
7.659057 3.545682
9.142972 3.514318
9.136329 4.429708
7.640729 2.872855
9.658214 4.412777
15.365008 4.661705
8.537786 5.488520
7.976053 5.526515
9.153781 3.809036
14.454716 2.549248
8.108977 2.663861
5.019933 -0.474146
12.080858 3.699972
12.162228 3.542983
9.465943 4.475293
8.231323 2.267100
5.621306 2.261316
6.876648 4.149772
9.554716 4.830283
10.687271 10.977747
13.250957 9.169274
12.333526 9.501426
11.045860 11.877254
9.040100 11.235895
3.517940 7.587780
5.702630 7.854029
7.287190 4.613611
6.033389 6.953008
5.557786 7.781249
5.897001 5.538709
9.161294 4.828469
6.993449 2.775698
8.450628 2.054804
8.556686 5.439880
6.330512 2.533296
7.007415 2.457370
6.035777 0.819560
5.997543 2.251001
10.242004 3.460391
12.990987 3.676063
15.133314 2.768793
14.837461 -0.552935
15.059824 1.901612
18.255569 3.749337
12.617591 3.502431
12.784793 3.682380
10.136080 3.513933
9.184196 4.348797
8.488095 3.067849
8.874458 1.451070
8.440609 4.020026
8.070964 2.611017
9.364883 4.890636
8.718721 3.714483
8.088284 4.582342
6.658198 3.793722
5.862363 8.751576
6.533207 9.103604
3.616665 4.711276
5.753112 3.933846
6.647956 4.886400
7.361152 3.693662
8.112219 1.692404
4.361846 9.236856
6.533783 9.798434
5.044457 9.911984
11.096413 13.602419
11.703611 16.084967
8.631649 11.240464
7.988603 11.295650
9.560238 10.907783
9.353344 13.391616
8.204942 10.723117
3.072029 5.521729
5.771059 8.791108
6.396282 8.633485
5.654539 8.452818
3.565996 6.854968
3.043468 6.243733
9.844997 4.562787
9.713275 4.253106
7.725236 3.121965
6.210458 5.615047
6.975266 4.377834
9.777253 5.319112
9.155712 4.939620
7.322679 4.354635
8.130000 4.343884
9.620459 5.260666
6.993503 5.372417
6.893134 5.408115
4.964939 4.664493
5.643178 6.987869
5.871227 7.338089
6.660390 4.648338
7.245315 5.133890
12.045803 10.825808
15.518853 10.430111
12.024196 9.108121
9.565891 11.010901
3.257016 9.240321
4.151855 8.159881
5.258904 11.183813
3.861242 9.685548
5.700455 7.038728
6.416956 4.890769
9.775562 5.131728
5.126751 6.015331
6.221257 9.226886
9.450366 11.431389
5.857868 14.099299
9.970445 11.689132
9.826633 13.293283
9.365108 13.293367
5.611542 8.159799
4.101536 7.268452
5.778376 7.200437
4.072584 9.984181
11.722507 13.053472
10.560078 12.006553
7.634981 13.460622
5.659709 2.620103
4.934742 3.490160
6.903531 3.336967
9.205202 3.931997
4.798666 8.562852
6.247324 5.501707
5.818748 8.857129
6.522964 6.245611
6.397818 8.559192
6.332625 7.150121
4.780350 5.429473
5.390728 4.642786
8.674059 4.481655
7.369072 4.686129
4.932452 7.350868
2.296455 6.344799
6.401458 5.055738
7.985521 5.428680
7.664896 3.985243
7.889909 4.380039
8.773850 4.720163
8.670961 2.280766
5.921075 3.640390
7.347422 5.638073
8.179100 2.781626
6.325427 4.987520
6.234914 6.690877
4.434589 6.955563
4.528877 6.386246
4.334147 7.511295
6.526505 6.856273
3.511281 5.445621
8.110656 3.603339
6.708385 5.397243
8.139509 5.066762
7.445341 3.781084
7.957621 3.900187
9.230158 4.852239
8.255505 3.329093
6.855200 0.606421
6.890268 -5.268050
6.757625 -6.739815
4.227413 -8.114232
8.059654 -6.082797
5.642697 6.817567
6.281687 8.368176
5.606047 9.305254
7.149601 4.729596
7.107489 5.010314
13.595400 9.605996
12.830861 10.538470
14.542847 9.789895
12.358451 9.463430
11.936022 10.432878
9.922933 14.409893
13.058368 12.987695
12.655678 9.128294
15.202334 7.823254
14.834688 1.386735
15.226820 0.008914
15.628762 -0.748946
12.253534 3.682717
11.864061 3.448654
9.336791 4.784882
8.652780 4.159260
7.475084 5.175162
9.499344 4.132167
9.373726 5.103130
8.317019 4.724793
5.971015 5.521698
5.687564 11.380685
5.240855 11.354791
6.157301 8.306679
4.393226 3.821681
6.943639 4.614948
7.184124 5.632384
9.046178 4.668886
9.186193 4.866942
7.442583 5.466629
9.029203 5.129443
11.686732 14.265826
11.342760 10.995879
9.585882 11.675099
12.185556 11.252891
12.667725 12.995228
13.806314 11.618908
13.602804 9.526613
13.312244 9.973117
14.438172 8.993138
12.965769 10.825025
7.349868 11.278721
0.844316 9.058708
6.013261 8.117842
7.375657 11.108052
8.605371 12.473583
12.595310 10.318946
17.719427 5.974524
12.052710 10.761272
4.980739 7.602729
4.739710 5.214785
6.326204 5.718147
6.347621 7.474549
3.410260 5.072197
5.344950 8.596568
5.770052 9.404197
6.358454 10.466806
5.667205 12.426475
10.240503 12.448619
12.402678 10.256471
8.608745 5.114540
9.768981 4.241874
11.340227 3.642904
9.208385 5.472445
7.714438 12.549852
4.482007 14.877704
5.618537 9.166369
12.304751 8.796372
7.428164 5.321697
13.968093 10.824571
8.546881 5.122522
8.713652 4.835820
8.804995 3.964221
6.914581 5.409793
4.139263 4.111375
5.673136 5.801895
12.276956 12.091434
10.960116 11.397218
9.892738 10.894710
3.004081 8.270626
3.967587 8.890727
9.806792 5.655907
9.123146 5.636970
11.987510 9.209310
9.666903 4.201129
8.455636 3.577341
5.441066 6.147111
2.733440 7.013525
6.203858 7.230249
7.002203 11.464358
5.224170 9.582452
4.713078 6.482427
6.089320 6.727129
9.632890 5.572329
9.261593 5.626897
8.546160 5.608169
7.794183 5.644697
6.007274 4.243381
5.832720 3.961460
5.912986 4.947515
4.850318 5.935945
5.890110 6.507494
7.577010 4.148695
14.328733 11.688275
12.460037 12.808273
8.059720 11.151605
6.112317 10.894885
6.444139 7.341706
6.210813 10.230655
4.132955 11.097601
5.843351 7.924558
11.269470 11.406167
12.901176 11.143260
11.017002 10.915532
5.914620 5.602009
6.906775 3.993093
8.255492 3.837444
6.958999 2.059124
8.599074 1.783993
8.857946 2.995549
7.675639 5.079784
9.330876 4.622570
9.274436 4.130968
9.271008 3.498816
8.803031 4.400672
8.005842 2.929554
4.976761 4.310323
7.128538 13.512418
5.486432 10.281637
6.424142 7.746580
5.316397 5.627695
7.813600 5.647442
7.876524 5.498298
7.725384 4.523984
7.145034 3.699255
10.905816 3.675047
11.072903 3.587313
10.870173 3.539153
8.655719 3.950117
5.758570 4.961383
9.821382 4.126062
8.487475 4.827716
6.787469 0.337061
8.379907 3.004295
9.391093 3.655852
9.954519 3.775784
8.958329 3.891569
9.200196 3.821627
8.241002 4.422772
8.654063 5.285626
7.520325 2.613136
8.297057 2.712753
9.768256 5.277337
8.384112 1.679606
9.586250 4.780579
7.027528 4.771334
8.740882 5.640835
7.849971 2.554289
9.702832 4.563285
5.938591 5.176982
5.972726 1.971950
7.460133 5.405372
6.436640 4.438251
6.278058 9.194478
4.430477 14.761409
9.287511 14.203766
13.034865 12.855481
13.266790 10.551784
12.422274 9.040923
14.850974 9.302078
14.019476 10.919589
15.699697 8.937333
12.564842 13.010772
3.905581 9.786863
4.587964 9.856297
6.210357 11.743473
7.145028 12.086368
8.332165 10.675856
5.388818 9.415566
5.390612 10.085339
6.031888 5.318761
5.002866 5.168426
4.909304 6.128487
5.026812 7.931116
3.228372 6.708186
7.734413 5.244759
7.359828 5.535266
4.558090 3.447608
4.249630 2.328831
8.534887 3.413309
11.972550 3.722479
8.907969 3.512844
9.139256 5.550366
8.807413 5.009917
8.337979 4.801382
8.323189 5.112908
7.820550 4.626639
9.278801 4.945630
9.164691 5.154344
7.941494 1.291567
8.192950 1.925589
8.371716 4.355891
9.676695 4.024576
8.802035 5.377006
5.842095 5.132170
9.305984 5.083842
9.767560 4.246948
9.154002 3.887852
7.309800 2.550058
7.991894 3.207833
8.505503 5.380115
5.684144 4.973215
5.959284 6.545782
5.500491 4.686422
3.578465 6.649306
3.748876 8.561865
5.231025 9.484722
6.356098 9.801373
12.959145 13.235001
10.280467 10.713798
5.278125 7.936259
5.768660 9.591348
5.259688 9.707141
4.390540 10.265095
5.937499 9.320198
4.835661 11.514097
5.369009 8.576814
4.930546 5.523422
7.154772 5.316753
7.658200 4.036505
10.079589 3.714293
9.124130 3.710894
9.121420 4.920657
6.997065 4.090550
7.920054 3.496297
7.578914 4.985554
8.712258 4.912731
8.289163 4.105742
8.810952 4.515852
8.462423 4.887619
8.327555 11.768483
5.020955 3.528140
3.408608 8.789402
4.696654 6.187605
4.742297 8.180289
4.769743 9.906936
4.508076 8.820986
7.877011 11.169925
5.974816 12.360381
4.323841 9.888976
12.148104 8.932820
5.820423 4.510341
8.513762 4.838000
6.758215 4.870778
9.642658 5.621731
8.436859 4.498416
3.929450 5.649649
6.178066 4.838483
10.930942 3.687561
7.936126 3.502163
7.046304 4.710443
8.981664 2.170259
8.072964 4.106304
9.405766 3.936302
9.366133 5.287137
9.612113 12.115144
11.822141 9.118373
8.365573 5.562308
6.080678 6.325347
4.320658 7.981650
4.573400 6.960443
9.626353 11.673904
5.511296 11.344853
5.871593 12.487035
7.939267 10.999396
9.967016 12.981318
8.307762 15.130672
6.878328 12.238257
4.847857 8.620505
5.996598 9.196959
6.142682 6.688996
5.768388 3.906591
6.009366 5.052365
5.973658 7.176592
6.011672 7.336188
8.650697 4.036243
10.627295 10.790223
13.816242 12.462375
7.613915 10.982703
5.296897 6.150528
6.318992 6.579217
6.161453 7.835461
4.119648 8.710900
6.503830 7.495545
7.529612 12.196786
7.633746 12.493054
10.085706 12.487342
10.230247 12.296041
13.398889 10.178384
15.487792 9.163108
11.433884 11.689915
12.178756 11.443944
13.839626 10.657747
11.267859 11.387114
8.422502 10.720163
7.953286 5.515934
7.934081 5.469427
8.988511 3.534811
8.244470 3.199200
8.863930 4.392266
6.095960 6.320309
3.380455 7.124861
3.117114 9.576011
4.252200 4.573495
6.189149 8.289678
8.166495 5.586028
7.941793 5.587818
4.682810 3.298846
6.335598 6.951513
5.796209 5.119472
3.641874 6.215302
4.284459 5.450420
3.648347 7.788701
4.991197 8.047566
5.555303 8.595824
4.251607 8.730082
4.261970 6.124747
10.576242 13.512082
7.921190 4.651060
6.342084 3.219150
5.671559 8.129587
7.238757 5.313270
15.210823 3.405568
16.926739 4.940860
16.031708 3.924562
11.849371 9.283927
14.967323 11.579280
15.151826 11.346744
14.520252 13.824935
12.188812 10.608895
9.867195 10.963044
9.355001 4.697146
5.293070 4.543868
4.535853 7.008594
4.583707 4.535194
9.339809 5.589690
9.408357 4.755793
11.207837 3.763022
10.689320 3.728799
7.736223 3.714901
9.840481 4.479546
9.548224 3.451320
8.311838 5.315424
7.813294 5.598188
4.726760 3.805931
5.406668 3.151103
3.238507 6.893233
4.147491 6.160894
5.624403 6.048414
8.270609 4.407504
7.846819 5.602590
8.562502 4.270895
6.768937 4.312769
5.852281 7.209952
4.463548 6.737196
5.890513 4.825995
9.615555 5.645686
9.735924 3.721275
7.926084 4.509971
8.707389 4.636566
8.256934 3.389947
10.723186 3.559948
10.314671 3.759101
10.605467 3.534036
7.937109 4.115731
7.938632 2.431648
-8.225045 11.192072
