1.816762 -5.984100
0.179003 -3.723124
0.644069 -1.302641
-1.066697 0.564784
-2.705207 2.207430
-1.866584 5.049698
-1.720761 3.242518
-2.029051 2.933075
-2.801371 1.279516
-1.663357 0.408171
-4.423850 -0.656873
-7.414986 0.096412
-6.967631 -1.035935
-6.009651 -0.169763
-5.764855 -0.318538
-6.407680 0.740130
-6.974532 0.200013
-2.918414 3.319588
-1.918028 5.482645
-4.999933 6.497031
-4.758946 8.019276
-9.828075 5.874718
-8.219857 2.109663
-8.629339 2.740504
-2.600589 1.958990
-2.254873 1.969787
-3.059065 3.415429
-4.978197 6.000739
-2.561257 5.965954
-2.144648 3.200046
-2.449644 2.981271
-2.874435 1.314735
-7.212333 6.496011
-6.237078 7.385237
-5.654551 6.544420
-3.494229 7.682548
-8.132843 6.916894
-9.532358 3.810796
-8.781207 6.127249
-4.334448 6.396307
-4.586599 8.475527
-7.722392 6.662525
-6.299183 6.263897
-6.118807 8.299411
-5.335586 8.090837
-10.061120 6.773895
-9.927724 5.864148
-9.437448 2.164846
-8.946837 4.735085
-9.283628 2.431091
-8.522623 3.145897
-8.231961 2.588125
-8.532250 4.047970
-8.947754 1.947590
-9.409632 -0.359110
-10.507921 3.653690
-7.427427 7.061587
-9.493290 6.709955
-8.235128 11.326885
-16.972433 18.680927
