17.778074 10.896409
15.435118 6.679798
12.050460 3.445638
9.118817 11.596400
9.736541 11.017325
9.451635 10.880271
9.789454 11.695098
12.892571 3.641994
8.320840 4.195126
8.650789 5.416193
8.110960 2.355688
9.495509 4.634040
8.783858 4.414842
8.493875 5.636750
9.842384 5.468369
5.288675 5.381299
5.578972 3.944984
8.535791 4.811841
5.366305 4.457558
6.806440 2.100996
6.545892 5.209585
4.815184 4.629717
5.964803 8.092694
5.944592 6.092641
5.626838 2.958888
7.679368 2.893318
7.810058 4.867029
5.881508 4.591718
7.083167 5.511712
7.710524 2.401016
11.790629 8.945807
8.085931 5.615805
8.704925 4.262947
6.198613 5.338326
6.648418 5.528195
5.317513 4.805132
5.831260 8.327720
6.713639 5.589556
8.929015 5.546247
12.780257 11.817830
6.750727 12.963089
6.060219 9.833885
7.180222 4.244523
6.529301 8.391145
4.702568 6.905665
4.492253 6.865018
7.353235 5.336577
6.206724 6.612441
5.411536 8.382486
5.654421 6.820598
5.651538 9.233722
3.146387 7.804446
9.105694 4.642941
5.969207 5.529754
10.087079 3.613904
10.231773 3.782468
7.672480 3.007381
8.424485 4.743344
8.756912 3.948129
8.106786 3.720709
9.592190 4.603468
9.840475 3.711128
10.328779 3.582028
9.868828 3.777157
8.124072 4.711003
8.844419 5.249538
9.532573 4.324635
8.323195 4.616720
7.919785 3.512185
9.238102 4.590298
8.262053 3.466289
10.249741 3.756498
6.877279 5.120784
7.762610 4.152742
8.766142 3.939711
7.562426 1.752195
8.257337 4.180691
6.957517 4.433197
5.849747 6.867770
5.791053 8.235197
5.758302 3.829399
7.242779 5.132938
6.881725 4.206731
7.373362 -0.094308
9.744066 4.337192
7.192595 3.507591
6.734438 2.682021
9.060274 3.485449
8.788307 2.519073
9.215241 4.020564
8.629679 1.310073
8.087489 1.904470
8.179651 3.244967
8.060368 3.376578
8.059313 3.570432
8.681461 2.654629
13.257759 8.853836
6.424026 8.773503
4.885064 8.689397
1.556867 9.459991
4.690757 14.255698
6.594081 11.919081
8.585563 4.959972
8.347089 4.751696
9.025291 4.387092
11.019815 3.480481
5.396698 5.165158
5.238837 7.231933
6.241645 10.121665
8.949495 10.986355
6.969378 10.804137
4.959400 10.523448
5.893128 9.033001
5.272680 11.173497
8.466917 12.699391
8.169461 10.826251
2.561925 7.599996
6.326582 6.414083
6.531800 7.034256
12.820624 9.895616
4.443698 8.552560
5.193475 8.002325
5.589610 6.360453
7.217127 4.159263
8.482436 5.321013
8.257925 4.925968
8.134226 4.846949
7.592222 4.532216
7.621453 3.138420
6.065626 6.304193
6.004287 7.568332
8.760988 5.443289
5.920958 9.691361
4.857605 6.555603
8.647395 4.728980
8.904361 4.807984
8.889819 4.253369
6.119771 5.540834
3.928388 8.365544
7.988039 5.430910
6.082190 5.230568
11.359169 11.070161
10.453960 11.003848
10.075707 12.270596
9.952217 10.872126
13.040918 12.077629
11.761660 9.342410
11.918930 9.094244
16.403296 13.526599
16.856014 12.443817
5.934282 9.699546
5.989676 8.572841
6.503956 8.549289
6.220754 4.991715
8.095652 4.811175
9.046015 5.645671
6.408443 6.035042
9.244497 4.825609
5.671002 2.673150
7.294275 1.362254
9.675894 5.162192
9.559322 4.547275
12.503912 8.933946
14.054824 9.555430
15.985857 8.407187
14.566799 11.253780
10.933034 14.089890
10.732907 13.990859
8.543322 11.083972
6.229201 6.685733
4.464652 7.944144
6.577680 4.533553
7.613793 5.520091
8.377185 3.659546
8.454331 5.221295
5.759439 5.736880
8.603865 3.655921
8.868562 3.534050
6.621306 4.440189
5.867525 3.369576
6.178274 3.386636
9.272060 11.181993
10.924480 11.568218
11.841043 13.670709
6.554766 11.573458
6.358935 5.691495
6.524657 9.720739
4.616241 6.695165
5.186823 8.116176
6.499254 11.095155
8.705003 15.210101
5.291280 4.392589
6.069399 8.294484
7.907514 11.116097
9.036133 11.230368
9.020450 10.816228
8.941525 13.439171
4.706925 11.465041
5.974329 7.498682
3.657222 7.158445
6.183304 9.896026
5.442829 6.280863
6.360923 7.229965
3.490457 7.942188
5.505645 7.411096
7.743308 4.361977
7.243208 5.297201
8.547282 3.234062
4.398390 3.786757
7.543368 5.651519
6.973455 5.442847
7.813979 3.362959
7.348307 3.344806
6.564958 0.784803
7.698722 2.059680
8.798152 2.566578
8.178958 2.164738
9.146460 4.060171
9.965557 3.582057
8.332394 4.999266
8.493965 1.552948
8.291788 2.812822
8.697747 4.311665
5.968918 3.034657
6.824670 2.788816
7.882264 2.971001
6.862377 0.731511
7.582445 2.012052
6.386680 3.402073
6.365120 10.005083
-8.270498 7.366135
-12.220270 5.140269
