-2.324248 0.785851
0.532644 0.956777
1.468114 2.312445
2.892260 3.762372
4.365240 8.712063
4.386649 7.033530
7.209897 5.176443
9.843310 3.702551
10.232268 3.571672
6.932071 3.643366
7.595217 2.656252
8.785379 1.778558
8.681100 2.828507
6.378958 2.205731
5.741448 -1.414142
5.470171 -2.492094
6.150008 -5.356491
7.979433 -7.679240
7.968180 -6.315062
17.956232 -8.109037
14.825087 -6.652772
9.378531 -7.154091
10.725667 -4.929674
11.377190 -4.119758
9.809956 -3.742805
10.029987 -7.527030
11.451375 -4.994494
7.230115 -4.698311
6.649891 -2.255881
6.936367 -2.310673
6.738557 -0.828386
7.424146 2.091288
8.875535 3.269624
8.343057 4.237789
8.744363 2.349760
7.933899 2.931113
6.199144 1.527022
7.408301 0.679472
7.544558 2.578604
7.749889 2.386499
8.610339 3.673313
8.635893 5.608472
8.328218 5.251699
9.833838 4.586955
3.544259 6.103103
4.241968 7.760512
4.500107 6.701317
6.077903 6.915487
4.939126 7.419555
9.325155 11.607297
14.313114 10.261320
10.981218 12.002361
10.430390 12.136908
12.659158 9.150614
10.844234 3.705484
11.109996 3.542994
9.965732 3.702955
9.310966 4.562154
6.537874 3.419799
6.340369 7.444884
5.691391 5.598963
8.641307 4.594965
9.209240 3.726892
7.643831 5.132933
8.393188 5.354822
8.732348 1.777590
8.820696 2.037790
8.668204 1.591688
8.869064 3.364034
6.732880 0.367356
8.957913 3.812451
6.776162 2.203928
8.519848 3.454023
11.924703 3.631465
5.850612 4.077162
7.407411 4.304567
7.720527 3.474600
9.772247 4.332563
8.322485 4.120879
9.138436 5.375247
7.259804 5.572313
2.732792 4.066916
5.348701 7.255409
2.431635 7.002464
3.656247 8.879057
5.718430 8.912343
5.357862 10.383569
7.586958 11.141746
9.063263 11.771571
9.041245 11.289800
6.490318 5.706941
6.258832 4.351397
3.125231 5.780868
4.239629 4.447296
6.086060 8.305845
8.364007 5.591073
6.734575 5.308293
6.462026 5.254566
7.692573 5.171803
7.505283 3.016104
7.643967 4.228243
8.931750 5.392615
10.276526 3.724715
6.358088 5.720242
6.587234 4.688407
4.875964 7.935405
6.087460 6.958882
9.453418 4.308878
15.169463 10.346270
15.303521 12.791084
15.839902 10.212821
15.375576 7.856402
5.884614 9.529061
6.240981 6.369336
7.539370 5.019120
6.990246 3.622961
7.795997 4.744934
8.443125 5.289761
8.922176 5.518272
8.811558 4.695194
13.269133 9.651042
13.515332 9.247154
15.941508 8.152343
14.076185 9.180661
8.250732 5.554884
7.761614 2.268635
6.392612 8.515679
6.505420 10.345013
4.863224 5.846855
4.501925 5.208329
4.969763 4.243403
6.036184 6.762758
6.534894 10.128449
5.742329 8.264524
9.710990 3.888767
9.878032 3.443036
6.875944 4.999999
5.591298 3.771276
8.553738 3.008428
8.240881 3.605743
12.483016 10.404275
7.748226 5.446135
8.647234 11.282645
8.924837 3.522126
8.975677 5.303397
11.586440 13.589591
9.530900 13.165969
9.088151 12.802483
6.464637 7.776730
8.330623 4.129270
11.907755 3.713496
6.486888 9.509614
5.817148 8.920275
6.107214 4.240245
8.965648 5.083420
7.099226 5.521944
5.727198 6.268252
5.957920 9.114794
4.848582 10.649516
5.377216 11.309176
4.244529 7.503790
6.077440 9.323318
14.933685 12.462300
13.432600 9.497397
12.082214 9.803647
12.094988 8.895809
18.268408 7.500840
13.278418 3.419683
7.717178 3.718317
8.058261 5.243820
9.071009 5.089361
9.410202 -4.668942
7.562125 4.136502
3.653289 8.779136
4.142810 7.854630
5.802062 7.424620
6.249122 8.127509
7.262572 5.107419
9.441752 5.294466
8.186731 3.377442
8.968389 3.684970
9.206015 5.248411
9.082591 4.796074
9.253699 4.830564
8.719403 5.561712
9.425980 5.615067
9.193015 3.593747
7.638144 5.613825
5.786362 5.670071
11.821388 9.050248
12.114236 11.212106
8.918267 4.656992
8.974704 3.986401
12.401498 9.501799
13.502415 11.457099
15.249122 12.033519
16.650963 12.080403
9.414405 4.231289
9.409558 5.008411
8.956691 4.170750
9.000592 4.716783
6.967660 3.777438
13.732540 3.620738
14.305048 2.126213
14.524092 0.803471
14.704501 3.493120
8.194815 3.599983
8.363119 3.488786
8.093279 2.493261
7.176634 5.307104
6.387694 4.106185
7.280785 2.707567
7.464798 3.537378
9.279917 4.831555
8.063033 3.318012
9.166457 4.990904
9.473185 4.906345
5.295959 6.001758
9.313011 4.729548
8.004386 4.255188
9.124359 5.535673
6.297650 7.213609
5.348990 9.130261
7.428218 13.019711
13.908001 14.750563
10.319090 12.498654
9.148259 14.304917
10.579918 13.949031
10.548506 12.329815
10.350225 11.694667
11.592644 10.477323
7.748960 10.897586
4.529888 10.625916
4.899111 8.529429
3.964941 8.810240
2.857577 7.328822
3.309032 4.715245
6.680155 3.969873
5.706882 7.353356
6.035023 9.392819
4.874304 6.722010
2.958910 6.535898
3.266382 6.659829
7.894359 5.030545
8.301744 3.268898
8.844609 3.928307
8.987193 2.089975
7.842290 2.404432
8.815739 1.718916
8.659468 3.686922
8.830330 2.547271
7.916512 3.362442
9.681213 4.398695
8.947025 5.066349
7.805268 4.762821
8.745327 1.672519
15.366600 4.754635
15.828981 1.718907
14.287065 1.547435
18.691769 3.975325
13.374283 3.611758
8.221078 3.839285
8.815667 4.551448
6.355218 5.374367
4.015137 5.724045
6.396865 6.602592
4.745488 6.409234
5.525757 6.477231
8.464596 10.837451
12.572830 12.454869
14.423504 10.022235
13.439866 8.809304
3.725625 10.964740
8.733273 12.953935
8.049919 11.644271
8.908134 4.700516
8.580506 5.003667
7.610021 4.024071
5.636963 1.741492
10.762300 3.680572
11.418237 3.552804
8.082837 3.654403
7.056604 4.927550
8.585900 2.786899
9.477829 4.466411
9.405746 -4.648824
9.161035 -4.182092
9.643862 -4.930309
11.573513 -5.168634
14.354456 -1.459234
14.482468 0.527548
16.347647 -1.376859
15.169117 3.085152
14.489215 -0.102303
14.138106 1.101908
15.331988 2.663098
8.694009 2.277724
7.527686 1.688896
7.024570 0.478502
8.953721 1.314391
8.224473 2.643332
7.348275 2.204020
7.497762 0.283085
7.218137 1.660685
9.514608 5.590427
9.643584 4.680676
8.545306 4.365107
6.651884 4.212385
8.694765 2.521396
7.660978 1.512955
4.990243 -1.553694
4.247469 -0.938823
5.709888 -0.127009
5.745362 -2.671382
7.260931 -2.395225
4.333287 1.620029
5.780652 1.406088
7.349474 1.037932
7.492099 -0.027867
7.466109 0.741491
8.543052 1.568344
6.821815 1.601159
5.862232 0.519187
8.685343 4.922225
8.394187 5.407498
8.092080 5.517999
9.133968 4.328781
9.610856 4.918258
8.279938 3.254187
9.095379 1.714596
7.264077 2.028745
10.837130 3.419333
13.458157 3.567709
9.119133 4.188460
6.459614 6.482374
6.204614 6.423893
8.307908 5.270240
10.957171 3.602973
14.500612 2.960076
14.252165 3.601807
13.717735 3.627482
14.875047 4.827256
18.306684 7.521921
13.520306 9.513367
10.195914 12.715659
9.682770 11.344983
8.469105 11.011362
6.152889 6.435713
6.126737 4.580650
7.678034 4.918852
9.428084 4.829987
6.937626 3.839473
7.047193 5.520406
4.311867 8.585019
5.958869 8.301108
6.266320 8.562835
5.968032 12.308248
10.724702 11.739064
12.009698 10.137844
11.083488 12.157418
9.119620 11.547944
7.994370 11.151818
9.471101 11.594069
9.292453 11.401603
8.751745 4.364136
7.822139 5.088485
11.193545 3.489185
11.077427 3.640639
10.894906 3.478447
8.885183 2.400060
8.555103 2.460047
8.525776 2.068968
8.609762 3.010902
8.271059 2.227058
10.192343 3.725510
9.384546 3.572960
8.887803 3.841184
9.233553 3.486073
8.175430 1.441799
12.296065 3.752852
10.079391 3.583044
8.016079 3.105151
15.602180 -0.479142
17.563328 -0.628243
16.276133 6.453168
16.023079 3.768887
10.503337 3.685794
6.968277 3.217892
8.114904 2.084617
10.547729 3.536196
10.450529 -7.327991
3.538229 -9.717939
2.434246 -8.754183
14.567704 -0.818476
15.312635 1.456724
15.594812 4.814891
13.247248 8.856132
11.654429 9.286038
12.797162 10.913843
9.135678 4.990009
6.252517 1.934775
8.264635 3.691217
10.396103 3.692460
7.024772 3.876533
7.451233 5.348785
7.824141 2.644628
9.409739 5.223877
6.539155 4.918934
5.689272 5.746203
9.130494 4.102654
9.065163 3.381040
8.943735 2.111746
7.925766 5.083684
5.476562 4.659284
6.910625 4.693556
6.080736 3.214755
8.777559 3.173748
10.075652 3.650882
7.110469 1.761135
7.662441 3.459566
13.360069 9.131914
14.763124 9.984885
11.735280 11.251943
9.568938 11.423532
7.807405 12.664585
6.158251 4.933895
4.776608 5.966233
7.687916 5.030160
8.733137 5.507894
5.379515 5.368073
9.179045 5.001863
8.748558 2.257548
6.802221 3.560296
7.093371 -4.020248
6.191093 -3.054164
5.885230 -3.227229
7.107476 -1.540785
7.620475 -7.590604
9.956706 -6.736756
10.075670 -4.696499
14.772765 -1.172472
8.873959 -5.003370
6.128839 -6.628519
8.051624 -3.864785
11.608647 -4.457720
14.339869 -0.956275
15.143685 4.040316
16.103111 8.988152
14.059977 8.846036
13.692140 11.209900
16.370487 8.180835
15.272346 4.997906
4.940869 9.649537
5.706982 7.733840
7.977030 3.289900
9.368712 4.349266
7.673287 2.254261
6.138532 2.417001
8.059212 3.878718
8.858917 2.784192
7.407527 2.041104
7.530700 5.276271
7.341564 4.205756
9.400892 3.948956
6.991823 4.748553
9.669940 4.824154
8.615759 3.452547
8.403689 2.200503
9.715745 5.187681
8.508283 4.097366
8.626493 1.951692
6.885924 1.031477
6.996568 -1.706948
7.367887 -2.178011
5.972004 -2.074420
6.432281 1.541009
8.238663 1.321559
8.245782 4.029761
8.974413 1.987184
7.781060 2.153238
4.939847 0.610366
14.462132 1.272507
14.205784 -1.241992
15.304307 2.370370
15.147787 7.382557
15.559825 3.799181
15.294758 5.076617
14.897099 5.221376
8.105371 4.721794
9.274326 5.424480
9.485149 4.738410
8.879216 3.792537
8.374640 2.985557
7.464470 4.071494
7.493563 5.142087
5.996531 4.407884
5.246365 6.208557
6.385367 5.909438
6.318870 10.394874
6.056421 11.342208
8.593861 12.070134
7.966528 11.541464
9.876801 10.952749
11.880942 9.269290
8.924325 3.288510
7.509354 3.248302
7.900492 5.052863
7.685182 5.192693
7.972606 4.359714
5.117575 3.683132
5.886610 3.398213
9.348468 5.031705
6.166738 4.739063
6.206384 6.334798
5.541969 10.144586
3.280562 8.091394
6.010683 10.898688
10.996494 12.493594
11.131373 10.732984
9.481117 11.432323
8.782094 15.235400
9.491303 11.194201
5.930638 7.906754
4.306230 6.173707
5.497271 7.382828
5.748078 6.829204
4.637699 5.828363
5.158270 4.441671
6.398843 3.567853
6.643348 5.178283
4.786283 6.485658
6.429395 6.030726
7.050285 3.061231
6.934283 4.644538
6.358397 4.894843
6.121452 6.069396
2.803726 5.916651
9.708604 3.554246
8.970439 5.387838
9.531483 3.938189
9.251569 3.541886
6.996629 4.203525
7.308475 1.056309
7.372576 3.116693
5.976560 0.761695
7.182971 -0.710480
6.891293 3.508118
8.236067 2.434290
8.465782 4.989487
5.547181 1.336886
8.262339 3.093691
7.725112 4.923295
7.989307 4.387872
8.920185 4.498533
8.996822 4.951733
5.303662 7.136867
5.746207 7.670727
6.475909 5.321714
8.452738 4.411216
9.765892 5.611112
9.630184 3.788672
9.826537 3.866543
7.560063 3.449631
6.340766 3.793781
10.841356 3.640763
9.271872 4.010991
14.285386 0.056145
14.423967 3.260619
13.639088 3.679098
7.475431 3.440993
7.265703 0.238087
7.501172 1.485244
8.893264 2.981608
9.184623 5.256687
5.332194 5.516696
4.876676 8.789606
8.341972 12.918279
4.462441 8.436547
6.373439 12.033349
12.691598 14.378075
17.632915 5.719670
18.221611 -0.408563
17.279028 1.064784
15.191521 -0.381264
15.106631 -0.942556
16.248848 4.500279
15.874754 3.757375
15.519602 1.981723
17.432480 -1.138835
