19.400173 19.287777
15.110439 8.453438
17.929871 4.959622
15.725503 1.615468
15.415057 4.074317
16.867601 7.211567
15.519022 7.343698
17.404858 7.488475
16.186495 2.241682
15.551696 -0.158793
17.135141 0.510416
17.044073 7.892355
15.457048 6.133551
8.424339 4.281364
9.178491 4.228709
8.622046 4.689976
10.865734 3.634313
15.306561 0.916744
8.054924 4.709340
9.767769 4.815815
7.465843 4.495610
5.531668 5.078011
8.750628 3.265169
13.993366 3.625954
14.142989 3.772756
13.804748 3.609718
5.694232 3.724089
7.725904 3.375409
11.752422 3.508657
9.292956 3.579561
7.861774 2.424795
8.442629 4.508946
8.916306 5.350327
8.510141 1.373416
8.330259 2.688566
5.838448 0.255256
8.287155 2.834877
5.110847 -3.519170
3.759328 -3.576270
6.151219 -2.734396
7.665563 -3.893848
7.764126 -7.511511
8.323840 -15.598197
