18.955437 13.306129
15.034193 14.952094
8.594211 12.629170
10.984428 11.684876
7.377577 12.128367
9.496071 12.863834
7.619205 13.004113
7.647753 11.047805
12.118392 10.750352
11.023657 14.289134
12.252356 17.468714
10.984873 12.637179
11.173276 14.537354
12.864171 10.918842
7.137341 13.409671
3.081975 9.472653
6.439250 9.952708
6.453618 6.213037
3.932307 6.541654
5.202422 4.388033
3.408236 1.985691
8.116904 4.706423
9.323084 4.707773
6.901471 4.354945
3.221137 8.130473
5.514719 8.409400
6.158051 7.888988
3.245134 10.219858
4.795669 9.015004
6.090262 7.320395
6.187869 5.526458
5.389027 7.971693
5.375938 9.262479
5.890832 9.529785
5.179271 6.206267
5.350439 9.259189
4.957092 9.474868
9.431714 14.896492
10.603933 11.903091
7.713446 14.201037
5.651640 14.250169
6.139963 7.025154
6.337375 9.437181
6.223037 9.982646
5.747927 7.794931
6.407984 7.669332
5.621403 4.783286
9.807637 5.655897
7.640871 5.456918
7.776841 4.479986
8.946667 3.941047
9.523623 4.814738
8.191418 2.967856
9.619431 4.601157
8.374480 5.251577
7.815829 4.655161
5.254422 6.655139
5.319176 7.665768
5.765227 5.761847
7.847406 5.138980
6.626089 4.221902
7.247725 5.379838
8.298163 5.624708
5.105067 5.365420
6.057364 8.115413
5.419254 6.093540
6.455344 6.079402
4.390683 8.163822
4.793756 8.079986
2.939008 8.158113
6.819179 10.913082
2.974938 8.678555
6.493779 9.482354
5.670218 7.316928
5.733800 6.675899
6.281844 4.538375
7.100204 4.861632
7.765705 3.430671
6.778545 3.206856
5.208725 6.331230
4.851151 6.433414
7.209122 2.091613
6.314114 5.140833
5.178321 6.835565
4.012772 12.527417
8.223558 11.759760
10.467542 13.671752
13.166995 15.422979
11.577549 9.508785
12.519541 11.273349
10.071186 12.077313
10.115279 11.357192
6.797937 11.057393
5.954475 10.681809
5.199100 6.182428
4.135387 10.804050
3.919114 10.019406
5.720875 7.984842
4.126033 7.157670
6.376781 7.370122
6.328917 6.553026
4.681677 6.505079
6.414900 4.078001
9.317293 5.029371
7.535964 4.209661
7.955076 4.563925
8.634949 4.277438
8.388267 4.709666
8.434528 4.838424
6.913023 4.658308
8.104116 2.289736
9.388076 4.820545
9.034687 5.495423
6.925084 4.563798
6.170486 6.143700
5.605703 9.021455
4.196318 7.961912
6.037014 8.429394
5.524325 9.243692
6.156244 7.653401
3.933530 7.089008
7.173869 5.290689
8.188334 4.950855
6.491601 5.211535
6.116210 8.493055
6.460565 10.423966
5.041272 6.012192
7.803442 4.737510
7.636968 5.174464
7.899256 5.108853
8.213147 5.297458
6.393587 5.265177
4.102874 9.519671
5.386971 9.561314
9.040989 11.844258
8.089519 10.881522
7.671131 10.677920
8.110092 5.490641
8.356082 4.357951
7.925870 5.418318
8.083760 5.194228
5.967257 2.573104
7.189348 2.610145
8.039652 2.357235
7.739208 4.420863
3.982642 6.180027
5.329484 2.572681
4.837762 3.961502
4.022363 6.364424
3.449513 6.912111
5.153013 7.651025
6.380946 8.602508
4.099905 8.443286
5.081307 7.543404
5.579524 5.477406
5.788756 9.520781
10.608070 11.475308
13.093222 14.722026
9.890694 11.357185
8.928017 5.529834
7.743761 5.636106
3.183150 4.822047
5.774076 5.670334
5.663744 5.252995
4.998361 5.119817
6.179797 6.741558
5.547956 6.251257
5.988692 8.453210
5.918187 9.964393
3.317225 7.998538
6.622211 4.626010
7.730037 4.982759
5.290374 3.733142
4.055819 2.176468
5.906807 3.842172
6.494833 3.630421
9.288806 11.289275
8.238681 11.820290
7.140742 11.020234
9.521135 15.027740
10.813758 15.627250
12.914026 10.098281
13.589203 12.833346
15.246731 10.148133
14.497681 11.286194
12.121882 9.927915
12.218018 11.838696
5.874700 5.496150
6.839849 5.620896
15.020700 15.254666
12.052127 11.578319
8.884486 11.107381
5.765233 5.939048
3.781400 7.107540
6.228750 6.913903
6.326821 11.711227
3.934463 8.405431
6.159511 6.972968
3.726641 9.165521
3.447917 11.415864
7.943538 12.518033
7.060265 11.089032
8.659876 11.058772
9.909255 11.774646
13.170465 10.772940
10.057976 10.756847
9.191289 10.689081
6.354825 4.445471
5.930637 9.344338
7.240367 10.904452
8.643749 4.377423
12.753855 8.971839
14.178747 12.971709
11.729019 10.109782
17.273335 5.136403
9.611569 4.381927
2.601527 5.167012
5.231274 7.304262
8.101581 3.960282
8.351657 4.259545
9.729310 4.499085
9.131744 4.919287
8.694159 5.249029
6.459614 5.340188
5.026791 4.820337
6.076650 5.799218
7.752239 5.108758
13.006055 12.181252
14.424902 11.336375
8.907998 11.322715
9.141416 12.247064
9.083986 10.710338
6.511980 7.506354
5.947376 8.821143
5.611148 9.787456
5.663312 11.411513
14.242806 10.489066
10.833819 11.931821
5.877592 9.583920
6.066549 8.960507
6.051899 6.122773
7.709123 4.009859
8.820472 5.262871
9.807425 5.463035
17.394108 7.243566
19.225050 1.945345
15.702316 4.050894
8.082749 4.143771
6.081721 7.791656
8.163477 4.608241
13.436406 12.347075
11.466347 13.882548
11.001891 12.863229
9.159178 5.244867
8.569412 2.452110
5.783390 3.191785
9.467690 4.887528
5.590144 4.933198
5.796505 4.872291
6.245394 5.977003
5.306037 7.910974
4.935288 10.497285
5.741327 9.862473
4.808111 10.395770
5.087398 10.927711
5.003404 7.570261
3.914327 7.240845
4.645127 9.024301
8.066534 11.355768
7.515982 11.163447
3.397896 11.308682
3.629409 8.404075
6.522883 7.104623
6.306959 4.530963
8.238427 3.526937
5.134987 4.321415
4.567754 2.599542
7.149727 4.882732
8.652017 13.388130
4.967061 9.458018
4.115655 8.516750
5.248446 10.283324
5.547325 9.723312
2.690123 12.724977
3.853356 8.427592
5.305608 9.238721
5.356693 8.753079
6.392100 3.923499
8.418818 4.486683
9.379106 3.667209
9.241611 5.445693
9.468018 4.326326
8.377726 5.352425
7.587226 3.909327
9.226182 4.047301
12.253414 11.762212
11.475756 12.943383
11.839311 11.038777
10.486108 3.664165
9.238371 4.715240
9.229755 4.084064
8.341634 2.273887
9.710982 4.400911
7.633582 2.696334
8.772006 3.175483
7.654487 5.116130
8.670444 2.534791
10.899293 3.632810
14.214745 3.602269
10.181568 3.457263
9.409615 5.218076
8.998636 3.375746
8.658690 1.384002
9.845545 5.130294
8.775187 2.844812
7.959699 4.990388
6.244246 3.003804
16.043039 4.239229
8.967344 5.297498
6.555581 4.568312
5.942638 4.196755
6.635166 5.177628
6.372013 3.847910
8.603268 5.628944
5.086720 5.828178
5.817407 6.317811
12.605451 10.858293
6.876430 -0.235232
7.161715 0.065014
12.058904 3.658227
8.533736 5.607819
8.472064 5.199664
7.637209 5.043384
7.346780 3.248134
5.810742 6.677496
6.077656 5.652940
8.194038 5.359000
8.100353 4.746912
9.700150 4.931631
4.614134 3.720425
6.468918 7.621256
3.905422 8.887435
6.077689 7.316997
5.949969 11.332869
9.885674 11.040414
6.415728 7.522896
5.648007 6.524683
7.422806 4.450851
8.969162 2.812605
9.251375 5.278327
7.436728 5.508821
9.092928 5.311467
8.233666 4.735496
9.067451 1.911104
7.935296 3.420136
9.670888 3.672459
9.376288 3.785451
7.515436 3.918095
7.593252 5.647501
6.273560 6.903928
5.321815 10.982587
5.281798 8.038305
4.136467 6.654746
3.834641 3.476591
6.657843 5.461005
13.316276 11.228450
13.999715 13.446801
15.067222 6.248344
9.715277 4.513638
4.849565 4.769908
5.762923 6.794490
5.240984 5.985169
8.460622 4.409930
5.935744 8.918952
5.613038 8.666101
5.423504 6.275062
4.000904 5.129099
5.685422 3.447336
12.489753 11.477330
13.171443 9.103890
10.027237 11.019736
3.679343 7.297904
2.863812 6.004732
3.602189 5.993988
5.122350 5.200378
8.556838 3.409765
8.443685 2.921767
5.639526 3.557057
9.425861 3.995452
9.141327 3.976823
8.845069 2.212552
7.046163 3.418206
8.161125 2.062169
5.099607 4.174236
5.724521 9.317670
6.161967 6.890687
5.581810 8.045239
6.501201 9.924554
5.115314 6.258919
7.753826 11.576581
11.183530 11.701315
7.776929 11.119193
9.629459 5.369625
8.502768 5.649030
7.735844 4.389353
8.132361 3.969558
6.701883 5.297291
6.609037 5.023279
8.435686 2.035391
9.511419 4.806680
9.789108 4.555545
6.787034 1.973387
5.504707 8.894016
5.476497 10.532875
9.562688 11.939464
7.670707 10.797841
7.731959 11.300872
11.089694 10.809510
10.761856 12.379235
9.910676 11.446267
8.971542 14.299575
11.403866 10.800388
9.702958 11.172785
12.563387 14.631637
12.074433 16.248281
12.453217 15.796690
12.796707 9.944327
12.916839 9.893567
10.572779 11.709481
9.241396 11.075872
8.663567 4.313288
7.472060 3.095830
7.093889 4.597902
7.142983 4.409465
6.786815 5.586615
6.961919 4.563304
8.143000 2.522760
8.963863 4.570234
7.117445 4.728951
9.265708 4.560893
8.613582 4.897949
9.849845 4.008799
5.938999 5.480518
4.238713 3.283746
7.577062 3.542947
9.372578 4.066123
7.805633 2.765903
8.318785 2.906732
8.796551 3.509150
9.003270 2.561980
8.655635 2.901644
6.720500 3.672211
8.856864 3.950480
10.224643 3.507302
5.726322 3.530976
9.110220 4.663828
9.676302 5.525279
8.145464 1.442430
7.204576 2.657874
7.077358 4.466340
6.003701 3.508648
6.425035 6.826312
3.698785 9.636331
7.881392 11.524468
4.593754 9.789132
9.719334 12.833598
12.735039 9.616590
8.226039 4.491207
13.582550 13.302125
11.779165 12.821867
9.214437 12.578746
7.841269 16.603559
8.886291 11.311223
11.568595 14.342669
8.693234 12.264955
4.688792 6.934875
6.808841 2.043388
4.028886 4.313231
4.930328 5.941943
5.842712 5.732711
3.790823 6.792290
6.193431 9.830718
9.417895 5.606227
8.228683 4.517671
7.335787 4.388320
6.049029 4.040708
8.238279 2.725266
8.019156 2.709462
11.036546 10.702487
5.118237 3.943228
6.891455 2.765580
7.378257 5.448927
9.808314 4.559061
9.571770 3.834937
8.380423 3.285753
7.793427 5.195093
7.420959 3.585747
7.917006 3.373864
4.469056 1.988201
5.934864 9.035874
2.944704 8.534919
6.415185 7.733740
4.205329 8.500073
5.365783 4.506863
7.458122 5.386290
7.408813 3.515975
6.365327 2.244634
8.542018 1.840788
7.382238 3.251793
8.258050 1.833323
8.357697 1.425392
5.658891 -3.479173
6.565823 -4.101844
8.621205 -4.189692
17.150509 -10.658544
15.794212 -7.400353
9.875245 -5.833333
6.468306 -1.953299
7.298194 -1.090045
5.683547 -0.476674
4.913300 3.386022
9.288538 3.508086
14.021845 3.708897
16.894085 2.143984
14.638788 2.198748
14.211910 1.683364
18.837063 3.827577
17.312649 8.020293
15.171844 5.317007
12.651592 9.474011
13.290765 10.932742
10.370811 10.733314
7.681451 11.860003
6.248502 10.694127
7.066677 11.757110
2.433447 10.367358
7.379394 11.816455
7.825612 4.621912
5.412013 5.046850
9.839686 5.234791
8.758984 5.241117
9.070662 5.508610
9.155578 3.809781
6.842265 4.532146
5.305578 8.226813
4.373909 5.813068
12.890305 9.641255
11.043334 3.437304
9.738689 3.638361
7.771685 3.951591
7.543034 5.452398
7.655762 4.625072
7.666446 3.172978
7.132243 2.958375
4.837974 7.129305
5.679379 8.487199
6.514058 9.010853
8.331844 4.471159
8.039181 3.402924
7.249043 5.505322
12.422510 9.019586
12.299947 10.299744
11.639084 9.663014
12.191419 12.343513
8.861033 5.197096
9.841276 5.207445
8.505122 4.889379
9.204054 4.319228
7.399249 3.295929
4.043450 9.033074
6.457043 9.815522
7.509676 11.152228
9.621403 12.720860
13.326939 11.126952
10.268445 12.137143
15.989014 15.691313
13.020679 12.287255
5.446935 5.830660
4.696581 7.843268
5.733785 4.359190
4.258719 5.551157
5.439058 5.921089
7.455765 4.677817
4.143310 8.887521
6.104157 10.073638
5.280255 9.013789
8.770364 3.137514
8.681304 3.690853
6.369260 9.221583
5.550359 6.771143
9.636105 4.694837
15.541288 7.997520
8.605995 10.923081
9.899826 11.230449
7.178061 10.930287
5.721992 10.036842
7.472942 11.578386
6.209240 6.160995
4.906868 5.934435
7.184693 5.023151
9.486338 5.278275
9.309423 5.255237
9.828259 4.036891
8.179874 2.716309
9.231751 4.038497
7.867518 3.071601
8.117252 3.547235
9.664969 4.790792
9.312471 4.688859
8.436497 4.994387
8.563829 3.578110
8.047920 2.167639
7.688721 4.138535
16.162518 -0.709248
16.686178 7.124932
16.477585 6.724064
11.371918 13.501361
11.037617 13.191905
12.898438 10.826193
10.505320 12.030118
11.540607 12.747687
11.925958 8.813991
13.775146 12.174592
7.432405 11.259773
4.671205 10.357048
5.715120 7.579198
4.952991 9.919045
5.617904 8.572177
6.051459 7.953175
4.428204 8.933889
3.326136 8.008506
2.319245 5.116898
8.451989 5.628730
8.831177 5.409826
9.833966 5.235168
7.393722 3.777200
8.807820 4.801350
8.586226 4.402136
8.221274 5.439649
9.812371 4.494769
6.033768 9.717975
2.980605 9.402798
5.001011 7.819600
6.453790 8.621564
5.569186 11.063745
3.286631 7.976319
4.175761 10.531217
14.651435 11.690711
13.416943 10.359938
10.374971 11.136067
11.921648 11.287416
9.142297 10.833362
9.915167 12.212979
9.260067 14.301381
9.353486 10.703824
6.492759 5.043995
3.124332 5.112144
5.052106 8.098028
4.362819 4.570464
5.864325 6.677577
7.811896 5.494771
5.750222 7.238500
10.626925 3.776763
11.450980 14.008916
7.958632 15.908631
7.031758 14.718055
12.606840 12.911356
7.826325 4.226063
9.623409 4.577025
9.809813 11.801935
11.987143 8.874715
8.883380 5.413370
11.748497 13.434251
5.742331 6.801434
6.482654 5.082518
4.408061 7.295420
6.328729 6.056640
5.711700 5.688086
5.698920 8.104827
5.473253 6.765823
5.187225 4.872088
9.548408 3.627291
8.522718 4.943532
5.849256 4.664591
5.375210 5.641147
6.554547 3.610651
7.707130 4.298316
9.608713 5.487021
9.491157 4.369037
9.272008 5.284504
7.972428 5.130587
7.822847 5.360021
6.355241 4.825807
5.565063 5.613883
6.434532 7.589602
2.944164 4.778349
6.709108 5.516970
6.616617 4.476661
6.138939 7.076537
6.235138 6.101108
6.754514 2.487633
7.764056 4.861022
9.804031 4.470732
9.850808 5.430069
9.366076 4.703208
4.305279 5.582732
5.655215 5.761452
7.633132 5.266757
8.840900 4.516672
5.201509 3.422395
4.421756 7.799939
8.498646 12.922200
12.186226 10.688350
11.053712 11.369432
13.241068 9.706439
12.828638 9.571588
11.903667 10.385652
11.622258 10.542157
13.651909 9.237220
14.832205 10.947324
16.894449 4.517213
14.854307 7.869565
16.504814 4.945091
7.079243 4.086664
6.190313 6.598411
5.233093 4.185002
9.598711 3.565998
9.038913 2.971342
7.880314 3.193287
9.421957 4.662338
8.682158 4.992986
9.400404 5.534192
8.749230 4.655701
9.197549 5.413621
8.300617 5.077673
8.149633 4.942037
6.880497 4.497090
7.632714 3.943473
7.396662 3.499734
8.065323 3.762352
7.652571 3.492856
7.613576 5.356330
8.223084 3.670191
6.306849 6.323400
6.332771 7.257092
6.290294 8.585346
3.209656 6.637229
4.632047 6.616986
6.584285 11.406842
11.240108 11.036466
13.237139 9.733685
10.548835 11.839675
7.751103 11.674560
4.680502 10.231664
6.340953 8.289627
5.485250 5.697766
8.056448 5.272748
8.185833 5.224121
3.531562 7.143660
4.284522 9.681752
6.970628 12.142356
6.062589 10.557499
5.691536 8.373135
6.449051 10.740195
8.727705 11.218944
7.967541 11.724487
3.645982 5.676678
7.062163 5.253184
4.133557 9.034530
9.226961 4.363863
5.575522 7.719120
3.003705 5.952646
5.779465 9.689752
11.490933 13.130887
7.583073 10.908406
8.625389 10.952622
11.859863 12.929519
7.309604 12.628820
4.310322 5.825244
5.938699 8.137073
5.964701 8.685625
5.189117 9.152929
4.636406 6.339174
6.302765 8.286948
4.658725 6.838868
5.304982 9.128594
5.006175 12.159049
11.237635 10.984547
6.501898 5.598085
7.960494 5.419554
5.617554 7.660876
5.965065 4.553267
9.679688 5.546406
6.572720 5.589298
3.965466 5.083580
3.864504 9.721223
5.442887 9.079946
6.201652 7.725675
6.401967 3.273869
7.750152 5.364568
7.961515 5.297765
8.948846 4.844131
9.252773 5.455882
9.742277 5.092100
6.974763 4.519389
5.340102 3.878635
6.129157 6.731602
5.321540 10.039363
6.414529 10.577312
7.485402 11.480174
8.103393 11.132469
9.213513 10.712396
5.686806 7.593982
5.208705 2.825090
5.367817 3.675126
6.484619 5.599776
7.592273 5.093610
5.670827 5.422383
7.885179 3.220347
5.776289 3.852367
7.858770 5.176199
8.391071 5.330554
6.717572 4.862514
5.074215 7.358224
6.342054 7.143137
5.822494 10.247796
8.627541 12.551084
7.364824 11.875506
9.085679 10.746526
10.222491 12.278414
4.880123 10.826295
5.820469 8.608226
5.456811 9.529866
6.470082 9.185697
-7.764813 10.994658
-11.740746 16.908073
