19.268181 -14.253965
13.993985 -7.423064
11.313644 -2.705695
7.946648 -1.371095
6.726068 1.517206
5.286757 1.192447
2.658909 2.150961
4.910245 1.853074
6.619573 1.367492
6.285279 1.520949
7.486826 0.827266
6.942517 1.501399
5.665885 1.408285
4.692302 1.705013
5.828633 1.340253
6.286671 1.689466
5.994246 2.198297
7.825948 2.712950
6.865581 0.211919
7.003948 0.254235
8.634010 -0.696616
7.200286 -0.397838
7.364651 -0.866231
7.130216 -0.937226
6.860507 0.325076
6.885674 1.310140
5.294288 1.285827
6.004568 2.226761
4.170343 2.050967
3.501631 2.407213
5.003269 2.372196
4.130397 2.317348
4.249744 1.465539
4.210464 3.557706
3.677116 3.178718
2.934401 2.385832
1.432769 2.817609
-0.105906 3.049790
-1.490337 3.555012
-1.362269 4.826760
-0.690401 2.751615
-1.050666 3.518830
-1.418321 2.576526
-1.083323 6.047273
-2.333131 6.126405
-2.574848 6.860169
-2.928643 7.657163
-4.483027 8.202462
-3.617476 8.794848
-3.950204 6.835693
-5.018846 7.393552
-7.166829 7.504359
-7.514082 10.672226
