15.737256 4.809092
10.217617 4.656418
10.320200 4.553435
9.904902 3.717001
8.665943 3.839147
6.941684 2.380826
5.709070 2.402753
3.166883 1.272103
2.606729 1.530672
5.152823 1.152669
3.902305 1.626810
2.919088 1.271097
2.982311 1.806510
4.329254 1.727637
3.649590 2.829267
5.046616 1.147092
6.596364 1.700956
2.915535 2.794160
2.084503 3.069439
3.029483 1.913227
1.143587 2.166687
1.719103 -0.192467
0.850488 0.321164
1.734964 -1.276318
-1.321668 -3.167649
1.766562 -1.955981
4.284810 1.482619
2.310565 1.273962
1.212890 1.465359
0.655576 -0.325740
1.723382 0.842158
7.084943 0.909141
7.463888 -0.524598
7.135656 -3.608860
7.574456 -1.241844
8.780126 -1.477539
8.126205 0.397803
7.044030 -1.132380
7.828718 -1.404434
7.111231 -1.874717
6.062935 3.309060
5.505913 1.196106
4.585103 1.389762
5.256778 1.697475
5.695186 2.751836
5.088996 2.773014
5.925164 1.092351
5.318872 1.969914
7.747092 1.926536
6.554707 1.541505
2.760165 2.820726
3.495256 2.257976
1.138435 -0.713897
1.791671 -1.336503
1.628469 -3.399503
1.536049 -0.243433
1.732792 -0.661258
2.408974 -5.564700
2.021310 -4.101029
1.618566 -5.737710
2.897285 -7.326024
3.252463 -4.037740
4.505144 -6.255402
8.709098 -3.020310
6.573159 -4.258397
7.599307 -4.087725
6.972501 -1.122852
7.299105 1.744820
7.708232 0.457177
7.622828 0.210111
6.829857 -0.178731
7.112611 0.378403
7.598831 -0.877147
8.223588 1.670310
8.764351 1.421143
5.126814 1.466075
4.909019 2.509688
6.451739 1.166185
6.012637 1.631890
5.349607 1.226245
4.333877 1.260246
2.433356 1.661196
4.717116 1.636008
6.297407 2.557714
3.611914 2.749135
1.742463 3.001196
1.688240 -0.441007
1.131894 -1.120602
1.753653 -0.754679
1.729359 -2.236036
0.230557 -0.801289
1.395110 -0.658659
0.853624 -0.635292
1.417064 0.391012
3.071467 1.077923
2.236776 1.149627
3.280555 2.159485
3.059624 1.401460
4.549432 2.036845
6.610262 1.772837
6.993498 0.906714
7.034017 -0.099199
7.836613 -2.253087
7.141016 -1.462148
7.049286 -1.078782
6.839103 -1.294107
8.404089 -0.343597
8.613621 0.691955
5.310456 1.720224
6.432777 2.188300
4.231792 1.969941
2.916759 1.133671
3.038003 2.970402
8.010104 1.268433
6.524929 2.655098
7.106968 1.200677
5.529916 1.292639
8.461982 1.438435
7.729749 0.153872
7.049462 -2.131194
5.948734 -4.285888
3.909429 -5.146005
1.016060 -3.476600
1.076251 -1.474243
1.330408 -0.659162
1.129195 0.560168
1.186902 1.200869
2.520430 1.233006
1.803710 1.209584
6.236542 2.565941
3.283299 1.680105
2.088916 1.667620
4.705247 1.641469
5.543026 2.012091
4.700856 1.547436
3.951737 1.696652
3.347039 1.773476
3.036584 2.904619
1.293896 1.865318
1.618303 0.432162
1.696829 1.155473
4.462327 1.502745
3.488698 2.126424
1.762060 2.504521
1.423486 0.382556
1.304828 1.252497
0.873438 1.191837
1.589402 -0.302592
1.258375 -0.241721
-0.726300 -0.769826
-3.139330 -2.318835
-2.275436 -2.766203
-2.827560 -4.961144
-3.945954 -7.718798
-5.601103 -10.998638
-12.310960 -14.235937
