-6.238703 -5.325451
-2.927550 -2.645292
-0.486247 -0.849607
1.793905 -1.606459
1.707852 -2.194756
5.180078 1.517576
2.686098 1.926868
2.113173 1.350971
3.190240 2.232346
2.444486 1.106965
1.140383 0.847324
0.491111 0.272557
1.328845 0.520733
3.865119 2.202278
3.648964 1.335357
2.652781 2.050051
3.275856 1.517749
2.890153 2.716465
2.308923 2.376848
0.460475 1.634938
0.202576 -3.342109
1.238851 -3.420403
1.649243 -2.591208
1.068235 -3.907360
3.747838 -4.517653
3.394787 -4.247617
2.845395 -3.973410
4.096007 -4.496841
5.159019 -4.285926
2.870413 -4.705980
1.912032 -5.084930
1.576958 -2.235141
1.665881 -2.630296
1.689819 -2.452322
1.264798 -2.048474
4.693512 1.328975
3.909004 2.738614
6.401615 1.351143
3.939634 2.616469
3.800197 2.466615
4.054873 1.114038
5.854933 1.320979
7.339220 2.167413
6.739189 1.394384
5.981675 1.847535
6.156546 1.673171
4.854450 1.376190
5.021116 1.646448
6.271129 3.285171
8.128354 1.693761
7.678339 -0.298832
7.902887 1.108577
5.610719 1.389149
8.706045 4.693038
8.441296 1.819009
6.544413 1.788235
5.016068 1.213449
6.850876 1.685153
7.778571 -0.799947
7.008964 -0.089638
8.021524 -2.506630
7.425103 -0.678362
7.209352 1.007798
5.686587 2.585361
1.888524 1.662752
1.705911 1.120225
1.480295 1.981356
5.662208 1.177638
5.987000 2.466445
4.894150 1.062540
4.875291 1.734989
2.505503 1.284382
5.311700 1.159225
3.851843 1.102395
4.342585 1.618002
3.937161 1.956245
5.244139 1.295885
4.450372 2.662850
3.094375 1.206445
3.591065 1.100110
4.583665 2.292142
8.494236 4.948387
10.675482 5.060834
12.869260 8.922425
