12.202039 -6.679291
9.193600 -8.972440
8.608203 -9.087185
5.446759 -5.925501
7.414806 -10.009414
8.468715 -9.314189
8.245382 -9.218867
8.625175 -7.829617
5.591027 -9.664980
4.129094 -5.791811
4.157689 -6.547236
4.657694 -5.479784
5.564135 -5.924067
3.358999 -4.081312
8.697577 1.090942
8.233909 1.112969
7.287153 4.880608
8.832365 5.899053
15.725857 4.990488
16.245266 1.956691
15.646088 4.874829
14.611401 2.072183
14.880678 2.537947
8.874081 2.548775
8.789989 -0.417769
7.764027 0.398985
7.452989 -1.121157
5.076471 -9.280869
3.247508 -9.876252
5.468537 -6.834484
5.656612 -5.806678
5.234715 -7.295104
4.681297 -6.252758
7.837212 -10.756959
7.590102 -8.986695
8.918779 -9.583514
12.563803 -14.675014
15.481830 -12.080056
11.234900 -14.940396
5.920714 -16.668871
12.684459 -14.678599
10.751486 -13.355862
13.581370 -15.670243
7.710123 -11.112058
7.208647 -11.189075
9.247328 -10.278332
8.890463 -11.143593
5.069614 -6.557894
4.041691 -3.879377
5.634035 -6.416276
18.655407 -5.451479
18.010805 -11.029790
6.991044 -8.501073
8.961935 -8.221601
7.207394 -7.880321
11.439365 -4.069991
11.848948 -4.201281
7.909839 -8.119449
8.021102 -9.207719
8.854263 -8.426662
8.519169 -8.142326
6.418106 -8.568278
5.388582 -7.413632
4.759763 -8.625719
6.705359 -8.105641
8.331081 -8.695288
5.471663 -10.512523
6.542712 -9.374018
7.298770 -11.379722
10.855528 -13.828620
11.969713 -6.845934
13.828461 -7.666700
14.153355 -6.971152
8.390164 -8.293773
4.499816 -8.928344
5.490977 -6.378383
6.075162 -5.446506
14.277966 1.351007
10.479984 -2.518231
7.390659 -1.523291
6.993783 -2.275943
4.933506 -2.937223
5.963640 -3.702017
4.949458 -5.186071
8.405915 -1.317158
6.929904 -2.518465
11.373349 -4.796463
9.203943 -2.016315
7.464309 1.722606
8.768595 -0.348556
8.983548 2.042888
10.641080 9.029494
8.642103 6.216647
7.785722 4.150466
5.535300 6.303578
15.637327 5.777858
16.201880 6.047617
14.861320 2.272950
9.849750 4.171638
9.753446 4.154997
13.704812 3.742608
8.307962 0.379965
8.057142 1.328920
8.321815 0.010774
15.031174 5.154322
16.967237 7.646053
7.482652 9.660650
8.592880 7.767362
8.668063 8.033774
7.745842 9.874445
8.419211 6.923795
9.540733 6.952676
8.582861 6.193701
9.590681 3.940327
8.645152 4.426584
9.866110 3.523402
14.579625 8.844739
8.107788 6.269740
8.415558 4.354444
8.743925 4.524174
17.762884 4.369594
5.865399 -7.558932
5.164290 -4.072503
5.235805 -3.423231
11.413113 -3.906062
14.873618 1.565500
8.994246 -10.309266
5.326172 -8.599688
8.936632 -8.902755
6.578350 -9.477605
14.777989 -11.013252
9.699738 -1.600078
8.301311 -1.744478
7.819512 -2.043656
8.209927 -1.588385
8.111618 -1.633826
6.103937 -5.999043
6.143432 -4.220173
4.915537 -9.816343
7.632911 -8.380902
8.781746 -10.049950
6.180652 -9.440434
8.481071 -10.550430
8.455231 -9.501048
4.562023 -8.078417
5.612652 -8.238453
8.072910 -8.692121
8.138662 -8.570358
7.694872 -10.921159
7.367543 -8.172771
7.077664 -8.579150
10.179197 -16.185123
10.329474 -13.701047
12.556070 -16.298304
11.355845 -7.023954
11.235262 -4.570754
8.957243 -9.332732
5.309995 -9.526394
6.014781 -6.822159
10.279852 -1.995509
8.993133 -1.958376
18.289745 -10.872390
19.017460 -11.603927
17.991709 -7.092534
19.342701 -11.855245
15.651415 -10.735035
8.421274 -10.764281
5.401748 -7.642822
8.723647 -2.451674
5.381103 0.985147
5.667160 -4.608362
11.399982 -6.146342
6.072858 -5.255914
5.026440 -3.283821
5.125997 -4.508773
15.659606 -11.018115
15.209344 -14.702490
16.100494 -8.936442
15.444407 -13.511380
12.826114 -12.823808
13.826014 -13.414674
14.247130 -16.403460
15.194368 -11.394638
17.013586 -10.296653
14.589526 -9.949512
19.145887 -13.358508
18.918392 -11.620732
15.343640 -13.209677
15.391596 -9.729448
4.834424 -11.193299
5.988633 -11.487883
6.230699 -10.204801
8.744058 -9.876563
8.503855 -11.753593
17.978201 -12.054822
16.727106 -17.857836
14.468555 -10.801826
15.542230 -7.791013
7.039881 -13.600501
6.970250 -9.397139
8.608707 -9.894469
6.725968 -9.311499
9.243978 -9.389126
9.277419 -11.190789
4.466329 -9.221775
9.320505 -10.819704
8.734556 -13.801875
13.682951 -14.592427
12.744711 -13.384274
12.168149 -13.211534
8.426198 -10.031744
7.246949 -10.484591
9.383202 -13.301956
4.279671 -13.131850
7.953339 -10.510898
5.616122 -11.629202
8.542994 -12.636342
8.872854 -12.490634
3.798356 -12.352549
7.886608 -10.193897
7.649803 -9.683877
8.897136 -13.183831
4.313949 -13.380237
5.540776 -14.710451
2.684932 -12.723376
2.916010 -10.470702
14.866501 -9.674088
18.287756 -12.361777
14.751860 -10.174342
16.551069 -7.344440
15.121105 -10.478818
16.187906 -11.177407
17.027826 -10.128131
8.024599 -8.214680
6.272726 -7.907447
7.997298 -9.322598
8.357849 -8.720302
8.093834 -9.737328
4.029095 -8.872624
6.058532 -6.935445
5.471507 -7.091300
8.078282 -13.919210
8.400045 -14.891963
9.011782 -13.571317
10.171493 -14.232473
6.113961 -9.988215
8.334576 -9.833982
9.091825 -8.925321
8.794727 -11.383917
7.585310 -8.367278
4.012702 -7.601836
8.397309 -9.950714
7.342026 -10.444188
6.810575 -9.140705
8.586854 -10.505073
7.840533 -9.168914
8.236955 -9.163763
7.132034 -8.469255
5.294487 -7.579973
6.509513 -8.424068
4.363132 -4.989785
3.939356 -3.814472
3.882434 -2.778116
