6.119699 -7.380297
4.445884 -6.068987
1.681461 -5.148899
2.692627 -2.311460
4.821643 -0.726938
4.778084 -1.034308
4.948622 -2.247437
9.062321 -0.287749
8.018497 3.696366
8.717030 2.015907
6.599972 2.899951
8.728913 2.478812
8.895205 4.674764
9.597881 5.879877
9.493672 7.744686
9.449614 3.661365
12.598083 3.499773
11.534019 3.447128
10.686974 3.550375
7.784064 3.623296
6.798311 -1.264820
8.740711 -1.128974
8.104592 0.714065
7.996227 1.898086
9.100279 2.824651
7.652594 4.926296
8.351119 -1.467908
11.827497 -3.117694
11.939653 -5.186954
8.684977 -9.788940
9.137173 -9.219018
9.122986 -8.845397
7.246937 -11.764953
5.880771 -14.254573
19.346315 -13.547383
14.519594 -10.290665
11.970870 -14.045050
6.806272 -14.619731
9.145768 -10.627315
13.174377 -6.910219
13.815707 -13.498310
12.966249 -14.875251
10.359145 -13.340985
10.516153 -14.316119
11.120479 -13.034972
9.152420 -10.144664
8.922640 -8.609345
5.685173 -8.348215
7.140617 -9.041265
5.701492 -9.104148
10.642313 -13.888120
14.865470 -12.762030
8.423887 -12.372008
8.773996 -13.337065
7.445828 -8.665903
8.816566 -8.703126
7.612642 -11.161675
7.361376 -10.590653
8.394205 -12.309659
6.187991 -10.502339
9.358251 -11.909398
8.710104 -12.795928
11.184780 -13.376279
17.958618 -12.341247
15.984334 -11.118764
18.369759 -7.941926
15.806920 6.190897
15.277727 3.244807
15.492001 2.245798
15.005449 6.925083
17.297260 6.233473
17.936134 4.286016
17.000616 5.654222
15.914054 1.097093
14.442276 2.456832
8.342907 4.030598
7.801755 3.667407
9.436891 5.965774
8.662639 3.467219
7.985163 4.616863
8.770020 2.919453
8.721895 4.390662
15.203367 4.012433
16.553099 7.982700
12.659511 9.377882
10.198992 9.003514
8.023877 9.169700
9.401443 8.970870
10.543797 -2.164500
10.756048 3.483814
8.176179 6.142209
9.433344 5.872008
8.499668 4.265263
9.770666 5.084617
8.982345 5.914027
8.309414 4.338105
7.823182 6.479228
9.144188 6.108076
9.312054 3.846224
9.019181 7.966066
7.107280 3.978137
5.692658 -1.576072
9.707675 -2.060507
9.122688 -2.064238
8.317463 -1.531983
8.859390 4.149021
7.648797 3.548870
11.201220 3.604128
8.035300 4.899886
7.916949 7.772104
7.161416 4.842493
9.339583 5.556212
8.641387 5.686847
6.302695 5.773299
9.230365 7.486198
8.572841 0.794982
8.079855 -0.340374
7.123450 0.686768
9.136578 5.349533
9.674427 3.600361
9.567760 5.762884
8.836807 5.894708
8.443205 3.915871
7.981349 4.364933
9.423587 7.533789
9.008032 6.507645
9.215879 6.337471
9.695641 3.454467
7.766852 4.154398
8.043916 7.311085
10.549354 10.086931
10.818329 9.577779
10.417648 9.531598
11.108135 9.414999
11.321000 10.453837
8.804677 7.771607
5.604129 3.729917
6.469130 4.763852
7.711941 6.153397
9.847479 6.834926
9.040412 3.237913
8.263255 2.310624
8.756963 3.807879
8.697167 3.149396
9.093905 6.768267
6.796561 5.321380
7.338996 6.797031
6.580054 3.452690
9.461002 4.982741
5.968390 2.814980
5.009087 2.369663
8.834595 6.926969
7.352023 4.164724
9.498085 5.984178
8.817467 5.180687
7.992314 3.201404
4.488499 0.913997
11.606246 3.723470
14.721898 3.562114
19.997787 7.532821
15.260198 7.407227
19.079411 10.432029
