-9.563929 8.349684
-8.721846 5.663998
-8.870544 5.899667
-6.562620 7.538100
-5.116280 6.578368
-2.894436 6.168677
-5.555923 6.911042
-4.391965 5.995230
-3.306080 7.954504
-3.133066 5.783391
-2.491079 4.436437
-3.109816 1.124431
-2.849099 -0.531199
-3.483883 0.398673
-1.987523 1.493370
-2.605520 4.817939
-3.085622 3.691066
-2.077230 2.294490
-1.695402 2.297614
-2.832578 3.462094
-3.144693 3.679788
-1.345673 7.991457
-3.419005 8.230428
-5.086833 6.037441
-6.120670 6.038755
-6.609409 7.555273
-6.161262 5.968895
-6.472623 6.947470
-9.977364 7.292253
-9.992534 4.776890
-8.238686 5.510540
-8.274812 3.582572
-8.717410 0.935884
-7.222431 -2.172541
-5.394031 -0.755145
-5.024948 0.788337
-4.256231 0.518480
-1.616645 0.633475
-2.601936 2.774789
-2.516544 1.598752
-2.775994 2.561653
-2.198464 4.170354
-1.015028 5.323218
-1.567788 5.264326
-4.106140 6.770741
-3.942067 6.088763
-3.649017 6.018842
-3.979287 6.076160
-1.962651 6.179830
-2.852840 4.005921
-2.718603 4.973897
-2.767317 4.157141
-2.494518 3.088194
-1.977713 3.806203
-3.067998 2.190095
-0.804476 1.298913
-2.099959 -0.314613
-0.605101 -3.816689
0.368041 -5.789272
1.288375 -8.341908
2.966796 -15.315861
