3.363076 17.188187
4.085696 16.514118
3.403361 17.874926
9.619692 15.455014
8.858614 9.863474
7.336950 10.231904
6.783591 8.953002
5.825546 11.564872
6.187065 8.367589
-1.571357 9.887083
0.024513 12.049388
-0.214479 8.763023
-0.061915 8.892396
1.117464 9.551005
4.165646 9.654523
2.233701 7.789621
1.293732 10.465207
2.921223 8.943853
8.006723 11.157538
5.591959 12.269647
8.490549 12.621037
5.357080 10.061749
5.264694 14.638012
5.320445 16.251911
7.342090 11.700679
4.658600 9.774103
0.286806 10.779494
0.093217 -16.567839
