-13.827549 -10.635687
-7.499095 -8.271061
7.962352 -8.565776
5.754457 -10.501017
9.138595 -11.698348
8.642059 -11.245047
9.124514 -13.874095
6.137159 -11.624885
9.220383 -9.215667
5.883049 -11.944709
5.397331 -13.550313
15.019726 -13.429442
16.080807 -12.660404
18.052845 -12.869373
11.246749 -14.317449
6.646132 -16.601202
4.975523 -11.797830
8.206194 -11.833867
7.230408 -10.047832
7.633431 -9.691817
7.988083 -9.157571
7.614526 -8.339549
8.952248 -8.726546
7.585369 -11.065635
9.375023 -9.355290
8.415626 -8.157775
7.330367 -8.138879
12.194389 -7.766680
13.531061 -13.830844
9.031976 -13.245978
6.997552 -9.845071
5.020319 -11.283491
11.499962 -13.765223
11.813524 -13.569058
10.923700 -14.689481
15.076473 -15.118379
9.891038 -16.010763
6.693660 -10.433415
8.185222 -13.503722
11.210814 -12.918044
14.925342 -14.232520
18.139292 -10.855211
7.253676 -13.660785
9.197447 -12.430788
11.219189 -5.562027
4.080839 -10.536050
7.642113 -9.398266
11.277939 -15.394286
8.998486 -10.357717
6.977844 -8.521005
6.064865 -8.680137
5.348944 -5.764645
5.413022 -7.392320
6.813633 -10.721444
8.387109 -9.009418
9.815302 -14.684162
5.543880 -10.778343
9.383100 -8.085327
8.552279 -9.150859
8.455595 -9.589421
6.272235 -9.624022
5.644851 -8.903334
7.338943 -8.906994
8.598246 -8.504000
5.901437 -15.766213
11.081602 -13.008656
8.288898 -13.658814
8.810825 -13.333254
8.739646 -11.576715
13.195849 -7.397065
8.916755 -9.230950
15.410561 -14.650007
15.148568 -14.668610
15.082737 -11.467269
17.871918 -11.916360
15.682793 -12.778673
15.951046 -9.589530
19.427902 -18.051949
7.076766 -19.179873
9.588416 -15.125707
11.478734 -15.040045
11.037673 -13.392925
13.649223 -13.643075
14.065030 -13.499665
9.400290 -14.014678
8.001400 -8.885902
9.310498 -8.234715
7.609217 -11.638228
3.152157 -11.689719
6.953951 -10.488016
9.251840 -10.457994
8.557287 -9.578215
7.771251 -11.615366
7.065737 -7.832788
5.881010 -9.426593
5.055529 -5.417563
11.930047 -5.855844
11.534245 -7.178730
4.740029 -7.373728
4.981267 -6.610353
6.133826 -8.137013
9.091208 -9.922222
7.299578 -10.758313
8.342444 -8.145799
9.200020 -11.741591
8.724895 -8.592734
7.028211 -12.471493
5.555259 -18.314806
7.263416 -13.985570
9.423104 -18.941656
7.762567 -13.047412
9.033422 -12.093890
15.634701 -14.731746
16.846918 -17.984924
11.863407 -7.474480
7.434993 -8.192107
6.789466 -9.390685
8.445658 -8.523417
6.493656 -9.112808
5.712112 -7.846066
8.084015 -8.023484
7.233900 -9.792033
11.975638 -7.732478
12.611582 -6.685404
15.145084 -8.065308
15.025268 -13.880185
12.173577 -15.683060
11.122416 -18.263994
8.065642 -9.449949
7.166248 -8.952506
3.660889 -9.302974
8.101239 -12.689787
7.963154 -9.326866
6.535630 -9.538192
7.707006 -10.070563
8.064666 -13.899056
7.020249 -9.551688
8.184109 -13.091404
7.807464 -13.577582
9.574843 -14.177317
8.862088 -14.409139
8.540461 -14.673525
8.894488 -8.128829
17.759321 -13.971604
14.644604 -9.212558
16.328690 -10.836194
11.656723 -6.997176
8.057943 -8.622695
8.079549 -7.987257
8.630664 -8.428607
11.499167 -12.896888
11.667949 -14.194223
15.335063 -11.946796
18.186708 -12.521020
13.413944 -13.398448
15.333326 -14.428173
17.263803 -10.040008
16.699305 -7.676923
16.149178 -8.920850
17.013771 -8.652125
14.001752 -7.222476
18.406906 -12.676322
14.176245 -18.262608
14.483522 -14.317955
17.653347 -17.104126
9.010197 -13.577555
10.262476 -18.288166
8.931612 -12.355672
9.094763 -9.152746
7.189768 -9.368268
9.245672 -8.358983
7.918948 -8.420562
16.088604 -0.161129
8.341352 4.583741
7.605499 4.231642
11.587339 -5.276229
11.264664 -7.405352
6.612009 -8.085297
5.545716 -8.845857
6.679384 -8.287063
5.396793 -6.259651
3.203824 -6.961683
7.722763 -10.333381
7.983556 -12.519543
14.305992 -14.327835
17.351025 -12.163615
15.224609 -8.184806
13.767591 -14.345803
8.787468 -12.760894
13.842655 -13.966167
16.650896 -10.049339
15.709758 -10.182903
9.228496 -8.970502
6.238639 -8.353249
8.338970 -9.032516
7.934977 -11.738880
5.792462 -5.224127
16.021152 -1.355697
9.342700 -7.828487
17.139130 -8.710140
15.212225 -9.200542
6.797153 -8.012645
3.499708 -9.298641
4.739981 -8.677513
6.729257 -8.777513
9.674143 -1.839457
7.084453 -2.569726
8.411741 -8.983322
7.979607 -7.951729
8.143145 -8.873982
5.952209 -8.926824
7.147639 -2.246731
10.951731 -2.326523
4.700200 -8.234738
7.532529 -10.047513
7.144678 -9.675631
8.492752 -7.832229
11.359032 -6.567136
9.213838 -10.701656
18.882828 -17.271387
16.095942 -15.387595
11.998956 -12.993391
8.782312 -14.180125
4.656027 -12.423026
7.560372 -12.414212
7.578507 -12.886958
6.941544 -9.237732
8.843099 -10.790792
9.037752 -8.184356
9.209080 -9.007399
8.024920 -7.821688
5.014045 -9.401188
5.705185 -7.724330
6.277718 -9.300538
7.450888 -8.022517
6.161737 -10.564853
7.637754 -10.073701
5.447248 -8.840968
6.595663 -9.273242
9.100969 -10.699150
6.483349 -10.536053
8.543427 -11.003860
3.273574 -12.222083
6.268759 -11.247184
7.897818 -10.757941
4.946318 -10.024967
14.904696 -8.260383
8.758904 -8.901823
8.946485 -12.281182
5.842643 -10.921026
5.618660 -6.355694
7.235785 -8.363267
4.867886 -6.913830
4.322297 -9.744070
5.233826 -9.186019
5.860265 -7.565442
11.568491 -4.165758
11.222957 -6.084205
11.610652 -6.664031
8.865924 -0.984936
5.766644 -1.671946
4.199263 -8.192466
8.521349 -8.718148
8.758327 -8.875152
6.200361 -11.457698
5.225039 -10.485123
4.157264 -9.738753
3.763865 -6.589279
4.756439 -9.933710
9.314743 -7.889435
7.974932 -8.766013
9.273218 -9.940406
6.871115 -11.101208
8.218912 -14.393200
13.666379 -13.900025
16.989019 -19.311615
10.504658 -13.131672
8.680529 -12.710774
8.550377 -13.499599
4.098753 -9.980711
8.909977 -11.291615
9.382927 -8.820942
9.140695 -11.317765
7.328928 -11.224910
7.082442 -9.082489
4.726893 -9.350431
7.532610 -7.982320
7.002165 -8.482448
7.862243 -11.668595
8.012094 -12.507564
8.720858 -11.673469
11.482622 -14.624190
14.600869 -14.771169
14.648220 -13.339586
12.937897 -16.442070
16.395670 -17.405209
5.462119 -12.070056
3.929123 -6.934227
7.472492 -9.260372
5.768038 -10.200352
7.924103 -9.465638
8.471581 -12.021098
9.337065 -10.046900
7.349173 -8.089036
8.676023 -11.867839
9.315162 -10.086399
9.189173 -12.793994
9.268633 -10.190225
5.721182 -10.194180
11.208958 -6.554789
11.743974 -6.386956
