8.324817 -2.572328
9.623038 -2.102155
7.433781 -0.984899
6.209015 -1.670371
4.670237 -2.952921
9.131030 -9.595469
7.888361 -8.555996
7.726145 -8.516831
7.728604 -11.999874
8.895908 -8.423252
7.158895 -9.518985
5.283754 -8.639134
5.608886 -8.967557
7.136021 -10.771865
4.179318 -8.807170
5.315981 -10.160741
11.572010 -6.785059
6.404085 -8.627006
2.548679 -6.740325
4.973175 -8.400672
9.072222 -8.661174
8.873281 -2.784874
8.028173 -1.586841
4.654611 -2.156579
4.546843 -5.613904
5.246044 -5.579510
4.140567 -6.342699
6.775869 -9.450286
6.372159 -8.702300
7.849247 -9.895364
7.556273 -9.755169
8.113098 -10.876574
8.482861 -8.166156
8.121058 -8.638695
7.463612 -9.572413
5.675449 -7.367940
4.468394 -4.280261
6.065312 -4.399687
6.477872 -2.324106
7.135191 -1.984742
5.566464 0.042401
4.645404 0.788911
9.091098 -2.249783
8.630335 2.813066
9.384349 -1.979932
9.385131 -2.569922
9.447132 -1.965656
7.962511 -2.084526
7.784728 -2.054163
4.469987 -4.638880
6.206459 -8.992695
7.629546 -8.443748
8.233933 -9.356172
4.817745 -9.248963
8.198478 -11.286818
6.774107 -9.046775
6.478798 -8.007098
6.910106 -12.176477
5.403645 -7.925000
5.989672 -5.195701
2.076450 -8.349349
3.674870 -8.211105
1.101582 -7.204087
4.857821 -8.827368
4.108593 -8.448693
4.495851 -10.282981
5.764556 -7.461092
5.357811 -8.153081
5.253481 -7.131579
5.580815 -2.988784
6.208273 -9.151890
9.231005 -9.924471
5.855892 -9.360481
8.161019 -7.906333
4.833498 -8.492341
6.000247 -2.473782
5.209485 -8.453071
5.133135 -8.651597
5.450157 -8.210065
6.110617 -5.598237
3.679429 -5.677383
5.925854 -4.882592
5.816116 -2.507742
8.132380 -2.296303
6.070838 -0.505364
6.683440 -1.071584
8.077028 -2.619578
8.734368 -2.804059
5.075669 -2.447978
4.710440 -3.828725
5.392786 -3.671767
6.046808 -3.429145
3.761672 -4.779582
5.749827 -8.694150
5.968690 -7.356477
5.217567 -10.303493
9.720338 -13.805602
12.144774 -13.237755
17.237236 -13.458892
3.895908 -8.322651
0.584182 -14.432775
4.115479 -8.307963
6.812881 -8.210038
8.110127 -10.958597
9.008307 -12.861733
9.092136 -12.231691
8.804132 -9.911049
5.805243 -10.484082
7.173222 -9.166972
3.847568 -11.846487
6.633322 -9.050658
6.067596 -8.112190
5.266290 -2.538850
4.908547 -3.450759
3.581098 -4.491600
5.171139 -3.701018
4.800337 -5.532522
4.560931 -7.188318
8.961380 -9.574201
9.325526 -9.718217
2.285263 -10.931698
7.321571 -10.868219
4.947984 -9.628175
5.583404 -8.012059
4.646685 -8.561502
5.438473 -10.045306
11.758528 -7.481251
12.341366 -7.342565
5.534940 -10.417310
8.080058 -10.308475
7.881857 -9.297140
8.942507 -9.530401
7.957172 -9.149819
10.555302 -16.152838
7.122213 -9.430782
5.342179 -12.587708
8.807089 -10.906652
6.185514 -10.206116
6.528695 -9.159326
6.818144 -8.269547
4.837381 -7.235690
13.763222 -7.105000
11.764856 -7.134746
8.109837 -9.370418
5.205089 -8.078876
9.372570 -9.302822
11.366497 -7.235015
8.658972 -8.566343
8.591994 -8.357446
8.447326 -9.179490
7.445614 -9.785532
8.660744 -8.023070
7.540796 -10.194690
8.722815 -8.548783
8.287586 -8.886732
7.444527 -10.274952
8.866319 -9.870918
7.663660 -10.200441
9.132101 -13.159448
6.782795 -12.615909
8.065770 -9.671596
8.011670 -8.401502
8.681796 -8.533635
5.263711 -9.037639
7.640105 -9.506505
3.282137 -10.617488
8.343690 -9.246950
7.809521 -9.033790
6.756657 -8.743492
7.288014 -8.174121
9.017966 -8.380664
3.443864 -9.041783
5.170568 -5.473879
2.848021 -3.088021
3.233796 -4.496317
5.936655 -1.937074
7.708224 -2.457990
8.197652 -2.321237
9.102278 -2.481005
7.486692 -1.882938
7.369587 -0.944423
4.217843 -5.271275
5.651236 -5.239928
5.115077 -3.749036
7.172365 -17.180597
10.266097 -13.015023
5.238457 -13.023842
8.082784 -9.892648
7.273115 -9.814178
6.438955 -8.789155
7.642656 -10.049570
8.652834 -8.925997
8.764765 -9.758857
7.198328 -8.193957
5.334215 -10.375044
6.072051 -7.425708
3.876133 -6.817429
6.723385 -1.580777
7.361438 -2.251740
6.815420 -1.993464
8.312027 -2.462630
9.259356 -2.000610
8.335459 -0.589032
3.618665 -4.950844
5.306963 -8.860745
6.276486 -11.262843
5.701018 -8.992249
9.098220 -10.154306
8.652670 -8.330163
8.140769 -8.698447
9.102592 -8.291465
7.909679 -8.787824
7.374836 -8.404656
8.182217 -11.808059
7.437553 -11.861306
14.526550 -16.131645
11.650452 -17.633554
12.319269 -13.096313
11.181170 -13.003112
15.115541 -14.361730
14.635881 -9.881444
16.130375 -13.264958
3.870874 -18.749949
-2.662018 -16.707254
9.500475 -15.199559
5.833401 -10.177349
5.549940 -9.900318
10.878489 -16.456068
5.348331 -13.062572
8.763310 -10.033748
6.691850 -9.709385
5.606787 -9.769658
6.578224 -10.175899
2.762755 -6.775816
0.383054 -9.383108
2.268371 -9.367949
6.612157 -13.637115
13.157425 -13.910291
7.356897 -13.737172
7.351696 -9.185061
8.743962 -10.092682
8.670091 -12.768631
9.923694 -12.990349
6.843801 -13.987613
9.092056 -13.011053
6.058765 -13.161395
11.362245 -13.453792
7.502438 -13.390239
8.974207 -10.296619
5.083054 -9.382321
5.536789 -6.509713
4.841176 -7.732695
7.750021 -10.014533
8.547049 -8.706735
3.847975 -13.350188
4.862640 -8.748219
7.753105 -12.479014
5.784149 -11.732955
4.727360 -7.740543
6.060494 -10.005370
6.065386 -5.244409
5.684923 -7.225131
4.755798 -8.343291
7.319374 -9.259870
7.536083 -9.517533
6.541659 -10.972724
6.239187 -9.307202
9.115698 -9.414675
8.617104 -10.365835
6.034768 -9.547062
5.942907 -6.811183
3.115148 -9.328318
7.791635 -8.904411
8.416091 -8.057323
15.918413 -13.506651
15.455601 -11.058557
15.156519 -17.752743
14.296225 -15.408490
14.687155 -8.529272
13.548564 -6.832900
11.641036 -7.065322
11.550786 -3.745696
11.923464 -7.815961
12.282831 -7.584183
11.869545 -7.398523
11.180093 -7.592115
11.328707 -5.297807
11.453610 -6.471937
