15.065127 5.623564
15.028175 4.845719
17.950073 7.770933
15.204905 6.552833
9.189157 3.884295
8.613157 5.305186
9.290823 3.693726
6.316615 -0.867785
7.573133 0.718704
8.915168 4.073594
8.490918 5.338388
5.159930 7.013295
6.141435 8.555799
5.872523 6.724054
6.502910 7.349278
7.254747 6.630649
7.639482 5.269124
8.777120 4.993704
9.090774 4.448999
6.756019 4.247653
8.641979 0.633895
9.065319 2.104392
8.930194 -0.020330
6.717069 -1.372555
5.557306 -4.326230
4.003594 -0.003555
6.579132 1.246508
7.627290 2.175919
7.637007 0.982383
9.538192 5.428784
7.531723 6.850644
9.462958 6.893705
9.942928 10.038885
9.663662 12.275292
7.233574 6.384354
9.629562 3.815162
7.190072 5.217441
5.897282 5.131922
9.847444 7.390505
9.793194 6.217309
8.396849 2.136208
7.638934 2.612942
7.369315 2.142041
8.783703 2.916631
7.250895 4.923552
9.735308 6.995073
9.605681 5.907879
9.387582 3.692177
7.380804 2.550445
6.999965 1.866556
7.943477 3.351988
9.783224 4.116910
9.774930 4.929369
9.665568 4.096893
10.697354 3.556885
10.237467 3.425141
8.178081 5.189849
9.625078 5.983800
6.808421 4.715732
9.699841 5.580449
9.668968 4.102591
8.231855 5.628482
8.944245 2.472918
8.385996 3.028073
9.558023 4.703804
7.812340 3.106356
9.019862 1.370085
6.019271 1.013943
7.403049 3.857242
7.782775 5.913312
8.542823 2.313035
8.229860 3.130063
5.990582 3.738615
9.733322 4.017608
6.046133 1.787228
8.266973 -0.879543
8.739050 1.592249
4.486428 -1.419352
8.416645 0.515035
7.732422 1.055320
7.343721 0.219551
7.901446 3.810097
8.680410 1.504228
8.815233 2.706083
9.224163 7.095013
8.407793 5.834997
6.977396 2.062512
6.816746 2.751726
8.274939 0.030508
10.390039 3.432941
9.015715 2.852001
8.667366 7.978788
8.813677 3.757499
8.898987 3.594111
9.475709 4.530700
8.311429 3.283041
8.746610 4.936746
8.780912 4.000935
8.992034 1.963819
9.032786 2.866559
8.493618 2.186164
4.271531 3.589133
9.834482 3.742110
11.000769 3.417152
9.445612 3.567948
7.977268 7.781769
8.158948 6.759834
9.760763 5.366528
9.610916 6.351775
6.057826 0.944917
4.868174 -2.988342
5.560422 -5.559824
3.118174 -4.545390
3.960453 -7.349754
2.198943 -7.483858
8.976498 -9.300559
3.197290 -11.218689
7.564990 -8.102027
8.197679 -9.369502
5.467079 -7.413914
3.409601 -7.264936
8.508108 -10.550726
4.662059 -11.000413
3.191049 -8.048142
4.825256 -8.782057
4.666537 -11.106454
5.772466 -10.336632
7.867801 -12.488976
7.121697 -11.254670
7.722134 -13.438718
12.702598 -13.942662
12.135706 -15.300460
11.659972 -13.214112
10.724612 -16.635702
5.277579 -8.851344
8.326365 -8.940280
9.079078 -13.227176
15.005203 -10.305840
17.165812 -13.783399
14.143682 -13.792555
8.842277 -9.119971
4.387679 -7.687085
5.598627 -6.038200
7.729422 -7.927450
7.465378 -8.830178
11.325140 -7.707152
14.785346 -7.783201
11.625620 -5.853763
8.158708 -9.104394
8.526802 -7.985034
8.146632 -8.598899
8.607432 -9.151660
7.863605 -2.232470
7.920132 -2.099175
6.614758 0.837435
7.557535 0.794531
8.467571 -0.430083
6.979516 -1.263022
5.577228 -1.031256
6.127129 -3.297294
4.536602 -6.286633
5.516502 -7.423814
5.802055 -7.732225
6.818784 -8.185473
6.171158 -8.722213
7.597019 -7.909328
9.118492 -9.499322
7.634760 -9.895830
5.317530 -9.852891
8.254841 -11.110049
7.823535 -18.332008
9.041420 -13.851778
12.555433 -7.637016
17.306072 -8.494849
11.362082 -7.357316
3.531961 -9.486528
5.992933 -10.298549
11.567320 -3.162443
11.337912 -3.665673
11.347385 -3.380371
13.057148 -14.974852
5.533130 -14.959060
9.407661 -14.523026
5.790935 -12.067921
8.337586 -9.920654
5.442822 -9.510620
9.266915 -11.284215
8.666900 -11.343787
8.939585 -10.635722
7.942119 -10.286362
9.264156 -11.936210
5.976912 -7.678532
7.402081 -9.181893
7.586680 -8.466195
6.086429 -9.359329
6.785606 -11.115466
6.901515 -7.999487
8.496656 -9.696176
7.021647 -11.588168
11.309637 -4.126160
11.246233 -4.300292
8.905532 -7.902390
7.429701 -9.193900
4.572427 -9.320355
8.585245 -8.273703
7.623665 -8.265854
7.280135 -9.467425
6.431894 -8.624637
6.419299 -8.555709
1.323295 -11.084101
7.058330 -8.458991
12.688329 -7.626699
11.525480 -5.673934
9.951665 -1.983707
6.018962 -1.423591
7.142931 4.246366
7.627694 3.482988
8.928796 2.464624
7.669009 0.390647
10.995374 -2.151093
11.822501 -2.963594
9.315277 -8.815729
8.718416 -11.255534
7.477798 -8.649785
12.485851 -7.489964
14.129412 -7.097513
15.659155 -12.587537
15.857038 -12.566629
13.832880 -13.625795
5.811856 -14.623224
8.341434 -15.292087
9.062210 -7.940942
5.180808 -10.073277
9.076194 -9.585694
5.567939 -9.929976
7.524579 -8.533745
7.916365 -10.026103
5.351100 -10.219316
7.617141 -8.360820
5.686819 -9.080150
4.228756 -9.054405
5.463139 -7.605129
9.249726 -10.634695
5.939643 -8.637456
5.757894 -7.196787
5.036672 -8.716169
6.174754 -8.859490
6.032103 -9.623675
8.822504 -2.789257
7.848361 -2.020609
6.870466 -1.045898
8.929379 -2.552285
8.898133 -2.477916
5.732388 -2.628284
4.430711 -3.783506
6.071930 -7.424547
4.897527 -4.789835
4.165434 -4.849332
5.737622 -4.883412
4.144799 -3.475896
2.012971 -7.079318
4.756680 -7.417341
2.913506 -6.526723
4.055984 -6.546824
5.193285 -3.754328
3.978199 -7.020843
8.977526 -9.454204
8.962334 -8.741940
6.735920 -10.705566
4.827595 -7.805028
4.690557 -5.264398
5.827668 -4.760315
5.854524 -3.062218
3.068250 -1.385905
7.663511 -2.569083
8.386869 -0.334358
8.486989 -2.586998
8.767028 -2.294589
8.668975 -1.406406
8.969824 -2.206273
9.990302 -1.590353
8.764144 -0.636473
9.091058 0.457010
8.387475 0.404623
7.266196 -1.467607
6.387207 -0.777090
5.296167 -7.266879
6.117729 -4.762619
11.600297 -5.941379
11.723911 -6.674357
11.220234 -4.125088
8.659913 -1.374239
5.626892 -1.732972
4.527525 -1.030571
5.005171 -1.800041
4.886597 -7.552592
7.936711 -12.115893
4.119145 -9.885801
5.796136 -7.998766
7.495312 -9.071872
4.438801 -9.670100
5.738023 -8.322319
6.712043 -10.259399
8.234172 -10.138124
5.211020 -9.411599
5.822399 -5.963151
5.044619 -8.940792
6.325867 -8.135637
7.411735 -9.644275
6.021533 -10.826098
5.996909 -4.106378
3.830474 -0.886434
6.617332 -2.531133
8.739684 -8.379409
8.850627 -8.195685
9.313330 -10.637930
15.401487 -7.199850
18.517324 -13.229221
16.464895 -14.350733
15.075137 -12.069399
9.975158 -16.286404
8.500295 -9.310309
12.288527 -6.883077
11.364112 -4.567042
11.817297 -7.169005
5.364660 -9.360136
5.735436 -6.812124
5.366999 -5.830736
4.148802 -7.764044
3.288385 -6.682218
8.362436 -9.627608
9.327174 -8.918964
8.775382 -15.200212
9.627567 -14.313046
9.831586 -15.977244
7.216293 -11.404880
9.211664 -11.140085
6.068355 -9.451842
5.212625 -10.141088
6.632828 -11.120707
8.853421 -10.361657
13.974014 -14.475787
14.519659 -13.462604
15.676708 -14.403240
14.221053 -6.918860
9.767171 -2.418245
10.220546 -16.431322
7.890931 -10.684476
14.630060 -10.477102
14.042789 -15.523727
7.596645 -12.850259
8.302725 -7.861309
6.039423 -12.515577
8.667076 -12.216685
8.333789 -13.321458
14.652080 -13.586513
19.576599 -8.347927
18.257984 -12.426176
15.980856 -14.050869
14.665619 -10.917243
7.936886 -9.770692
8.064107 -10.295249
5.999561 -10.430284
8.197173 -8.937388
14.400736 -10.031109
11.167871 -6.988492
12.656520 -7.108794
8.861320 -10.529395
9.069048 -10.871152
9.137153 -10.551372
6.747944 -11.978987
7.905554 -8.654233
12.583786 -6.721429
12.828094 -12.955416
16.603348 -12.767290
14.871436 -16.295660
18.265759 -11.614273
16.731365 -12.600106
13.350485 -13.213145
7.043965 -10.022689
7.411726 -8.764466
7.727269 -9.567646
8.354983 -8.735709
8.004107 -8.479249
9.347131 -7.949918
5.066059 -7.319517
6.287506 -8.914001
6.284570 -9.835917
7.772213 -11.679556
5.430942 -9.855277
8.070843 -8.918090
9.071198 -8.001733
11.184351 -5.266617
7.134357 -9.971050
8.731051 -12.684043
7.226835 -8.092624
8.966819 -8.914994
4.603180 -11.490376
3.485528 -10.391834
6.484879 -12.638541
11.151169 -6.877451
14.313633 -7.185049
6.852737 -10.945814
8.654469 -11.210462
4.147571 -12.288388
6.345081 -13.541830
11.421072 -14.072282
8.902150 -15.505152
14.671753 -18.298843
11.745420 -13.180879
16.087761 -16.304598
16.059788 -11.715732
14.473962 -12.025997
19.188257 -17.096052
9.350449 -13.215074
8.686438 -9.666577
4.385249 -5.587799
3.963006 -4.813169
5.355963 -5.186799
4.209605 -6.381698
3.903986 -7.178911
12.753072 -7.199562
9.388166 -13.213468
7.616283 -9.845849
10.129180 -14.074742
8.679527 -11.578553
8.290494 -9.816661
9.075980 -8.856894
7.209677 -9.860902
10.197166 -14.086088
14.072903 -17.015789
9.276518 -13.388881
4.950582 -8.168378
7.516487 -10.284577
7.298334 -10.173833
8.844333 -10.737944
9.283682 -9.836373
5.629342 -8.903594
6.061679 -2.730745
7.731138 -2.546838
7.709445 -0.594211
8.403809 -1.689390
8.243000 -2.574689
10.489109 -2.010076
11.180320 -1.801735
11.745092 -5.362467
7.368940 -1.513877
2.480253 -3.701291
5.360507 -4.474001
5.680592 -5.598794
5.889100 -9.491874
6.259933 -8.153067
7.411817 -8.249111
6.118067 -9.010858
6.865605 -11.110460
5.816281 -12.100472
8.342346 -8.884212
7.549902 -8.602407
5.441471 -7.513648
6.638053 -10.434499
8.854555 -9.458849
8.397020 -8.325120
8.509492 -12.991567
8.817461 -12.131091
7.264869 -1.999146
11.513411 -1.892047
11.206430 -3.534491
9.294666 -12.937926
7.894100 -9.281952
10.509275 -2.423948
10.448440 -2.327920
7.339864 -1.757577
8.649339 0.599145
5.992248 -1.105751
5.357630 -1.300165
6.514256 -0.336866
11.628433 -2.252398
11.270138 -4.228199
7.963000 -2.732939
8.247745 -2.679276
15.959349 -12.747238
12.888872 -13.061704
15.413613 -10.561336
14.852576 -8.320617
13.797646 -6.755955
8.967513 -8.915709
8.936871 -8.505979
8.788664 -8.405031
8.420607 -8.389000
5.886249 -7.818252
6.233565 -9.666867
9.107767 -9.086118
9.298725 -9.864942
9.059342 -10.932488
8.255820 -11.235249
5.471742 -9.037305
6.455629 -10.110560
7.169370 -10.318870
8.091843 -9.183576
7.462432 -10.049906
9.300248 -11.718888
8.352784 -15.094223
11.403747 -15.291570
10.586473 -13.905357
16.182690 -16.108057
17.481129 -11.414691
15.643300 -7.931002
14.417049 -12.367116
15.677509 -10.495428
15.629548 -12.552084
19.070286 -10.647788
17.097679 -8.579825
15.912048 -9.139835
14.537720 -15.484721
16.032513 -14.752950
16.090336 -14.467236
12.169808 -16.286100
4.319498 -9.642920
7.810345 -13.880723
8.397839 -10.927842
8.528013 -9.668639
8.767511 -8.465697
8.847601 -9.433570
4.180876 -8.397403
9.052578 -7.990660
7.936010 -9.894565
3.120328 -8.025184
6.464110 -8.221002
7.112776 -9.007507
6.967573 -8.084867
8.887569 -2.701598
7.485522 -8.688011
5.749982 -8.148799
7.874203 -11.009454
7.896234 -10.490703
4.051795 -9.595852
2.558362 -8.009562
6.641387 -8.489932
11.511078 -7.325774
3.219502 -8.028838
7.087403 -12.065906
14.553989 -9.884583
9.265823 -13.397908
10.877185 -14.279389
8.548513 -10.926393
7.057738 -9.158664
6.093387 -8.237106
8.248145 -8.226126
8.632697 -9.341163
9.083748 -14.872132
5.672337 -7.563773
7.553560 -9.915208
16.118914 -11.789738
6.769817 -9.818025
8.736155 -11.549346
12.804956 -6.976693
18.547369 -9.758235
19.209953 -7.874485
18.400272 -12.669108
15.289583 -12.031913
16.474365 -15.652225
17.636114 -15.653648
16.877832 -18.841597
11.858196 -17.956177
12.526292 -15.426152
11.637020 -14.764777
4.320972 -13.040558
5.480267 -10.710760
8.340431 -8.010297
8.887063 -8.433962
8.470935 -11.248016
6.889249 -10.245006
7.820271 -10.068574
7.768984 -9.434470
7.443295 -9.207999
7.431520 -8.888179
10.735899 -13.744331
10.896119 -14.010692
6.542110 -10.136869
9.123860 -11.752387
7.510178 -9.604701
4.780408 -7.770343
6.996124 -8.540596
4.695726 -7.602117
12.683631 -7.381330
12.860247 -6.796185
15.398708 -12.877472
16.059454 -8.785598
11.924247 -6.263459
17.962811 -3.745456
12.122586 -7.673799
11.525383 -5.124920
14.387212 -8.613931
15.763098 -7.056674
7.263968 -9.637230
7.260145 -10.542655
7.513556 -14.067603
4.544880 -11.822543
3.059984 -9.529161
8.756058 3.004085
7.998535 1.412355
8.516625 -1.396112
5.923098 -4.174454
4.042704 -7.787941
5.819190 -7.086773
7.432790 -10.581204
5.655533 -11.415925
8.339115 -12.059815
9.348522 -11.881095
10.734383 -14.238093
9.052071 -12.836218
6.186496 -8.288630
9.010529 -2.812852
7.744992 -1.214241
8.617081 -0.424042
11.753243 -5.467052
15.240035 4.733947
10.579413 3.577379
8.472512 4.058612
8.908543 2.013528
10.470031 3.773617
9.502302 7.326126
7.505899 2.464410
8.016675 -1.588786
8.837810 -0.526351
7.488587 -9.538951
5.990440 -5.039672
11.770767 -4.767625
11.431036 -4.926538
9.031570 -12.552967
16.938179 -14.130836
12.534002 -14.454518
8.352508 -8.425152
5.648178 -9.091943
6.677675 -8.250720
2.861552 -9.792042
9.146799 -8.513715
7.860838 -9.861872
8.902773 -8.714345
8.316480 -10.324491
5.540126 -14.745610
8.042557 -8.387643
13.281897 -12.896401
13.581919 -13.436168
11.799480 -4.674997
12.669154 -7.290916
12.795238 -7.521727
10.520676 -13.236747
14.927591 -16.270195
14.991288 -14.967090
9.616667 -17.372976
7.572739 -15.284729
7.840410 -13.616194
6.948666 -10.659409
6.416776 -14.517170
8.683580 -9.982837
7.812334 -8.854323
8.184111 -10.680106
3.904284 -9.355514
12.494368 -6.688974
6.510720 -8.803880
3.788301 -10.386181
9.198534 -10.572003
4.267114 -11.295386
8.722602 -10.909791
14.778687 -13.942650
14.772478 -11.317298
8.660131 -8.831687
8.731630 -10.127872
13.610052 -7.372171
10.893393 -14.571948
6.017256 -9.296546
2.902361 -7.894956
4.110176 -9.046926
8.303032 -8.662192
9.362291 3.976122
9.571403 4.171514
9.406155 4.866821
12.655214 3.420449
8.767084 3.079540
8.535844 -0.090150
8.018859 -2.315694
8.995200 -1.653844
8.104485 -2.164392
11.311207 -3.371046
9.997563 -1.621034
11.860014 -2.990631
10.878433 -2.345019
11.381024 -4.839392
11.216457 -7.801835
9.253579 -9.374239
16.494154 -12.928395
8.458036 -8.286388
9.190590 -10.253034
4.940804 -10.956420
5.908756 -13.763415
12.030771 -7.055901
7.320475 -8.260150
7.869656 -9.492093
7.720015 -9.237130
8.773863 -10.086757
6.042294 -9.101981
5.045624 -8.324150
7.077065 -8.944653
4.798556 -6.767848
6.714854 -9.032855
6.766687 -10.803697
9.541260 -14.601641
14.514824 -12.579959
16.129190 -11.019635
18.739197 -10.841092
17.077147 -11.689331
14.576359 -12.821311
11.498268 -13.250074
7.696360 -10.592287
4.429356 -8.603140
4.123492 -10.804605
5.511427 -7.239453
7.747590 -9.766863
7.614226 -11.117148
8.174754 -10.837753
8.661621 -9.031137
8.767968 -9.578097
12.811561 -7.372472
16.190437 -6.870294
15.199557 -10.337288
16.729416 -11.591805
18.017862 -9.365455
6.189843 -13.826770
7.253963 -11.700433
7.241501 -12.881678
7.858159 -10.972060
9.308757 -11.191937
6.449270 -10.639988
5.613603 -9.251474
6.825918 -9.557067
8.685947 -14.006169
5.536880 -11.750437
5.900348 -11.435911
7.423300 -9.277825
4.796242 -7.141241
7.277622 -8.560078
7.063490 -7.909096
6.006186 -3.505431
2.085083 -9.611600
7.867052 -7.929621
8.075203 -9.640523
5.482852 -6.214360
13.167664 -7.108410
14.860289 -7.887476
5.734509 -3.703463
5.873041 -2.335842
5.426614 -1.090542
6.980910 -1.383189
5.680367 -0.371404
11.715721 3.659202
11.784678 3.513463
9.349964 -11.224341
8.436689 -11.271774
9.275395 -8.846532
5.947958 -9.089293
14.515876 -10.133504
7.145636 -11.711116
11.766685 -1.989769
11.236009 -2.859084
11.705197 -3.991421
9.059664 -2.082175
6.024590 -0.133084
5.485975 1.206564
8.628523 0.810308
7.448030 2.375039
8.618888 4.489851
7.957146 2.115324
6.937662 2.642202
8.298779 0.107726
8.642892 -1.980872
9.157933 3.977960
6.162979 3.165594
11.591537 -3.567615
16.917761 -0.350311
15.520510 -0.445313
15.330701 1.203355
15.759677 1.445204
16.617052 9.654332
15.380128 5.708575
14.855068 2.431213
16.024300 4.063716
19.874697 -2.740621
17.309570 -4.454147
9.001371 -9.100732
6.720507 -13.409897
7.986664 -12.502699
8.481954 -11.319235
7.088838 -9.978185
7.651547 -8.162773
8.369151 -8.914440
8.135439 -8.479522
7.559474 -8.134581
6.564201 -8.868670
3.111395 -7.463266
5.013120 -7.321368
6.945138 -9.400467
5.511032 -11.326814
8.026266 -7.953856
5.765522 -9.145615
7.425417 -7.965446
4.978170 -10.206350
4.657188 -7.301875
5.916059 -5.738842
6.877249 -9.213813
7.778029 -9.780297
10.243024 -13.399525
13.584901 -12.887942
12.725845 -16.539454
13.263761 -14.200459
10.426095 -14.837485
5.229779 -10.945387
9.087186 -8.274003
9.365269 -11.728745
5.412274 -10.418673
3.334174 -9.615526
8.480690 -8.858658
4.834798 -9.988196
8.229462 -14.504889
6.109478 -9.572385
5.621636 -8.502862
9.320895 -10.216624
7.939104 -10.166009
7.234714 -8.285506
8.529011 -11.980282
8.558754 -10.029935
8.361438 -12.160180
9.917225 -13.602187
5.490915 -13.046651
2.392379 -15.085399
4.328471 -16.385586
4.705276 -6.433439
6.543651 -2.671494
10.383481 -2.114661
9.565313 -2.044567
7.001223 -0.751273
7.877664 3.209340
8.111774 3.325059
7.396275 -1.976901
6.980799 -1.988931
8.104672 -2.182458
5.378620 -2.904845
3.947956 -7.594561
4.869323 -10.235105
4.837352 -9.594096
6.051934 -10.295399
5.731531 -13.323965
12.405747 -12.981286
6.736675 -16.938259
11.709301 -16.537312
5.125481 -16.163143
8.942056 -11.624287
8.100970 -11.111054
8.988528 -7.830369
8.068138 -11.187872
7.734974 -8.241525
7.085358 -8.759374
8.132921 -11.952286
5.161297 -6.352120
3.787427 -5.620359
4.601058 -5.228496
5.137631 -5.006215
5.768545 -7.784642
5.361806 -9.003640
4.476827 -7.251970
2.349732 -6.258853
4.207000 -9.699328
7.031446 -9.768372
5.837317 -8.226812
6.119925 -3.677052
9.201229 -2.685447
5.170732 -3.376021
3.634830 -7.693111
5.575311 -4.994736
3.360680 -3.930377
2.957878 -3.772590
3.132633 -7.498060
4.597420 -6.397212
2.593675 -9.166093
8.389750 -9.188922
4.780559 -9.922620
5.821210 -3.053675
6.698638 -2.197244
7.395944 -2.134645
5.885576 -1.785666
3.916144 -5.827565
4.977443 -7.334483
6.045124 -6.219334
5.310217 -5.670613
3.248894 -9.636833
8.846144 -9.415056
9.235350 -10.152929
7.090988 -10.673350
5.416895 -7.045580
5.125508 -7.097013
2.976667 -7.789131
4.409553 -9.038268
4.452927 -8.017413
5.452484 -3.534496
7.307960 0.617249
8.284535 -1.770535
7.586880 -1.462758
8.031834 2.302200
7.645934 -1.316916
7.405599 -0.200501
6.445290 1.087356
7.336146 -0.715963
8.502472 0.675080
8.782642 1.736432
9.148983 6.379841
9.070309 4.607638
7.153722 1.976582
7.056656 2.662950
9.542671 5.310887
7.870163 2.228774
9.043768 4.390490
8.730549 4.761269
8.457833 4.925046
8.614629 3.261121
9.696343 5.227517
8.734805 6.961520
9.708916 7.061212
7.346024 8.220616
8.809155 10.818977
6.142488 8.437395
7.032348 9.364226
8.960011 8.292035
9.352954 8.742441
12.883927 9.954728
19.590334 7.288762
16.118784 2.924967
14.225361 3.030751
16.729147 2.014831
15.595908 4.863371
15.409575 6.526342
6.941179 3.609461
9.005086 1.572833
6.872194 -0.002423
7.937939 -0.317992
8.680788 2.233553
6.151805 0.457160
5.516141 0.476092
7.103439 -1.191980
8.452213 2.865950
12.932603 3.768765
7.359821 1.388281
8.917864 -0.767369
8.740059 1.897560
8.917670 3.810941
9.758335 4.762819
9.419626 4.630471
15.321783 2.447212
11.982618 3.751503
8.376295 3.352655
7.479355 1.561697
9.456291 4.151221
6.780265 -2.611312
8.711050 -1.166383
7.390273 2.079431
7.899115 2.533428
10.387733 3.698102
8.853312 1.271730
8.095984 -0.568236
8.252795 -1.532925
10.128965 -1.758451
7.161356 0.418936
7.348660 -0.006364
5.905282 1.166036
6.969656 -0.038252
6.626721 5.318440
9.027154 6.975063
9.216699 4.732430
7.813976 2.709427
8.561054 2.909515
9.309994 4.527380
6.650181 4.689040
8.319534 5.398275
11.825008 3.579111
13.050454 3.669054
14.273553 3.446352
10.315441 3.527331
11.547683 3.553072
8.035375 6.949491
7.130904 2.908099
9.034219 0.939720
7.575890 5.199733
8.070800 5.377837
9.269557 5.600802
9.661333 7.559577
8.720752 6.281748
7.734340 6.257405
11.893684 11.386248
13.758620 11.094020
12.141045 9.543931
12.540832 10.056514
9.829206 10.493029
8.435669 4.554161
9.568070 8.052077
9.678638 5.839955
8.912318 4.633853
9.771263 3.517414
8.882095 4.716159
7.799270 4.114029
9.506615 4.405113
9.223762 6.185178
9.800223 4.862592
7.938113 1.681520
6.771839 3.309937
10.153047 3.497658
9.975213 3.778613
6.106321 4.134189
9.621751 6.832470
9.644539 7.567812
8.713573 3.192924
10.625587 3.641078
12.085187 3.447932
8.932854 6.454828
8.878024 8.653424
8.651324 6.554990
8.729033 3.856421
8.878098 8.117907
9.768015 7.782263
8.182106 3.384476
9.147242 4.353575
11.905414 8.868594
7.251949 10.431634
10.897255 11.502080
11.821404 8.829697
8.764457 10.092814
7.669882 8.327924
9.321476 7.078859
9.788684 6.936649
9.045705 5.081336
6.999622 6.163113
8.429146 1.102888
8.110626 3.967766
10.137427 3.751240
8.907568 3.696064
8.209583 5.249509
9.484861 7.669096
9.620736 7.376292
10.499168 10.523762
8.636365 6.353267
14.985859 11.278001
12.229422 9.505649
12.849272 8.956308
14.635363 9.045767
6.626823 7.412145
8.641651 4.289646
11.027582 3.676717
8.340466 0.978619
8.100806 2.896446
6.756742 1.574329
8.713982 0.065651
8.020420 3.444445
5.823140 3.049075
8.624527 2.160752
15.465408 7.867428
14.881100 12.298335
17.972948 10.358626
14.193487 9.206960
16.426834 3.779854
12.944719 3.431874
15.798969 0.224765
14.302243 1.366005
9.565022 4.916948
9.812054 5.829311
7.937566 5.031496
8.992580 5.626020
8.655620 3.713899
15.379642 6.607591
15.660328 6.913736
15.541643 0.440426
9.881488 3.667505
8.020910 6.457604
8.323300 6.453804
12.448096 3.603806
12.275283 3.745663
15.944433 4.464523
18.814259 -4.337051
17.440792 3.863570
18.184626 6.140253
16.129213 5.227582
15.679909 5.426631
14.974415 0.451003
8.859282 -11.430847
6.306290 -9.846807
6.705504 -9.909348
5.743793 -7.859429
8.457875 -10.016935
8.497114 -9.178823
8.926784 -9.321996
8.707948 -8.546873
9.836886 -12.905678
13.693867 -13.750302
15.904835 -10.514165
17.876095 -11.969941
14.508874 -12.113873
8.999280 -10.585465
10.483011 -2.754441
5.762957 -11.583175
9.035176 -12.171373
7.430470 -9.167701
8.627281 -11.193776
8.369467 -13.557991
10.928579 -13.106723
5.409410 -8.785176
5.445969 -5.616228
4.542008 -2.048394
7.391537 -1.436424
8.603300 0.349244
6.770951 3.448190
8.920813 3.502914
8.071992 0.722555
8.265867 2.622281
9.071725 5.804235
9.139928 6.544857
9.563158 6.034938
9.803841 4.352131
9.165614 3.679323
8.193045 1.575792
8.390302 1.590113
8.119277 1.111044
6.392867 3.665791
9.778103 4.703679
9.719172 6.590297
9.704290 8.467063
9.590331 6.235991
6.060605 4.372057
8.828384 7.233635
9.752623 4.499895
8.108461 4.490397
6.925632 4.569923
6.567287 4.477413
7.102976 5.859597
9.599309 6.678378
10.208520 10.575956
11.323791 9.390545
9.575891 8.751703
7.773467 6.147563
9.017272 7.342396
8.612438 8.394359
8.567918 10.742821
8.578680 10.083568
12.601761 8.857505
12.348163 10.024253
13.531892 9.939803
6.953504 9.195052
8.998611 5.449975
8.437499 9.236164
11.140026 9.735201
9.417572 9.659991
9.615266 4.255710
8.395745 4.876813
8.921103 2.725654
8.572609 -0.097924
8.996662 1.472774
8.168715 0.989643
7.857849 2.899178
11.259217 3.531895
13.263273 3.424137
11.497114 3.609419
6.435495 5.131864
9.060984 6.990566
9.785470 4.981170
9.339016 5.990532
9.409552 8.290532
7.265965 7.427983
10.522267 10.941696
13.679064 15.906255
14.293191 13.753585
16.256763 13.140750
14.565373 12.590999
17.459673 7.437002
11.266937 10.126363
9.548483 7.905388
6.734114 3.225221
11.951996 3.565570
14.421309 9.517774
8.254420 8.567005
9.609438 5.609136
8.568689 2.338274
3.773792 1.332314
8.882930 0.941138
8.995092 -0.022782
7.743252 1.294747
6.504586 0.540747
8.712273 -0.572694
8.138486 1.827286
8.023514 1.372229
8.670497 0.429424
7.076934 -0.503709
14.180048 0.575819
9.710331 6.228858
6.159351 4.662211
7.643383 3.682352
8.483816 1.580893
8.017159 0.505200
8.864694 1.115237
8.262524 3.704096
11.848996 3.567149
8.796822 3.860747
9.096225 5.507847
9.090909 5.893676
7.156483 5.836878
8.202306 5.861612
9.702330 11.672565
11.109102 10.062483
11.966524 8.819544
15.928038 3.496692
14.924261 4.799356
6.658566 5.570775
3.456578 4.199170
4.462139 4.528729
10.898733 3.596795
11.341794 3.534207
8.120894 4.018734
6.488705 4.544741
8.845968 4.798212
9.492570 5.673379
9.162322 4.832740
14.315133 10.354066
14.951753 12.284526
10.056854 10.821934
8.408565 13.643217
4.587023 10.744990
6.923528 7.094316
15.426471 6.290658
14.505090 2.160384
15.624490 1.807677
15.798337 4.858146
8.589662 1.494479
8.116946 3.567253
9.810422 4.524166
9.190130 6.185020
9.379910 6.065824
11.519483 3.747412
11.245958 3.595915
9.671792 3.741231
9.870329 3.626301
7.355177 3.360870
8.477957 1.040843
6.920001 1.080599
10.309002 3.721577
14.162529 2.593191
9.412358 3.806124
11.161780 3.586026
14.215998 2.016877
9.114145 5.685896
8.159001 4.703694
9.258659 4.420884
8.545516 1.244618
8.675243 -0.475161
8.460896 -0.553123
8.539639 4.898445
9.992694 3.564476
7.163952 6.335239
9.271128 4.337598
7.943743 2.057265
8.945486 2.282407
7.679818 2.818166
6.847725 4.489031
10.565557 3.598896
7.715665 4.009002
9.778433 4.196304
14.812675 11.290700
15.434998 6.351431
7.875444 1.568304
7.761128 1.499706
7.710696 1.917420
7.327855 1.440683
6.846289 4.924209
9.560652 7.624563
8.087885 2.575478
10.956526 3.784036
9.350858 3.550166
10.146999 3.744848
7.764507 3.343957
8.629914 5.160356
7.721344 5.485364
8.441724 2.761558
9.606688 4.792836
9.387213 5.779149
8.218143 4.895251
9.071757 1.663968
5.818199 4.171020
9.048582 2.203976
9.165531 4.743043
8.073209 2.835031
8.405519 3.514051
7.945361 7.467665
8.753467 2.934529
7.835866 2.152155
8.325356 0.976713
15.134924 2.200232
16.401178 2.812626
14.994296 4.851735
14.388749 -0.028239
6.095312 3.122791
8.748609 5.441444
8.834086 4.371126
8.672327 6.422060
8.371871 4.004245
8.465270 3.428980
8.381086 3.840875
11.234103 3.654014
12.261128 9.021373
13.340518 11.439177
8.832283 10.322629
9.697661 4.517941
8.596026 4.723602
8.777666 4.700950
6.344059 -0.011884
9.085335 -1.601210
9.057093 -2.686014
6.066056 -9.135703
5.149096 -10.231380
8.942595 -9.397433
8.104551 -9.431192
6.130167 -12.126666
9.067619 -9.823407
8.825051 -8.416930
8.347450 -8.955821
8.947905 -12.505067
6.243351 -10.467744
4.585524 -8.400190
4.416715 -7.038729
2.978812 -8.167409
8.473116 -8.739271
6.536487 -8.063758
3.774635 -9.130013
5.760325 -2.447595
4.044246 -1.622363
4.859697 -6.202826
8.306767 -0.872067
8.246013 -7.935450
2.142170 -6.669005
6.888171 -8.487182
10.804471 -2.586262
6.570084 -1.946235
7.010146 -10.255406
11.954964 -13.656762
10.647577 -13.110967
11.745426 -5.481380
8.904046 -8.423966
6.613727 -10.850301
6.059312 -10.238467
8.182941 -16.231329
8.381931 -11.136472
9.019801 -10.353131
12.662104 -13.156384
7.156110 -12.731563
18.684813 -15.181187
5.045454 -11.837605
7.529031 -8.833049
4.574047 -11.688459
6.204807 -11.328411
7.606048 -12.872028
11.041924 -13.155242
11.497876 -7.108554
11.433825 -5.153664
9.213218 -8.277547
9.492855 -15.185655
6.844334 -14.802112
9.685380 -14.164287
11.233698 -7.627910
5.605315 -3.076802
5.858824 -9.834573
7.712920 -8.261314
5.421562 -7.919417
5.916922 -7.644526
4.333822 -9.984219
7.699291 -8.282134
13.274891 -7.346824
16.100140 -6.979414
11.214488 -13.574481
11.136745 -14.764434
13.544300 -19.628035
16.802635 -11.684169
16.112656 -12.759706
14.856780 -10.411899
16.891233 -11.723521
17.446939 -14.443069
16.118568 -17.265076
18.243855 -14.825967
15.369323 -12.029909
14.507858 -8.104625
14.998575 -7.523893
13.822961 -7.464384
14.022536 -7.612010
18.549301 -6.129120
14.963026 -8.977862
15.034899 -12.159901
11.387083 -3.940576
9.239014 -8.630995
9.118138 -8.835982
9.299494 -9.688208
7.485233 -10.859507
7.750249 -9.358264
6.636883 -9.660793
5.439877 -9.603731
6.881984 -8.200694
7.286071 -8.540891
11.231568 -7.723742
6.237597 -11.341803
8.248814 -8.798240
11.063517 -14.044372
11.348598 -3.414436
11.923681 -7.093705
11.299702 -2.868513
5.574309 -7.820870
6.060424 -6.343746
6.859838 -9.631064
8.971478 -9.022254
8.789602 -11.695855
12.015753 -14.130080
6.894708 -12.264081
9.076200 -8.763625
8.771666 -11.994555
8.107117 -11.283713
9.041647 -9.429093
5.729685 -7.618144
8.521265 -10.067684
7.670270 -13.278617
2.211610 -15.568405
7.588854 -12.186453
12.097491 -16.179995
10.084955 -14.515226
6.844240 -8.165958
8.766205 -7.959979
9.074235 -12.312805
11.686673 -16.523935
15.680164 -12.884518
16.428408 -6.946960
11.710767 -7.659075
9.108399 -11.103872
4.003580 -11.051250
4.426962 -10.077606
3.961862 -9.307746
7.681539 -8.819910
8.456370 -10.909307
7.929698 -12.887807
13.284898 -15.247617
17.442148 -14.020005
19.294527 -10.093413
18.639538 -15.690642
14.492613 -10.844043
12.315382 -14.475389
13.705533 -7.426563
8.881449 -8.840278
5.526700 -16.039829
9.144810 -13.061553
12.480368 -15.264215
7.394446 -11.085110
6.118698 -10.325222
5.620267 -7.677212
11.373979 -7.737522
15.838834 -10.572341
13.364431 -14.914840
15.375512 -10.902131
15.513607 -7.223406
11.566811 -6.493718
16.261120 -18.755733
14.741618 -18.505354
7.902582 -11.447047
13.340714 -16.854269
11.239152 -13.435144
14.783186 -15.073249
17.467634 -13.883833
15.683533 -8.685603
15.040471 -14.585052
15.180948 -16.785858
15.976961 -10.611246
19.141764 -7.971941
19.077909 -9.139202
17.447409 -6.280234
18.206156 -0.976674
14.163250 -1.028344
14.405692 -1.002107
19.267864 0.949129
16.023363 1.384883
14.387416 2.745156
16.605244 2.766169
15.232749 2.487810
19.110855 5.059161
14.862107 4.834700
16.653860 5.008587
15.656675 6.797283
15.875891 2.596476
15.583668 1.374825
8.729197 -0.596576
7.058792 0.490771
10.831780 -2.047314
11.759881 -3.132230
9.437428 4.039757
9.418316 8.861598
9.678313 7.285605
5.754323 4.234582
8.257973 6.034243
8.183998 8.583991
9.474361 6.587492
9.516488 6.779567
7.564577 7.569543
9.340199 4.057183
9.505855 5.902686
9.234879 5.954851
9.785950 7.235219
7.860604 4.961909
6.950782 1.304463
7.456192 1.716495
9.841556 4.878169
8.210400 4.046312
7.553240 3.923655
6.271150 4.491494
7.962262 4.766347
8.986202 8.526000
9.748419 5.786068
8.642132 3.987886
8.353388 4.562692
8.084172 4.213943
8.139493 2.319020
9.350168 4.027845
7.527532 5.382185
13.543797 3.609041
12.110090 3.426445
10.406888 3.527289
8.002597 4.141986
8.833732 3.354548
9.062292 2.409528
6.350125 1.228312
7.340822 2.396439
7.636233 3.436909
9.433212 3.905548
9.224860 3.889841
8.559559 8.352436
11.551782 9.724692
11.420176 8.976008
14.797073 8.914983
11.548261 9.906938
8.840537 8.376948
9.017977 0.022902
6.604629 -1.850886
7.474927 -1.899135
8.739491 -0.437869
8.548071 2.187202
9.712911 4.732656
7.931730 1.346527
8.122638 4.691616
5.595162 6.203388
9.552867 6.292316
7.380612 3.671507
6.707393 3.829660
6.657624 7.672573
12.709241 10.028944
11.868340 11.713441
14.856667 13.377196
10.726033 9.262664
8.303502 9.814990
8.178870 6.088721
8.272509 4.489731
8.282675 2.204563
8.854184 4.339767
8.474833 5.053334
9.180407 7.603863
9.423796 5.874739
8.743726 5.693666
9.583235 5.648619
4.275431 7.176574
7.508999 6.618392
10.038164 10.114833
9.550562 11.469061
12.435719 11.916194
8.685833 9.956628
9.216066 7.731912
6.207755 7.072507
7.492341 7.478406
15.750364 6.056859
9.150154 5.686190
7.740885 3.794411
13.586163 11.067512
15.392312 4.860053
7.800617 1.609757
7.086154 1.749288
6.083973 1.050383
8.931049 3.197559
8.984955 1.219803
7.924528 0.484618
14.858510 4.168309
7.129421 2.657529
9.706956 6.993950
8.787859 4.151805
8.311259 -1.041186
12.590744 3.626465
8.129777 1.410325
8.812162 3.118771
9.379271 4.898880
9.177758 4.226395
9.288660 6.377655
7.777699 4.058084
8.497852 4.690463
7.776351 7.200949
13.266047 11.847037
11.113544 9.540751
13.201303 9.979983
12.987800 10.620320
8.461860 5.864078
7.504461 5.633152
15.457850 2.897294
14.241360 3.030060
14.314285 -0.196909
6.136227 1.482769
7.363378 4.186632
9.255691 6.649044
9.568622 6.461062
8.477299 2.533954
7.683561 9.246083
8.731237 7.056196
9.393257 5.717019
7.915631 2.384435
7.961627 3.146472
4.885180 3.671618
7.549741 2.068297
9.268639 4.297359
11.000131 3.440936
9.362879 3.540431
17.213699 1.719741
16.346836 0.974543
15.897809 1.095798
18.635883 -2.135989
11.612699 -4.276193
6.760221 -12.355849
7.316725 -11.339113
6.797031 -10.480210
15.761284 -7.911571
9.202435 -14.857779
5.342777 -9.741962
7.888223 -10.061641
7.439672 -8.262099
8.829286 -9.986739
7.832851 -9.708627
8.525872 -14.610643
16.982651 -7.281738
18.358734 -6.481439
16.095034 3.593421
14.180135 0.904929
10.829692 3.514290
13.148669 3.779804
11.310687 3.654944
7.858056 3.889777
9.491513 4.875540
9.248551 8.412718
12.133824 10.730573
12.187175 11.226842
9.442632 4.226347
9.388400 5.808515
15.214697 6.235167
15.191589 6.968542
15.297626 4.158187
14.309721 -0.663387
16.457184 4.872535
16.872992 1.565582
15.289461 0.467770
16.959282 1.906076
14.587598 0.507966
14.193957 -0.605745
7.109176 -8.703841
8.723684 -8.936152
5.457321 -10.000113
11.161427 -5.718264
11.381286 -3.887933
9.938994 -1.976338
10.319584 -1.804570
11.331573 -1.726813
6.579206 -1.364212
8.183598 3.229127
9.597170 4.061080
8.844623 1.820039
8.275916 2.177099
9.619560 5.101373
8.046558 3.586230
9.011247 1.120212
5.093503 5.503760
9.626686 4.062483
7.126545 5.274845
9.169774 7.103092
9.290298 5.449111
9.270862 4.733109
8.206951 3.211920
7.176745 2.139179
6.922990 3.648974
9.737303 3.774464
8.976681 4.663764
9.284067 3.715400
10.667490 3.724076
7.611291 3.420338
7.702004 4.162229
9.701627 8.850034
10.533214 9.262991
13.811015 9.448750
12.531471 9.983426
15.497787 7.613854
13.365679 10.366919
10.014718 9.137793
8.178314 7.660591
7.197254 6.564161
8.494781 4.268088
9.240850 3.920407
7.193028 3.066354
8.275184 2.518297
6.698806 -0.055673
5.147112 -5.928585
7.038286 -9.571460
7.877285 -9.744435
7.133596 -11.262442
7.748959 -9.080723
8.464394 -8.143248
8.836103 -7.881915
11.863188 -4.986609
11.242440 -5.245032
11.428638 -4.956307
7.411700 -8.354629
4.151234 -9.143903
7.531597 -10.593651
13.736383 -14.705895
12.346395 -14.930864
7.243348 -9.782647
5.830717 -8.270866
5.323757 -2.087383
4.543677 -2.763407
6.946013 -2.542447
10.034670 -2.296688
6.551454 -0.694577
5.741420 -4.929223
6.057009 -6.750865
8.485799 -10.298644
7.873935 -8.701942
12.420928 -15.214666
14.591192 -18.355095
8.852380 -15.151383
9.311397 -12.331580
5.890804 -7.741422
7.803780 -8.895806
8.834838 -10.172973
11.328134 -6.545196
6.879490 -9.088610
8.251744 -9.678649
9.160548 -10.953815
13.792351 -13.411588
17.841228 -9.471107
17.308229 -7.187588
17.148455 -0.534714
15.269758 -0.851400
9.852202 3.541361
8.480597 5.714849
9.569341 7.071661
6.836035 6.466894
7.819895 0.674581
8.152207 0.413613
9.603662 3.611067
7.346642 5.478057
7.849996 7.243584
14.927411 6.457569
19.462643 12.792462
13.173247 10.380558
12.964040 10.352049
11.105186 9.889256
10.397701 9.141159
8.018629 9.056775
7.539266 5.663272
9.241880 5.303819
10.695448 3.730504
13.768578 3.674131
8.662333 0.703882
14.178751 1.691122
11.257690 -2.967264
11.806742 -3.917639
4.860601 -10.409846
6.474561 -8.528718
12.108985 -7.174065
8.061261 -8.579572
4.912348 -8.721549
6.634197 -10.744898
8.760328 -8.725860
8.265200 -9.384248
14.415359 -10.476800
6.539620 -12.035232
9.949331 -16.844942
9.480628 -15.117116
2.477173 -9.948144
5.732293 -8.431254
3.476567 -8.047280
2.893718 -6.507630
5.628586 -8.495660
11.303103 -5.724831
12.564380 -7.306343
11.898829 -7.052256
8.499161 -8.009624
7.640202 -9.042909
7.128095 -9.506856
14.497931 0.286703
9.015562 1.682940
8.221064 1.911927
5.986667 0.954870
3.290234 -5.558529
7.769553 -0.633068
8.864460 0.353817
8.854733 0.972593
8.649437 0.328158
7.771632 1.382125
6.653600 -0.598169
8.308889 -1.065316
5.108856 -2.870152
4.139129 -6.648128
5.108276 -9.818413
7.901196 -8.540695
7.043966 -9.366545
8.380079 -9.114827
8.767615 -10.828870
4.922572 -14.742440
11.021521 -13.268058
11.358372 -13.350114
9.336401 -13.043227
9.120360 -9.375552
8.231310 -11.974454
4.607687 -11.171237
7.839643 -11.038838
7.745128 -10.795311
5.580304 -8.987333
6.390094 -10.233968
17.120102 -9.611395
12.606234 -7.340788
13.474068 -7.100563
16.971737 -7.997154
15.396343 -8.043411
15.331045 -12.344175
13.519346 -13.466432
7.833553 -10.445928
7.227920 -8.611463
8.037333 -9.696695
8.958820 -10.573577
5.859519 -8.998910
5.681127 -6.517148
9.333158 -1.778392
9.966229 -2.488727
11.341525 -1.724483
11.943870 -4.925858
9.039860 -11.509588
10.754118 -13.750205
9.786789 -14.414966
7.537731 -12.860195
14.085924 -14.338967
12.558681 -6.646840
8.142549 -10.123877
6.742773 -9.001691
7.984189 -10.011272
5.983615 -11.745151
8.566570 -9.694546
7.683378 -9.665629
6.761585 -8.523225
6.612895 -8.392013
4.906847 -7.012432
6.389352 -8.306142
6.116525 -5.210774
6.674457 -2.408170
8.014870 -2.103759
9.267694 -9.164250
11.739698 -5.367689
11.509989 -1.910214
7.714373 -7.978151
7.351051 -8.168742
6.325088 -9.228516
8.666752 -0.258399
11.299729 -1.898810
12.949907 -14.433088
13.379806 -15.845832
17.321299 -9.307650
17.456980 -7.678630
18.446276 5.342474
16.733732 4.378240
7.757665 3.319467
6.989347 0.555470
6.683256 1.414788
7.746629 4.262376
9.023141 3.934095
11.133293 3.429742
11.262385 3.496817
8.934352 3.760062
6.727387 5.139468
7.536596 5.613782
9.507694 7.923753
8.957240 1.995496
8.368269 3.616391
7.393915 2.520937
7.487413 3.556872
8.696274 4.536063
7.567782 7.813656
9.480113 5.250884
7.925778 6.957625
7.820489 2.900657
8.792204 1.683008
8.092854 3.307525
7.580253 2.195835
7.367638 3.740910
6.740481 3.164463
9.103390 5.247769
9.574682 4.087730
7.387088 3.748488
10.933184 3.619724
5.546880 3.235405
7.007885 4.788366
7.777056 3.545626
9.598411 5.889023
9.027441 11.130651
8.215418 6.466574
9.222921 4.209689
9.485003 4.732831
7.951798 5.806100
6.261217 9.267048
11.075476 8.814681
10.879889 10.537431
9.277976 9.571210
9.691969 8.349071
9.708774 3.955411
8.825279 3.592630
9.711099 4.148200
7.728085 6.979120
7.656386 10.472169
11.180840 9.451930
11.020468 10.155702
13.289611 10.791356
14.252005 9.748334
9.058708 8.325100
8.819221 4.462280
8.197867 8.178205
7.464612 6.076063
9.433578 7.913977
8.997879 6.023241
9.559147 8.916974
9.749612 4.187233
9.369108 3.578337
8.860345 3.647385
8.205303 2.409777
9.093806 0.662518
8.388715 -2.041574
7.978950 -0.658610
7.251472 -0.731092
8.069599 2.336857
8.404957 3.495115
7.663384 -1.106569
8.111621 -0.182188
7.630883 -0.332693
6.282130 2.758233
8.760348 4.691587
8.753178 5.531975
8.447962 3.095053
7.721316 3.424562
10.161917 3.765574
6.805311 3.446429
7.305526 1.284719
8.584693 1.235105
8.831818 0.523827
8.620939 -1.845318
8.083950 -1.896232
8.664501 -1.250965
10.216207 3.483606
9.667745 3.704938
8.906307 3.334641
7.039148 2.170685
8.159909 2.938208
6.772560 -1.570149
4.756712 1.040634
7.804870 2.920270
7.688031 2.811961
8.706604 1.281759
5.587295 0.216892
9.867765 -2.285716
10.560061 -1.866190
10.820961 -1.618357
11.038026 -1.774361
8.453034 1.407251
7.724118 2.247128
7.346273 1.318716
7.834749 1.544103
9.089462 3.209518
7.693264 3.429719
8.310748 3.215252
7.061466 -0.782050
7.759366 1.777808
17.688152 2.811475
13.106548 3.580459
15.673992 2.835156
17.116280 11.823907
13.452842 10.686055
6.674401 9.619266
8.225564 5.585852
7.917904 2.541127
7.411572 4.207130
7.406658 5.490108
9.422738 6.031764
9.461558 4.651641
7.603692 0.412589
7.102711 1.327172
7.336766 1.240136
7.926525 1.374481
5.149955 0.768368
7.176677 -1.275712
9.787890 -1.859101
10.536140 -2.248733
10.211346 -1.745401
7.893412 5.154873
9.826204 6.696883
10.862210 8.967492
8.520254 10.010115
9.408404 4.897615
7.049553 3.681690
9.055939 2.603882
8.690434 3.379544
12.417174 3.759004
11.347750 3.582814
9.427114 8.374833
9.466548 4.396250
7.037807 2.754854
8.522066 1.000273
8.855733 1.942838
7.529623 -2.559854
10.404862 -2.790270
10.538454 -1.977069
17.465172 -15.412077
15.604059 -13.990682
15.498886 -12.533364
10.471796 -14.134153
8.864396 -8.161952
8.639516 -8.559520
6.072530 -6.723301
7.556331 -10.879931
9.109047 -10.144601
7.704678 -2.422427
4.011657 -0.948844
2.996899 -6.187121
5.195445 -7.048537
8.023875 -10.433951
3.132611 -9.275720
6.000415 -7.994004
7.045586 -8.565410
5.266264 -8.444470
7.610506 -8.637055
4.978248 -7.915198
6.122194 -1.459994
7.768126 -0.659666
8.745594 -1.102818
7.955873 1.389810
8.625808 -1.254898
10.161301 -2.397232
9.780130 -1.949887
8.430565 0.572161
7.920752 1.609904
9.018882 1.009527
6.678750 3.365345
7.501713 3.192571
15.720814 3.777729
15.910786 0.544896
15.563148 0.100892
14.859928 0.939024
8.328959 2.965487
6.514491 2.912643
9.803480 6.597400
8.838591 4.810912
7.469423 2.263485
7.382514 0.641662
8.756639 2.491242
7.805416 0.436448
7.719147 1.004228
9.056077 -1.987951
8.378317 -8.581328
8.838453 -10.275484
7.793614 -9.441424
9.224620 -10.848237
8.817256 -10.081143
7.338323 -10.130281
8.280329 -8.745627
9.181671 -11.370336
8.146629 -9.426528
16.413328 -15.136760
13.721973 -19.597477
15.742123 -16.797918
16.088831 -9.523503
15.082799 -12.800624
15.064169 -16.403944
8.448805 -12.660579
8.072559 -9.574549
7.142761 -10.845189
6.652316 -9.942210
6.414700 -8.412852
11.562457 -7.717778
3.427740 -10.053931
5.923781 -11.696362
8.669026 -8.683293
14.748440 -9.466896
15.962863 -9.473266
15.010527 -12.040632
8.537231 -11.640860
11.729727 -5.229878
11.923345 -3.311201
10.150430 -13.502154
13.928139 -17.724777
8.036870 -11.511918
7.695397 -11.026944
6.304014 -8.561634
7.809227 -8.880099
8.205467 -8.971820
7.962546 -8.546349
11.562501 -6.128827
8.615593 -14.054145
4.809636 -10.286064
5.378469 -6.985580
8.197969 -10.609830
12.774432 -7.488216
17.360878 -10.342217
7.030043 -10.444347
5.846903 -10.097002
10.315319 -12.996088
8.765139 -9.525897
9.102317 -10.408918
11.261413 -7.105427
11.387440 -6.376143
11.178520 -5.148231
14.586003 -8.098044
19.031979 -13.666609
7.244962 -8.459060
4.212045 -9.827573
5.770009 -7.950084
7.480274 -11.907773
6.660652 -9.792014
4.829815 -9.401276
5.948003 -5.414113
8.177760 -1.919857
6.144698 -2.611741
6.024274 -2.645625
4.407800 -2.673714
4.046715 -4.101794
5.043817 -7.233388
3.110722 -8.523257
9.074417 -10.618327
5.625639 -10.226966
4.876600 -10.644481
5.978980 -8.891423
3.627425 -10.881403
8.164139 -12.061650
7.920038 -8.795020
4.228218 -8.692122
7.782236 -8.697459
8.397676 -9.171809
5.010890 -7.520260
4.557388 -8.453851
9.309896 -2.559159
8.544846 -2.657924
10.613333 -2.385088
6.806126 -2.610260
5.051936 -3.001120
5.334186 0.820554
7.800383 2.827672
8.001540 3.985846
9.008822 1.344665
8.837430 4.834084
6.990760 4.460252
6.793366 3.023016
8.079080 3.707610
7.092406 2.756585
6.710444 3.106890
6.776000 2.213860
6.484770 1.787836
6.853294 -0.525257
7.993216 0.159393
9.005258 2.958910
7.044671 2.721313
8.027569 3.200385
7.092828 0.171230
7.890853 2.457402
8.397522 2.729519
5.852373 5.342677
7.184024 2.652584
6.049521 1.450369
5.683495 4.324473
7.410767 4.513690
8.284985 4.844695
8.566964 4.845238
8.090436 3.439670
9.330936 3.495194
16.266146 8.754720
16.836205 5.669837
14.305132 2.876190
14.379257 2.364076
16.452124 6.088369
18.445087 6.129917
15.758633 -0.937153
15.384773 4.254237
17.269840 7.756341
19.477695 6.454711
14.508916 2.673840
14.986598 1.438906
8.516841 1.535967
8.134830 1.478138
8.275205 4.525140
6.721044 0.820517
9.727579 -2.497902
7.067603 -9.433480
8.164236 -11.432099
7.462202 -10.000207
4.618065 -7.746094
6.763988 -10.771981
6.725546 -8.637015
6.051184 -8.603221
5.236351 -4.422368
8.118305 -1.366479
10.778611 -2.312646
10.799194 -1.865354
8.788191 -1.890764
9.501053 -1.759570
7.151497 -1.987518
7.470448 -0.373852
8.918574 0.185607
8.666266 0.485471
7.513911 2.642773
9.262588 5.086977
8.634176 3.071360
9.113504 4.292980
9.532175 5.348576
8.591554 7.375595
6.431303 7.749491
9.091717 5.727363
11.370031 3.743972
12.398851 3.440184
12.875459 3.561262
13.726084 3.740493
10.833053 3.607896
8.005303 3.651480
9.185696 5.224508
9.227239 8.923386
8.460385 5.689570
9.298636 4.647688
7.243996 2.124154
6.362832 1.174427
9.319647 3.731446
8.504161 2.716980
7.598375 4.715086
8.092975 4.668502
9.804022 4.916109
9.609728 4.332146
9.575272 5.688195
6.152906 8.103585
8.739307 5.365515
6.725077 7.282569
9.683468 3.522830
10.849183 3.468234
11.309319 3.752459
8.789647 3.780279
7.562677 4.340576
9.584907 6.125913
7.741469 5.660729
8.678160 2.895495
8.070317 3.607910
9.669586 6.677525
9.596461 7.179159
8.230054 8.995675
9.623381 6.154035
7.621552 3.305816
8.216642 6.775136
6.105191 4.385749
7.463938 5.775411
9.470743 4.962159
9.041947 6.932060
8.687574 7.190152
8.825972 8.990962
10.396726 13.399610
15.634758 8.150269
16.421394 7.011259
16.614447 10.151042
12.587481 10.294677
9.680042 9.221421
12.808742 11.512799
11.213434 9.363544
8.272358 9.130638
8.384706 6.650793
9.387114 6.842095
9.035591 7.194407
8.034438 2.960197
7.639369 0.764392
8.879038 -0.128541
8.106245 4.897770
7.605762 5.354546
8.994651 6.407259
9.260155 6.685125
9.272841 3.624990
10.999735 3.468011
13.186599 3.469408
11.347594 -4.849713
9.119010 -10.704564
8.422441 -13.147727
9.908086 -13.914259
9.194429 -10.144570
9.314150 -9.754640
8.605188 -13.417027
1.859247 -4.400502
5.446301 -8.031414
7.873102 -8.539201
9.168130 -8.527919
8.537243 -0.833320
6.205209 -0.585803
7.867391 -1.284502
8.516315 -1.487603
8.304394 -2.211591
5.459366 -5.496210
6.719702 -8.652070
9.189007 -8.190136
8.191149 -9.252149
13.845950 -6.940580
18.936646 -5.296319
18.421585 -1.776635
12.294245 -13.160233
10.238894 -13.205764
15.937546 -1.044477
15.867969 0.000551
14.868402 0.710954
15.083873 5.816307
9.738492 8.964755
9.408060 6.598822
6.993433 6.845372
6.657617 7.300338
9.279362 5.173489
9.478255 4.838536
7.692512 2.200613
7.765596 0.185664
8.808638 1.496848
14.759911 1.121078
14.421947 3.003025
14.934231 3.559450
15.416639 9.980605
15.509593 3.308035
10.110456 3.732504
10.669642 3.743550
7.303371 4.784317
5.128953 6.782969
8.622450 8.681489
10.160894 9.337893
8.427711 6.643266
8.165854 6.312852
8.198035 6.566823
10.433773 10.269297
11.916164 9.416303
12.478806 9.112567
11.943474 10.609586
12.503588 3.736917
14.614783 3.669938
18.500448 2.975997
15.353304 4.794820
15.931497 2.989287
15.220383 2.083024
7.622850 5.810215
6.560194 4.113094
6.977753 4.774363
8.933429 4.015691
7.033301 5.363224
7.962322 8.587090
9.904131 10.374963
9.485050 11.393011
9.819152 7.651475
10.941332 9.383371
8.992786 4.704431
14.846225 0.798015
6.639178 0.279723
7.249546 0.195916
9.805496 4.481274
9.537722 5.639248
8.119617 3.107505
8.905646 1.984652
5.913779 1.274605
7.064312 0.068544
7.427513 -1.016198
8.389880 -2.589367
9.005020 -8.783816
8.765105 -9.699716
3.372753 -9.309873
4.270173 -12.017014
5.955980 -10.170169
9.542867 -13.327395
11.221911 -15.756895
9.510654 -13.648792
14.184888 -7.789215
13.783362 -7.502592
18.730112 -6.683527
18.772831 -13.198712
16.829807 -13.892855
18.874283 -14.650678
8.905585 -0.360885
9.111840 -2.173222
8.833140 -2.813858
7.042901 -1.642483
5.710843 -3.949759
5.475378 -4.459224
8.248718 -9.562010
13.819168 -7.395335
18.894373 -19.959526
15.397774 -9.862988
11.819628 -5.709868
8.872858 -9.547237
7.663878 -8.111753
5.508034 -12.345299
10.510715 -13.411959
9.294300 -9.167954
8.812004 -13.270556
9.062366 -10.545276
13.152137 -6.847146
12.202707 -6.864169
7.812731 -9.941455
11.155324 -7.502242
12.460779 -6.805457
8.694695 -12.210164
8.618987 -8.352241
7.676715 -8.913912
5.735644 -9.929660
5.613225 -7.194970
5.941001 -7.547467
4.341224 -3.091134
4.570518 -2.474858
7.893425 0.741708
6.637296 -1.100649
4.034534 -8.841130
6.936757 -9.006922
8.488544 -8.184377
8.800932 -9.351930
9.371265 -8.571992
7.077928 -11.176256
7.596569 -11.713326
6.641881 -9.020904
3.323729 -7.262849
3.652302 -5.556981
7.635260 -1.988626
9.574427 -2.023049
8.699923 -0.242146
8.072337 -0.018986
6.740719 -1.850840
6.570764 -1.636142
4.266838 -7.616066
8.442996 -9.259088
11.627594 -3.843229
14.900700 -0.877776
14.330654 0.573354
8.177916 3.204438
3.507228 1.451424
4.143407 0.674719
6.388216 0.235517
8.891349 2.357536
7.168379 4.496584
7.432267 0.929300
6.567375 2.663929
6.949383 1.761290
6.673130 0.990190
6.286151 1.005578
5.624562 1.472393
6.621369 0.892545
6.795321 -2.532621
5.168903 -2.240463
5.379445 -4.998566
6.205109 -8.407521
4.354458 -10.654475
7.243232 -11.054325
3.985935 -15.840312
4.752077 -9.807435
6.859301 -11.468137
8.971285 -10.510936
13.327292 -15.625210
14.650151 -13.365696
11.724701 -4.494356
11.401200 -7.495749
8.812499 -8.877514
1.996500 -8.389297
4.961164 -3.334827
6.430340 -2.469433
4.798679 -2.772752
5.964756 -4.178001
5.632496 -6.726828
4.377310 -6.551997
6.350880 -8.393265
4.740391 -10.749644
8.924686 -14.836497
5.836078 -9.342967
5.325353 -9.979830
13.545628 -13.238908
17.640408 -13.289804
15.103857 -7.706312
13.900930 -7.349877
15.969563 -8.928586
18.328083 -10.779725
14.816762 -14.760800
10.614964 -14.323001
8.725653 -11.164021
8.005414 -8.643290
8.080769 -9.498288
8.584352 -10.038272
7.869362 -9.020099
9.268195 -9.325490
4.941351 -10.608475
8.312330 -8.470609
7.234089 -12.386847
7.826970 -9.411262
14.610939 -11.129882
15.108600 -10.276232
18.370558 -13.925229
18.481390 -5.430980
8.334503 0.930259
9.025708 2.988140
17.986547 -3.121768
11.644183 -2.872823
14.906573 1.747750
15.229519 1.091463
14.816884 -1.048551
16.846981 -0.922231
7.916014 -9.559730
9.271271 -11.348681
14.683322 -10.902522
8.298325 -12.463327
7.294343 -8.987008
8.867135 -9.432591
8.091161 -10.675346
7.172130 -9.332382
7.984203 -10.511224
11.870795 -7.772490
11.180077 -6.534903
7.183182 -10.201175
3.855943 -6.418032
6.917246 -1.914154
10.688239 -1.891114
6.846603 -10.205404
6.616606 -9.298295
12.194374 -6.696029
11.816959 -16.089327
6.206180 -14.703119
7.411909 -14.405503
16.264179 -15.303611
13.330558 -19.462069
7.661417 -12.432096
8.896117 -8.746369
7.505661 -9.882818
9.011076 -9.581792
8.041252 -9.837188
9.053969 -8.863505
12.068335 -13.909535
7.294052 -16.014347
9.902175 -14.666564
7.560179 -9.364251
12.577569 -13.269253
11.934644 -15.117442
11.021186 -13.367077
10.003875 -13.988000
7.125420 -10.911325
4.337413 -8.404558
9.713844 -14.031668
9.071051 -14.841727
8.486334 -9.406661
9.279378 -12.771918
7.360278 -9.500939
8.836222 -10.475675
7.836773 -10.955460
6.486711 -10.069928
3.241625 -12.510335
12.438271 -13.762441
5.321657 -4.558291
6.130232 -5.365972
5.142381 -4.358221
17.306732 -4.643701
17.423023 2.787828
15.955289 2.833619
14.553831 1.527555
16.159302 2.242736
15.559656 -0.406353
15.977655 4.470048
15.412849 3.963452
13.360799 3.600101
7.561739 2.943926
9.342735 5.055516
9.445903 5.097003
7.659781 1.221712
8.589581 2.005313
8.636486 2.449787
7.045578 3.923972
5.517017 4.110297
8.365706 6.107433
6.089694 2.983784
7.066655 0.706129
6.422617 -0.689169
9.026667 -1.843943
13.064160 -1.610291
7.055754 -9.490655
8.442334 -8.753316
8.240513 -12.120028
8.944633 -9.285010
7.127914 -8.196459
5.205082 -10.112029
2.426772 -9.535134
7.380343 -10.936620
0.257538 -9.999976
3.956868 -11.094231
8.445395 -10.434905
8.416838 -9.949931
8.692866 -11.016252
8.991793 -11.781199
7.785479 -8.379101
11.796934 -5.915279
11.457848 -2.700717
9.073530 -2.540083
10.437886 -2.181257
11.217490 -5.691218
5.207318 -6.776680
6.690377 -10.687665
9.168006 -11.201692
5.474173 -8.399449
7.904625 -9.235848
8.716015 -8.754998
15.044497 -9.010189
17.436537 -16.281651
8.310032 -13.058427
6.906714 -8.802232
5.450603 -6.613910
6.134639 -7.809148
4.817559 -9.599957
7.549718 -8.596961
8.255136 -8.031675
6.816063 -11.342669
7.616410 -12.782712
9.103968 -9.738717
7.714880 -9.551921
7.491797 -10.392024
8.894753 -13.433450
5.874776 -12.793616
10.745131 -13.939784
11.649159 -15.009599
9.584770 -17.655853
15.409683 -14.071316
12.900552 -7.092657
17.335831 -7.890343
19.512590 -6.638298
14.038363 -7.074855
6.109780 -6.642925
6.042504 -10.272474
8.873732 0.142643
9.635802 -1.761454
8.453074 -2.268399
7.161584 -8.066871
8.750035 -8.404019
4.768002 -8.496777
5.764083 -5.807709
4.641326 -7.425751
4.303180 -5.748643
4.884767 -6.437963
5.004139 -7.380235
5.471553 -9.556247
11.878623 -4.612327
9.301485 -10.481729
7.882477 -10.416883
7.984059 -8.930042
6.824090 -9.567649
5.667008 -8.874946
7.566371 -12.433268
9.256594 -8.336720
8.085349 -8.482846
6.450036 -8.763097
9.352378 -8.768771
8.002022 -8.340354
9.123365 -8.683046
9.285256 -10.808764
9.012918 -8.736524
8.658039 -9.092984
8.239754 -11.371873
5.551755 -9.856689
13.116098 -7.447103
7.845951 -9.236754
8.890974 -9.259562
8.815795 -11.182896
8.643262 -13.861007
10.195637 -13.576407
9.159827 -12.878905
8.842872 -10.826280
8.635275 -10.707671
8.185683 -12.974471
7.998111 -14.681818
15.517148 -7.224460
15.897558 -11.893731
18.696980 -12.240205
17.266747 -3.798842
16.792004 -8.864799
16.274548 -12.335845
16.555012 -11.821237
13.893861 -12.916950
10.538925 -13.511147
9.005583 -11.328990
8.707767 -10.127615
8.662343 -8.029912
7.331562 -8.998836
6.876600 -9.482083
7.026526 -9.126997
9.138805 -10.738254
4.014863 -13.908410
3.721681 -11.135943
5.544069 -9.017940
8.834889 -11.491632
8.259486 -16.067692
11.322833 -16.428696
7.156122 -11.245227
9.289054 -9.126989
9.042959 -9.661194
8.553269 -9.288278
8.100205 -9.684489
8.239492 -7.828771
4.249357 -7.642044
5.487206 -5.914428
4.587375 -5.974567
4.405955 -9.132247
8.639950 -10.145501
6.649535 -9.050848
8.370762 -10.447900
6.937889 -9.058951
9.214493 -12.935037
8.705073 -8.718522
11.160036 -7.794442
12.267681 -7.122533
13.313387 -7.602901
11.568207 -6.937482
11.730131 -4.748121
3.235090 -10.859181
6.764076 -9.506103
15.234896 -15.531532
11.572874 -13.219264
4.339149 -12.713298
4.954295 -6.765276
5.292548 -9.892880
7.060154 -10.547135
15.312132 -11.566319
15.519731 -8.346544
15.785286 -10.836646
13.354518 -15.369688
9.306412 -15.995067
11.782116 -14.960912
9.663559 -13.617081
14.016398 -13.647847
17.802221 -12.123639
14.649396 -8.975033
5.960328 -9.920961
6.813968 -13.704501
8.761534 -12.039784
8.427549 -9.299553
8.542690 -12.206660
9.313203 -10.132549
7.774916 -11.116178
5.876073 -7.999877
8.058197 -8.780348
10.009847 -15.226945
13.714016 -12.853925
9.978460 -17.858299
9.050218 -10.746611
8.705994 -10.080033
9.225104 -9.314934
9.214412 -10.020586
8.183417 -10.354427
8.559801 -8.299598
5.874769 -10.940292
5.044542 -10.589269
8.973156 -13.541727
7.692016 -11.109824
8.341133 -14.161601
8.757425 -14.598359
10.610218 -13.832143
10.391743 -15.411064
8.150938 -11.715904
9.258776 -15.039813
7.427503 -13.220912
11.125622 -13.324597
16.219067 -13.053433
14.403255 -11.930013
16.272987 -14.279903
17.619364 -12.456855
15.448441 -9.413617
17.746212 -7.849221
16.693855 -7.461652
18.962450 -3.107765
15.352921 1.202021
16.590742 4.417187
15.626738 2.911135
15.117415 4.702221
17.232941 2.413578
19.026388 -2.248937
