15.158945 6.385983
14.832165 1.136009
14.561654 1.641994
18.347389 3.153671
15.958709 9.011073
10.654155 9.061364
8.006023 8.627439
9.033864 7.169315
8.882736 8.572332
7.034575 8.884785
6.370235 6.914680
9.434654 4.271907
7.109989 3.992929
8.217041 3.633955
11.177321 3.650658
9.234688 3.459136
5.783708 2.382185
8.281814 0.660539
8.770947 -0.489466
7.478465 0.154958
6.960716 0.828987
6.415689 1.690220
8.601980 2.897674
11.186956 -1.928708
9.949848 -2.491974
8.936370 -1.657910
9.106105 -2.602011
8.359920 -2.551958
7.222256 -8.146769
7.826585 -8.686723
8.269258 -9.026341
6.891500 -8.898173
5.022161 -7.617713
5.394249 -6.353092
4.197415 -6.799728
4.280264 -2.836724
6.134734 -3.510064
4.992528 -6.017088
3.206897 -4.952234
2.809151 -5.307436
3.564424 -5.424906
4.849340 -5.724543
5.086093 -0.915412
4.510762 0.126104
9.416387 4.203792
8.012051 3.795952
9.454877 5.115803
10.513943 8.799272
11.556802 9.978570
5.334048 11.821788
7.630927 6.853820
9.165967 6.788739
9.667173 4.992382
9.241541 5.069590
8.588559 3.059011
8.986214 6.265047
8.363741 7.573769
9.171454 8.367183
10.761853 12.179566
9.762715 9.989498
7.672913 7.151614
7.648026 10.370249
10.580595 9.104833
10.184370 9.146782
8.336792 8.934670
12.085196 10.955312
14.430927 10.145854
13.588630 10.310929
11.256987 8.813354
11.066813 10.955194
9.505817 8.982293
6.183851 2.244005
8.178299 2.496472
6.765106 0.775820
8.019069 3.374374
9.786035 3.745818
10.729902 3.459671
11.680513 3.657178
9.813046 3.484385
8.757848 3.777033
9.477752 5.727866
7.448219 4.529212
5.788026 1.044927
8.705471 1.187015
7.594405 6.759864
9.688792 4.426512
7.690753 7.670245
9.624735 7.883410
9.138372 8.570864
7.097954 7.587156
8.446658 3.206329
7.924904 4.074014
7.120142 0.433329
8.420450 3.164955
9.433878 3.995434
12.847013 3.654242
17.630785 4.561021
16.791687 3.117339
15.078180 -0.007779
7.836937 -11.636506
6.672616 -9.662604
9.234345 -8.444345
6.705747 -8.914375
6.196562 -8.572347
7.838405 -11.766786
12.465488 -15.141874
10.156817 -12.912107
15.035490 -10.996598
17.574997 -10.498643
18.133305 -5.772928
5.489929 -7.418330
5.008430 -8.150758
7.981940 -8.146613
15.255240 -7.051270
11.717649 -16.880690
12.153000 -13.019787
9.432382 -12.879359
14.555193 -14.820579
7.486256 -9.174520
13.721209 -18.664625
18.095991 -9.896625
6.791684 -10.906062
8.833121 -9.916058
8.244269 -9.923178
5.364834 -9.242150
7.455523 -8.184940
6.343757 -8.548748
3.516695 -8.477304
8.485191 -10.565340
8.368762 -9.846135
11.667093 -12.921599
15.201385 -12.268373
7.096710 -10.925384
7.490671 -12.406583
6.742787 -9.384892
7.068586 -9.029098
11.717008 -4.989707
11.805505 -6.309609
15.163253 -13.382828
15.762901 -17.450497
19.853586 -11.777067
17.339813 -4.538936
16.971857 -4.074752
18.567818 -6.147457
14.944931 -10.524789
16.859634 3.050388
17.756634 6.068785
14.136326 8.938351
12.974148 8.977214
9.531916 5.657778
10.974848 3.654009
14.303033 -0.661159
9.105114 -2.389787
8.053883 -2.410800
7.918197 -0.147954
10.964016 3.740135
10.575779 3.414103
14.944589 4.987074
18.536955 5.993261
17.142374 8.457294
14.969855 4.038263
7.072757 2.959033
5.225219 4.132419
6.988181 2.381289
8.050645 2.901469
9.135613 5.667626
9.850083 -2.094153
10.421330 -1.733132
12.099446 3.541566
8.900020 3.595212
9.038234 -0.517060
7.696834 0.788073
6.320698 1.594589
7.932799 3.704924
8.359638 1.770320
9.032617 1.863256
8.230803 1.275166
8.215687 -1.840933
11.732605 -2.278880
11.174442 -2.051135
8.508327 -1.027976
9.035479 -1.072612
7.984507 0.779237
8.566883 1.338173
9.119765 4.009623
10.019321 3.693586
8.741825 4.082979
8.389138 1.989262
7.937819 3.015143
9.109176 7.161356
7.545951 6.713005
9.835282 6.290149
9.836912 4.699991
9.448208 3.551374
7.962831 5.276837
9.272594 3.727650
8.731421 4.483709
9.846385 7.157861
5.410668 6.316348
7.784851 5.857624
9.009823 3.861230
7.411582 10.097971
11.537232 11.097597
11.060040 9.330442
16.051249 10.780350
14.358372 9.114983
10.194384 3.734395
5.595273 2.095909
8.059078 6.054023
5.412992 7.466612
9.842986 6.586746
8.565259 4.651852
7.609008 6.764724
6.323255 5.119635
9.078886 6.664668
8.877854 4.608368
8.362547 3.935160
9.641532 5.358913
7.489890 5.401181
9.369468 5.811204
9.076712 8.382113
8.760287 5.461035
8.177549 6.250158
8.762115 3.419261
9.047484 2.906258
14.712481 3.049833
15.785528 -0.459629
16.674459 7.023064
14.936214 2.323370
16.264973 4.720835
12.472999 3.722893
11.557263 -2.619701
11.180672 -2.468606
11.783216 -4.298402
9.002619 2.238269
7.135544 0.866573
9.085502 2.548126
9.197547 7.078373
9.103453 6.687810
9.663264 6.348388
9.049345 6.055407
9.825812 4.677539
8.543681 7.023448
7.467724 1.977272
9.357540 4.537675
8.600805 2.120456
4.152881 2.466759
6.044138 3.698540
7.057058 3.142490
4.811187 1.392970
8.821322 1.922296
9.002868 4.539968
8.647226 3.711770
18.138618 3.678517
16.890320 7.604643
8.168686 5.761586
8.496286 3.923616
7.934187 1.985770
10.085643 3.416640
9.452044 3.551867
9.791505 6.374487
8.892600 8.407707
8.492457 2.382837
9.691719 6.617740
9.797474 5.946528
8.525478 1.581226
6.701598 0.421628
6.568809 2.854843
7.926025 2.909284
8.376428 5.242885
8.150837 3.808671
7.219397 2.040382
4.925669 2.164912
8.638523 3.661669
12.981134 3.755754
13.670835 3.777009
7.692363 7.651124
9.430635 6.941909
9.200421 6.197970
14.766067 1.679032
18.240074 0.685388
10.278761 3.561483
9.601888 4.085564
9.040838 1.669337
8.547832 3.817948
16.882565 4.470815
11.667626 3.437245
9.380727 5.286905
9.405205 5.250613
8.991723 4.218067
10.002964 3.604141
12.822268 3.487027
9.396295 4.761175
8.633577 4.226580
8.697813 6.374660
8.587017 6.340962
8.424295 4.148864
8.556615 4.353867
8.252211 3.239736
9.281989 5.775844
9.424661 7.919493
9.493386 5.800226
7.821144 8.501674
10.811340 9.563657
13.535677 9.947378
12.945704 9.747455
11.112331 10.543778
11.255135 9.857184
10.589245 10.984782
17.401960 12.772452
14.856470 7.506739
15.203701 7.890021
16.088253 4.826572
16.829252 2.168656
14.539412 -0.444537
5.455532 -9.459563
4.989744 -5.491047
4.498972 -6.714442
6.048142 -8.701785
8.357727 -7.919130
12.920046 -7.177405
11.423602 -6.948164
11.275770 -5.447864
9.736714 -1.888016
8.513922 -1.963645
6.001271 1.298198
7.866715 -0.199955
7.940701 -0.243342
9.060320 0.675769
8.245328 -0.914309
9.043574 5.575180
11.394636 8.899249
14.911370 3.458633
9.145767 3.528600
8.603879 5.567165
7.924293 4.466411
8.828831 5.458397
8.208521 4.651282
9.495691 6.020775
9.321152 3.879750
10.255186 3.672786
15.182113 7.327305
15.539831 2.916314
15.577220 6.704782
11.929297 9.858224
8.857934 11.110815
9.229573 5.668305
9.539234 5.824128
8.627374 1.253986
4.815845 3.423983
3.870070 4.133482
8.012073 1.728941
9.153522 4.496000
6.867165 2.915775
7.001244 0.191751
8.484286 -0.019095
9.008831 2.951750
9.227190 5.296862
9.139079 3.491623
10.848590 3.567400
7.216337 7.661435
9.091338 2.800772
8.218320 1.546746
8.547329 -1.416093
6.197685 4.216426
7.662583 5.341685
8.996578 4.725386
9.223582 6.444425
5.315410 2.608813
9.334291 4.268825
9.478602 4.766400
8.911054 4.478153
8.693658 3.326354
8.945477 8.156156
8.489456 5.381732
9.434792 6.966803
7.494429 2.684188
9.333893 3.942377
6.970165 2.442400
7.148366 3.522213
10.691438 3.478722
10.124204 3.637951
8.906403 4.781451
9.326017 7.460444
9.128161 4.992111
8.774469 9.088266
9.049517 -1.590894
8.715130 2.992871
9.094136 3.334324
7.830884 2.140311
8.321241 5.719271
8.658166 1.908034
8.197990 2.577701
8.309457 3.419896
12.360100 3.643600
9.010705 8.669236
8.867258 7.728407
8.969653 5.687031
8.667419 4.824494
9.235552 5.228997
8.923486 4.951419
8.797053 4.497376
7.281970 2.282338
6.952518 1.263722
5.479090 0.877233
9.530774 3.746344
10.529226 3.704359
6.530158 4.011124
8.214487 5.138161
8.638254 4.433421
9.255740 4.245003
8.490369 7.503271
9.599425 3.859534
9.553806 3.951294
8.284060 7.818469
10.794403 9.519121
7.737743 7.736887
8.170238 5.424712
8.637070 2.091611
9.037851 3.408766
8.779631 0.219844
7.933303 0.293569
7.482583 3.393963
7.326647 0.488839
9.006360 2.850488
9.102415 5.306256
8.699839 1.000894
8.122063 0.913689
8.634621 0.902189
7.019919 1.634141
8.680593 2.603201
9.237223 4.247894
12.404757 3.516196
14.841240 2.812062
8.757675 4.417737
8.612200 4.957185
8.450380 5.289643
9.388081 3.827148
9.569828 4.721142
9.379618 6.534178
8.711667 3.165875
9.060199 4.887856
8.373993 1.718433
8.553262 3.183570
7.726240 4.279535
10.807384 3.529202
9.501051 4.067515
9.785040 3.997886
9.498194 5.992798
8.801365 6.203720
7.812501 3.725410
9.918503 3.657193
10.244934 3.702916
8.691760 4.012024
6.061884 3.396495
8.160391 2.069407
9.352017 4.091217
8.438704 2.423835
8.947042 0.654096
8.648642 1.333930
8.758968 3.567992
9.391478 8.413680
9.660545 7.258366
8.911648 10.034464
8.578465 8.818219
11.049320 9.903199
10.895662 9.300134
8.278053 8.108935
8.126528 5.272052
9.411880 5.736280
6.403926 1.789327
7.823635 0.813150
8.362964 3.269505
10.217629 3.438241
12.164471 3.510020
9.194412 3.599087
8.707535 3.131823
7.322481 1.792111
6.836921 1.537121
8.072367 1.442789
8.941702 3.393665
11.167983 -1.821105
11.830353 -3.334083
10.991248 -1.736225
15.395859 1.996468
14.527440 0.382071
15.703697 3.537429
14.709674 -0.347294
15.088605 5.420932
15.919054 0.147944
10.090725 3.731039
9.002268 1.737115
9.016181 5.238951
9.660214 4.457589
7.275649 1.593890
8.143682 0.433355
5.999701 2.310846
9.526810 3.977179
4.755894 2.378537
9.700619 4.493515
11.060312 3.678710
9.589940 5.745457
8.900471 6.324559
8.633327 5.354479
9.683815 4.089886
9.780565 6.805747
9.713961 7.034762
8.929451 4.463249
8.949117 8.495838
7.752422 10.021727
8.447142 5.169688
8.643579 2.533653
8.694143 3.927120
7.638147 2.984507
8.794558 5.605601
9.037604 1.106439
8.725938 2.553576
9.086373 1.596761
9.521852 3.557859
7.723597 5.017448
9.822619 6.354905
8.717526 5.460662
7.357796 3.833720
6.994678 1.465087
8.419478 1.095372
16.386856 4.578104
14.174137 0.548117
14.202921 3.675459
15.104031 0.014986
14.596638 0.921669
17.003780 0.778933
16.996664 14.302247
13.098089 10.701531
10.699830 9.901090
12.734389 10.678759
15.291043 9.985805
15.648585 11.992913
11.445217 8.955590
13.618874 11.150901
10.123534 9.896708
12.701767 9.980932
10.842505 9.145757
10.037507 9.197892
10.047835 8.978677
7.399622 9.485549
9.348669 6.026932
9.495779 7.894685
8.621351 4.589585
8.556241 6.124901
9.816355 4.011833
6.445948 1.886310
7.026497 3.172267
8.995459 2.912022
8.004646 3.844872
8.783155 2.298631
4.013720 -0.874265
5.129624 1.950982
7.366891 2.956093
12.526552 3.487631
8.601495 5.927210
8.292037 4.236854
8.151237 2.603258
7.228670 5.229666
7.308163 4.755841
9.424955 4.201374
9.444186 3.780847
8.288335 6.223195
9.291017 7.306596
9.129095 7.779674
8.204363 6.470380
8.853584 5.272054
8.177308 5.231319
6.956699 3.087507
8.764531 7.054583
7.301299 3.050261
8.023539 3.122994
9.047435 -0.179624
5.466281 1.730337
7.603350 1.305548
7.607745 3.703481
8.728338 2.151831
7.905832 4.864993
9.706683 3.480038
10.718260 3.759468
6.822748 3.215009
7.054793 4.699891
8.326756 2.385202
8.136324 2.735085
5.923271 2.719904
6.025381 3.117114
8.094999 4.383797
5.553138 -3.135671
5.812438 -3.111910
3.107614 -5.786678
