-18.059345 12.850049
-11.390087 8.828174
-7.684918 7.835724
-7.806761 7.832430
-7.952385 7.857792
-7.924908 7.849411
-7.684861 7.835741
-7.806689 7.832450
-7.952208 7.857840
-7.924660 7.849458
-7.684439 7.835824
-7.806163 7.832548
-7.950894 7.857921
-7.922750 7.849379
-7.681167 7.835384
-7.802014 7.831704
-7.939873 7.850495
-7.904707 7.835775
-7.649627 7.799701
-7.792144 7.792563
-7.780869 7.558774
-7.925367 7.516824
-7.695128 6.087886
-0.290562 -0.407974
0.972979 -1.478126
1.277589 -1.890506
1.364658 -2.144802
1.291253 -2.476555
0.793995 -2.364758
1.075811 -2.518150
1.812868 -2.747582
1.465454 -2.719689
0.971825 -2.604208
1.140869 -2.617686
0.664571 -2.489813
1.029367 -2.547378
1.769657 -2.779342
1.446765 -2.729280
0.954556 -2.612433
1.134847 -2.618937
0.659107 -2.490689
1.027364 -2.547061
1.767973 -2.779262
1.446032 -2.729182
0.953830 -2.612312
5.615392 -4.102735
