7.538381 12.578644
9.893157 5.535492
9.964216 5.368192
9.844958 5.654913
9.914151 5.493719
9.983424 5.328611
9.912546 5.497319
9.981167 5.333886
9.910363 5.502221
9.978098 5.341050
9.907422 5.508850
9.974014 5.350619
9.903532 5.517686
9.968520 5.363466
9.898275 5.529603
9.960922 5.381381
9.890910 5.546326
9.948748 5.406425
9.878658 5.569968
9.866609 5.430491
9.787837 5.588667
9.725929 5.454301
9.626511 5.611864
9.712622 5.459915
9.611564 5.617109
9.710567 5.462631
9.609347 5.619746
9.709795 5.464302
9.608546 5.621385
9.709340 5.465391
9.608078 5.622456
9.709044 5.466103
9.607771 5.623158
9.708847 5.466574
9.607570 5.623622
9.708718 5.466887
9.607438 5.623930
9.708632 5.467093
9.607349 5.624135
6.067715 8.893497
-8.848863 -11.397794
