10.113991 -6.014807
7.537863 -5.273979
5.330329 -4.354269
1.422803 -3.020298
1.509112 -2.988808
1.421356 -3.018643
1.507172 -2.986654
1.418527 -3.015538
1.503353 -2.982607
1.412997 -3.009697
1.495959 -2.975022
1.402220 -2.998637
1.481805 -2.960744
1.381534 -2.977429
1.454433 -2.933473
1.341310 -2.936823
1.401619 -2.880904
1.263508 -2.859766
1.294963 -2.781035
1.094804 -2.722758
1.051970 -2.600635
0.713011 -2.488952
1.207487 -2.606489
1.657789 -1.863903
-6.590701 5.635501
-7.847059 7.705508
-7.704943 7.725621
-7.705445 7.797944
-7.862988 7.790321
-7.728183 7.792348
-7.889208 7.783879
-7.732176 7.790917
-7.893826 7.782232
-7.732893 7.790646
-7.894650 7.781926
-7.733022 7.790598
-7.894797 7.781872
-7.733044 7.790589
-7.894823 7.781861
-7.733048 7.790588
-7.894829 7.781860
-7.733049 7.790588
-7.894829 7.781860
-7.733049 7.790588
-7.894829 7.781860
-12.980052 9.703976
