-12.534916 -1.331993
-10.238303 3.042617
-7.922978 6.800287
-7.843468 6.906215
-7.878173 6.857978
-7.954580 6.751284
-7.821608 6.938577
-7.901796 6.833041
-7.952940 6.761910
-7.873902 6.868403
-7.916147 6.808957
-7.836243 6.915084
-7.868812 6.869584
-7.944744 6.763738
-7.808531 6.954656
-7.889260 6.849068
-7.936615 6.783091
-7.857837 6.888632
-7.897198 6.835363
-7.816235 6.941459
-7.853756 6.908850
-7.934156 6.804247
-7.650924 7.731118
-7.791370 7.713304
-7.806507 7.904768
-7.667888 7.886285
-7.784789 7.916067
-7.649391 7.895090
-7.781454 7.916892
-7.646546 7.895826
-7.780933 7.916986
-7.646105 7.895916
-7.780852 7.917000
-7.646036 7.895929
-7.780840 7.917001
-7.646026 7.895931
-7.780838 7.917001
-7.646025 7.895931
-7.780838 7.917001
-7.646025 7.895931
-7.780838 7.917001
-7.646025 7.895931
-7.780838 7.917001
-7.646025 7.895931
-10.030035 9.009311
-11.052995 14.578903
