-13.331083 -18.696264
-11.006249 -11.717409
-11.146548 -12.163451
-11.398806 -13.216794
-11.013535 -11.729522
-11.155497 -12.180467
-11.410513 -13.244185
-11.030867 -11.793727
-11.173580 -12.271177
-11.429832 -13.386631
-11.030171 -12.128576
-11.147141 -12.732020
-11.340047 -14.108388
-10.635836 -13.771108
-9.262660 -13.073539
-6.482345 -11.480741
-4.128396 -8.836308
-2.264181 -6.923680
-0.407712 -4.362510
0.690928 -2.294002
0.829910 -1.311164
0.845258 -0.961751
1.011444 0.207065
1.560221 0.287294
1.797643 0.500217
1.268829 0.402839
1.556354 0.460297
1.040645 0.346292
1.343373 0.399529
0.840243 0.282516
1.171851 0.349186
1.727486 0.438930
0.920018 0.352969
1.440447 0.468987
1.714436 0.500806
1.190458 0.394493
1.483935 0.440812
0.971764 0.325793
1.283725 0.381844
0.784932 0.264495
1.119924 0.333985
1.672633 0.426224
7.704822 0.437668
9.961657 1.006701
12.836593 1.650770
19.461718 3.686173
