-10.410665 10.390831
-8.476922 8.058151
-8.280619 2.676463
-10.033594 1.439178
-10.214645 1.566771
-8.619083 3.149809
-9.291699 3.331590
-8.397390 3.287277
-8.637383 6.677371
-6.813498 7.358686
-5.624039 7.398277
-5.484572 7.609584
-5.425557 7.694214
-8.802971 7.473114
-8.540236 8.585284
-7.422650 6.450914
-4.767659 7.135792
-5.080100 6.448511
-2.025898 7.551674
-0.172997 4.408900
-1.500738 3.812419
-1.290109 7.047725
-1.728718 5.248384
-0.094521 5.801453
1.878809 4.666216
1.394264 5.076478
2.213282 3.425071
2.810717 4.751047
5.478651 6.235041
4.795925 9.020765
4.449669 3.320790
3.300282 3.842960
1.670287 4.761601
-1.332626 4.471494
-0.897541 3.388841
-2.264352 3.567830
-2.103879 2.038752
-2.298167 3.920055
-2.464216 1.640539
-1.768496 3.056078
-1.621771 4.865712
-2.082528 5.613267
-4.385921 7.590662
-5.171965 6.448267
-6.021127 6.689255
-3.606169 6.872293
-5.242907 7.910457
-4.626296 6.713220
-7.617740 4.797782
-7.791626 6.968243
-9.244961 8.466385
-7.697271 6.670578
-6.461454 6.572330
-7.886878 3.208860
-8.438871 3.696843
-8.667996 5.151252
-7.566674 4.927094
-8.695194 4.472872
-9.547148 9.112260
-7.796073 7.846390
-6.612825 6.872801
-4.173908 6.366223
-6.561718 6.806495
-5.504494 7.751082
-6.178605 7.855614
-5.469507 8.295433
-7.902258 7.358387
-7.624409 4.475523
-8.015339 1.581635
-7.661205 5.314167
-8.576445 5.112325
-8.522552 5.831499
-9.137617 2.048802
-8.852057 2.328147
-8.664855 3.864675
-7.602712 3.658365
-7.677578 4.946290
-5.411695 8.029998
-7.902553 7.023829
-7.029862 6.517229
-2.996979 6.450448
-5.290070 6.418301
-5.171079 6.661376
-8.116069 6.702356
-7.994262 2.333717
-8.376247 2.670519
-8.304571 2.877795
-7.778593 4.623614
-7.356418 7.608730
-6.361414 8.044782
-4.204206 7.118732
-3.431147 7.075063
-3.554667 6.409145
-8.775788 6.999731
-7.495575 3.785394
-7.942026 2.998645
-11.359489 1.378147
-5.988494 1.280505
-3.126860 1.104768
-5.247580 1.151936
-1.805724 1.665602
-2.201695 0.715132
-4.158727 -0.086538
-4.308393 0.180363
-3.327555 0.682760
-3.019202 0.083792
-3.095317 0.752875
-3.939034 -0.416817
-3.352712 -1.706489
-3.627217 -0.443037
-1.040510 2.571234
-2.457787 8.743482
-2.599499 7.951748
-4.034528 8.295320
-6.529007 7.114641
-8.804526 6.982128
-10.167555 5.201676
-8.984467 5.646008
-8.939250 2.140415
-10.718491 1.368100
-8.709923 2.463076
-11.203181 0.665077
-11.020475 -1.177495
-11.095074 -1.485454
-9.283098 1.727468
-7.926080 2.683361
-10.631692 0.145981
-10.895834 -2.386126
-11.466695 2.686921
-6.060477 8.548682
-4.392318 8.321664
-2.445855 7.113342
-6.606217 7.190596
-7.488633 4.646442
-8.224665 4.250556
-9.079457 4.046062
-8.078568 5.201229
-9.136224 1.568181
-8.778685 3.610544
-9.246098 3.176167
-11.526451 1.504060
-6.481164 1.211066
-7.204717 1.242235
-4.448665 0.448890
-8.386204 2.329486
-9.171700 3.409436
-10.261133 -1.738709
-10.014592 0.864671
-9.519211 -4.983002
-12.173183 -3.318258
-11.109684 -1.747138
-10.055123 1.565278
-8.420292 1.368628
-10.383276 2.790339
-10.352838 -3.285445
-9.260754 -7.075161
-7.064843 -5.530114
-8.993390 -5.922386
-8.873099 -5.406776
-8.712709 -6.234131
-10.645455 -5.378183
-7.743078 -5.606091
-8.341599 -4.028197
-8.293266 -4.370057
-8.765261 -4.338192
-10.654880 -5.255391
-9.635820 -2.666040
-10.029497 -3.418314
-9.758915 -4.020480
-7.082404 -5.979921
-5.227614 -4.994326
-2.510540 -2.073025
-3.420355 -1.679899
-3.970963 -2.267462
-3.184141 -0.040071
-4.429142 0.541839
-4.492317 -1.685270
-2.599899 -1.749646
-5.790022 -5.516825
-6.779391 -6.535964
-8.048192 -6.915220
-11.339342 -3.002750
-10.885004 -0.524408
-10.068333 -1.111609
-11.872245 -3.709681
-10.967300 -4.528360
-8.261383 -3.895233
-10.458755 -5.149008
-10.216875 -1.087582
-12.009862 -3.140349
-12.448721 -2.605603
-8.959427 2.540962
-8.352564 1.821810
-9.151344 1.800977
-8.018465 1.280695
-5.677332 1.186568
-6.481318 1.221652
-2.970638 -0.471879
-3.397881 -2.411469
-2.491154 -1.127764
-3.978465 -4.905250
-7.515926 1.710496
-8.010567 2.588485
-11.238256 0.408550
-10.990939 1.956982
-8.783119 3.551857
-7.513545 7.021347
-7.464218 6.492622
-7.470719 6.621479
-8.643000 2.566132
-8.451437 1.466457
-8.457987 1.319265
-9.320409 5.453967
-13.261431 5.694371
-5.611434 6.544830
-9.041416 7.535293
-13.646261 4.747990
-10.103065 -0.454142
-10.360523 -5.370318
-8.908769 -6.284242
-7.894118 -5.605726
-7.850821 -5.489035
-6.697409 -5.952039
-9.800154 -5.560941
-9.660174 -6.680786
-9.697546 -0.369641
-12.616281 -0.814595
-11.559546 -2.267194
-9.767467 -4.440399
-6.711267 -4.134827
-6.101539 -5.607045
-3.760827 -5.897917
-4.441828 -2.391860
-2.949243 -1.090187
-2.243667 -4.713546
0.302273 -2.628541
2.090581 -4.084861
1.809359 -8.035860
6.129591 -10.282338
