3.078209 16.543348
0.733623 16.974062
-2.333218 16.397285
-1.035459 13.651431
-1.610392 12.028621
-0.819867 9.046565
-2.493162 7.923930
-2.023079 6.370109
-2.750862 6.912333
-1.306091 10.157923
-1.096140 12.338949
-2.636862 10.767744
-3.094193 9.020350
-2.667844 9.847163
-3.375160 10.120488
-3.649408 12.925698
-3.013340 10.907594
-3.907247 12.715639
-3.270652 8.003715
0.421342 10.961471
-2.699091 8.487494
-1.497881 12.513865
-3.165934 9.781944
-3.378101 8.288041
-3.765185 7.084498
-1.307687 5.716374
-2.456084 8.630545
-1.283553 8.272405
-2.090926 7.762685
-0.970323 9.615504
-1.756149 8.999893
-1.684227 7.615954
-2.708338 6.406328
-1.931256 6.142984
-0.252397 5.267743
2.014180 5.191804
1.887122 4.446958
1.008276 4.394019
-0.552426 5.458794
-1.432726 6.761355
-1.156974 6.740811
-1.134552 8.675302
-1.830426 9.982282
-3.360889 8.019066
-1.209007 10.222846
-0.960314 9.457347
-1.510132 8.636390
-2.652651 8.162336
-2.707392 11.358686
-1.448698 9.265897
-3.373778 13.772346
-1.060671 12.761061
-2.159837 10.928300
-1.524482 9.249538
-0.988552 7.295869
-0.908783 8.056382
-4.318348 8.640206
-2.974473 6.914755
-0.268745 5.587849
0.205684 4.162505
1.570857 5.216691
0.737879 5.069436
5.153706 5.281682
6.409650 6.103448
5.262807 8.506862
4.925906 13.787866
5.420278 12.374141
5.879580 12.195212
5.264039 13.274007
6.163460 13.308494
6.871441 10.815721
6.039565 7.050609
5.585048 2.934986
3.020641 -0.390881
5.618311 -9.047151
9.843499 -13.803709
