-18.968250 11.842098
-9.336707 11.354638
-8.221949 7.100894
-7.568555 4.997645
-7.511179 1.677966
-7.837533 5.082273
-7.549411 2.566808
-8.450799 1.826545
-7.698041 4.204690
-8.672459 1.673437
-8.657089 5.247685
-9.070266 4.517610
-7.671836 7.831888
-3.434174 7.745462
-1.231810 4.427093
-2.417526 2.799129
-2.133791 2.633428
-1.858361 5.504667
-1.961296 6.193532
-4.162712 7.151777
-5.345536 7.007205
-5.894711 6.759672
-5.541051 9.225058
-5.907652 8.772434
-6.571227 7.770857
-5.909873 7.881106
-5.690402 7.977862
-5.294278 6.589785
-3.534854 6.428540
-4.880589 7.048081
-3.502586 6.751338
-1.561191 5.031670
0.178845 4.194946
-2.200443 4.900702
-2.205278 3.243663
-2.086768 3.893814
-1.949979 3.314113
-1.470479 3.967719
-2.468706 2.053530
-2.027989 2.936552
-1.854530 2.835803
-2.249752 2.297542
-2.713441 -0.451542
-4.278507 0.396737
-4.586967 -2.284676
-4.008768 0.241789
-4.595903 -0.229249
-8.151644 5.039931
-9.059626 2.519348
-10.003711 -0.915092
-9.637112 -1.726786
-10.602211 -4.496867
-10.410135 -3.721322
-8.033701 -8.348762
-8.156894 -4.030020
-7.967149 -4.130514
-8.399970 -5.401898
-9.922880 -5.481169
-9.734745 -3.298994
-10.123686 -4.771077
-8.495149 -5.187418
-12.351258 -4.427514
-9.687407 -0.364331
-10.164045 -1.362198
-12.353421 -3.079247
-12.151764 -2.552366
-11.247867 -0.924834
-9.869020 -0.677234
-10.078920 0.526672
-13.620355 -0.464415
-11.009453 0.259734
-9.630207 1.281624
-9.703305 -0.030310
-10.453265 1.459555
-8.101607 2.734646
-8.518642 2.863347
-11.823392 1.599571
-11.343189 -1.414150
-10.200815 -3.743142
-6.239870 -6.191089
-4.192826 -3.852416
-3.242768 -3.349857
-3.882315 -0.454704
-4.201837 -0.334916
-4.528598 -3.055954
-2.638140 -1.526094
-3.363479 0.363467
-3.880604 -2.407071
-3.486953 -1.866529
-4.220015 0.785641
-10.349897 1.660530
-9.045326 2.725662
-7.903502 2.224756
-11.333091 2.322503
-7.874483 1.798443
-8.320841 1.629558
-8.111783 1.694679
-8.552776 2.006539
-7.831830 2.801513
-2.518462 0.461240
-4.372005 -1.595913
-10.316122 2.617544
-10.162647 1.791517
-9.666468 0.737200
-11.441298 -3.135226
-7.541664 -4.839503
-11.434790 -4.845546
-10.904219 -3.138315
-7.049101 -5.674039
-7.013319 -4.334848
-6.448755 -4.501830
-5.634087 -5.815410
-4.281878 -6.129170
-4.331785 -1.649902
-3.996592 -0.820827
-3.321851 -0.022126
-3.380135 -2.787751
-8.200858 2.440114
-9.311463 2.614453
-6.489808 1.292182
-8.088248 2.610611
-8.012365 2.644039
-8.632747 1.247510
-7.538334 3.527817
-9.510607 2.631724
-9.993256 2.688214
-11.287468 0.475797
-9.236892 2.321204
-11.306957 0.449843
-4.348897 -0.705021
-4.480501 0.685337
-2.367751 0.442332
-4.101261 0.266146
-4.252119 1.000179
-5.682539 1.175024
-5.130847 1.162738
-3.409130 7.230340
-1.934019 3.673852
-1.378026 3.592387
-1.690843 2.041403
-4.363305 0.274353
-3.757348 -0.386542
-2.795428 0.914951
-4.570976 -0.019029
-4.486817 -0.970721
-4.451115 0.296841
-2.093943 4.725167
-1.301887 5.937813
-6.942889 1.170449
-5.291232 1.295924
-3.232883 -2.313802
-4.958941 -4.656706
-3.236409 -4.836714
-4.318081 -4.086698
-3.281661 6.660582
-0.383967 5.663459
-10.918554 -1.344797
-9.671507 0.173568
-10.148630 4.560761
-8.860874 2.982741
-7.764021 2.496431
-9.057602 1.211481
-8.747182 2.921897
-10.430401 2.554929
-9.749339 -4.051899
-10.443959 -1.825577
-8.826788 4.140623
-7.999242 1.407823
-8.486261 4.344285
-8.962531 2.735891
-10.941272 2.373562
-9.860907 -2.413587
-9.908816 -5.245937
-3.221443 -3.546054
-3.562631 -3.586230
-3.704533 0.566318
-4.537738 0.254320
-3.842941 -0.393249
-3.397043 -1.933406
-2.906764 -3.785470
-7.553831 -4.618805
-10.180445 -5.033734
-10.397391 -2.115127
-9.965206 -6.222454
-8.333943 -4.327605
-7.758748 -4.362848
-8.640551 2.508086
-8.952034 1.781305
-9.781169 -0.225378
-4.230769 0.515842
-4.435681 -0.277248
-6.332058 1.171869
-8.356016 3.149069
-9.576968 4.204643
-9.888290 1.066856
-9.375082 1.635520
-8.106380 1.148476
-5.038521 1.179276
-9.848562 4.353860
-11.663382 3.678738
-9.257471 2.483551
-9.878969 0.734942
-10.492142 -0.081051
-9.682724 2.263123
-12.353708 -4.618175
-10.044082 1.359219
-7.595410 1.627005
-8.134068 1.994798
-8.819321 3.844167
-8.470690 2.766116
-6.458262 -4.550616
-6.398699 -5.867133
-6.482667 -3.995584
-4.351213 -0.920454
-8.167237 4.841292
-8.638746 3.602818
-8.469419 4.714733
-8.959826 5.343484
-8.543617 3.754046
-8.057549 1.680541
-10.031334 0.426126
-13.131256 5.339974
-10.623795 4.550971
-9.163149 -4.171175
-11.247761 -6.883237
-12.094366 -0.802950
-8.838850 -4.945759
-8.529394 -5.596395
-7.623208 -6.987503
-5.477874 -7.292915
-3.400506 -1.920862
-3.931885 -0.905645
-3.569947 0.440955
-2.946913 0.648333
-4.044834 0.209420
-3.713812 -0.692871
-3.327897 -0.928067
-3.532725 -0.079715
-3.492540 -3.159407
-2.433254 -3.654228
-5.459958 -4.404936
-8.172848 -4.065917
-8.429963 -6.297217
-9.846085 -4.451783
-6.973107 -6.379016
-9.191123 -5.110416
-8.756160 -5.763208
-6.578559 1.216025
-3.639309 0.715400
-2.856579 0.990989
-1.393324 2.076189
-7.869501 3.315763
-9.584042 3.077594
-8.491740 3.794876
-8.794919 6.111790
-7.160521 7.336540
-6.208346 6.363469
-7.790991 8.041661
-7.750996 5.014640
-10.044572 1.680755
-10.700498 -0.876647
-10.254053 1.458153
-8.700309 1.578143
-9.961829 5.007630
-8.297204 3.269141
-8.652475 3.997427
-7.759760 1.761945
-8.199131 1.393029
-9.714084 1.459804
-9.648211 0.436849
-11.305784 -0.325435
-7.662420 3.499296
-9.536980 4.572558
-10.656233 -1.640720
-9.604304 -3.712193
-10.543102 -5.726479
-7.122356 -7.667311
-6.312973 -5.873629
-7.235502 -4.143179
-7.832446 -4.145500
-8.098721 -4.045097
-6.326519 1.123693
-6.625550 1.227317
-8.690594 5.262494
-7.920996 4.870082
-8.862464 4.388773
-8.729153 6.881309
-7.558084 4.680413
-9.223526 3.225038
-8.978938 1.955730
-8.339488 3.750115
-7.851917 3.471957
-8.870520 3.594313
-10.261166 4.742976
-9.520629 1.176542
-7.613433 3.481678
-10.720819 10.449718
-4.635276 9.531835
-5.413640 6.481044
-4.775563 6.492697
-3.237567 8.150769
-1.447024 7.929233
-2.376734 5.659590
-2.086370 3.353355
-1.220626 2.512680
0.455040 3.350772
-2.148402 3.676161
-0.993521 5.607954
-1.812369 3.858810
-9.224536 7.284029
-7.486618 5.080757
-9.478852 3.367889
-7.862512 3.612705
-7.758549 4.825459
-7.490659 5.433098
-7.180624 7.222043
-5.295185 8.401923
-6.340824 7.713336
-6.279453 7.215251
-4.564157 6.523561
-4.559676 7.935295
-5.375927 6.361467
-7.198130 7.254384
-6.303689 6.381403
-5.254444 6.644795
-9.660043 6.100086
-8.146382 3.752629
-9.712542 1.081535
-8.675299 1.629983
-11.458666 1.157474
-12.239699 -2.773458
-10.456513 0.554864
-10.608677 -1.096846
-11.202795 -1.628971
-9.622279 -6.590696
-7.153356 -7.030965
-9.044695 -7.236718
-9.675306 -3.738992
-14.267456 -4.075103
-10.243494 0.627910
-10.443892 0.028881
-11.655504 -0.605225
-11.369188 -3.327251
-13.490540 -6.110629
-6.903839 -6.464201
-7.100127 -4.508433
-6.267277 -5.859351
-6.542716 -7.126157
-5.647823 -4.351508
-5.937441 -6.140300
-7.641183 -5.674265
-10.674765 -5.311955
-11.291781 -3.620524
-7.930786 -5.086772
-5.757850 -4.360097
-5.106540 -4.419262
-3.965375 -3.506019
-3.928262 -0.497775
-4.330844 -0.142820
-3.503466 -1.068763
-3.084796 0.182575
-2.366711 -1.437814
-4.409808 0.753873
-1.667433 0.434419
4.336633 -4.903954
5.694746 -9.514989
5.092184 -11.498998
9.495467 -14.489127
12.570394 -15.674411
