-15.897401 -6.665955
-11.146431 -4.073388
-4.597662 -0.773731
-4.311517 -0.779173
-4.159340 -0.696396
-4.438787 -0.684096
-4.522284 -0.792449
-4.233937 -0.789848
-4.109806 -0.698376
-4.390243 -0.690176
-4.488474 -0.702083
-4.205423 -0.714100
-4.413950 -0.717741
-4.128571 -0.722249
-4.378845 -0.722155
-4.092879 -0.723875
-4.353969 -0.676304
-4.069902 -0.686744
-4.588249 -0.800965
-4.301441 -0.800058
-4.189214 -0.939201
-4.413820 -0.992991
-4.353272 -1.064855
-3.148477 -0.201784
3.615117 6.143696
5.652637 8.322421
7.400517 10.358387
10.238669 14.280273
