-18.555847 -4.642480
-11.541910 -3.714159
-4.218844 -0.678440
-4.495448 -0.655960
-4.214822 -0.646394
-4.493171 -0.612911
-4.497205 -0.607475
-4.218575 -0.642603
-4.542057 -0.629193
-4.263957 -0.661291
-4.326343 -0.667045
-4.596817 -0.633590
-4.251320 -0.636554
-4.527777 -0.597299
-4.581765 -0.662497
-4.302337 -0.689619
-4.140567 -0.684966
-4.419819 -0.670389
-4.186660 -0.664572
-4.465983 -0.639162
-4.447026 -1.114409
-4.469381 -1.201112
-4.538610 -1.377252
-3.663308 -1.273588
-2.240441 -0.993612
5.973611 1.495318
8.828025 2.081064
10.778235 3.412919
10.761134 3.419101
10.932817 3.547396
10.869781 3.489063
10.778349 3.413380
10.761272 3.419672
10.933142 3.548579
10.870163 3.490451
10.779602 3.416876
10.762853 3.423909
10.936847 3.557099
10.874580 3.500297
10.794376 3.439965
10.781822 3.450841
10.983794 3.605648
10.931870 3.552476
10.785622 3.412804
10.995619 3.516998
11.048676 3.535306
11.121055 3.475000
11.795582 3.602204
12.200962 3.619308
13.221159 3.633714
13.819486 3.670192
16.417105 2.216461
