-2.206950 -2.153577
-3.961597 -1.956434
-4.193156 -0.632086
-4.473428 -0.594534
-4.505431 -0.586001
-4.227890 -0.627239
-4.317135 -0.613072
-4.591358 -0.563290
-4.573354 -0.572407
-4.299620 -0.619256
-8.396259 1.107009
-8.635372 1.237940
-8.634945 1.235743
-8.405222 1.108043
-8.603032 1.210616
-8.800988 1.328238
-8.493855 1.157490
-8.712379 1.280505
-8.692043 1.275303
-8.481636 1.157180
-8.816225 1.346091
-8.641009 1.237148
-9.183752 1.131417
-9.323565 1.305334
-9.625259 1.411554
-9.682953 1.046060
-9.758818 0.205852
-9.871794 -2.734935
-12.391176 -3.565530
-18.056108 -4.589126
