18.083706 11.452146
11.316069 3.437500
11.330585 3.567577
11.291288 3.550620
11.270544 3.422299
11.292891 3.561938
11.272413 3.434891
11.296299 3.584437
11.276454 3.459837
11.302495 3.621815
11.283750 3.502258
11.274301 3.447062
11.294494 3.572865
11.291606 3.553952
11.270912 3.426004
11.293985 3.569201
11.273705 3.442941
11.298343 3.596792
11.278913 3.473478
11.305573 3.640748
11.287166 3.524974
9.182534 -7.890851
9.409250 -7.291654
10.486781 -6.736396
10.866192 -7.900052
11.489515 -9.904960
12.277226 -14.707259
