14.350790 17.731030
11.767811 9.039130
11.358335 5.045996
11.304345 2.820196
11.317908 2.356179
11.315335 2.115342
11.339336 1.311691
11.345375 1.587104
11.341113 1.761280
11.325656 1.473266
11.334408 1.738284
11.317456 1.446387
11.332379 1.732747
11.315012 1.439944
11.331817 1.731333
11.314340 1.438315
11.331666 1.730971
11.314161 1.437899
11.331627 1.730878
11.314115 1.437791
11.331617 1.730854
11.314102 1.437764
11.331615 1.730848
11.314099 1.437757
11.331613 1.730846
11.314098 1.437755
11.551406 -3.839526
12.448957 -7.475150
