-5.635973 -16.659651
-8.072201 -10.376616
-9.037328 -8.071051
-9.104426 -8.033851
-9.050951 -8.073962
-9.201014 -8.031211
-9.133229 -8.069247
-9.231872 -8.013690
-9.160957 -8.053854
-9.108191 -8.082957
-9.173175 -8.046971
-9.112872 -8.080418
-9.178422 -8.044015
-9.115202 -8.079155
-9.181024 -8.042542
-9.116357 -8.078532
-9.182320 -8.041811
-9.116940 -8.078219
-9.182974 -8.041443
-9.117230 -8.078063
-9.183300 -8.041259
-9.117374 -8.077986
-9.183462 -8.041168
-9.117452 -8.077944
-9.183547 -8.041120
-13.785443 -1.013175
