-5.489780 11.977582
-6.965288 7.657266
-7.908569 5.275451
-11.110846 -1.846203
-9.132492 -8.031128
-9.072991 -8.072476
-9.132527 -8.031108
-9.073023 -8.072458
-9.132609 -8.031062
-9.073095 -8.072420
-9.132797 -8.030955
-9.073260 -8.072330
-9.133234 -8.030711
-9.073644 -8.072125
-9.134240 -8.030147
-9.074527 -8.071651
-9.136549 -8.028850
-9.076559 -8.070559
-9.141838 -8.025899
-9.081234 -8.068059
-9.154344 -8.019420
-9.092358 -8.062517
-9.205179 -8.028893
-9.136992 -8.067193
-9.127187 -8.079407
-9.195026 -8.043377
-9.140497 -8.072310
-9.209749 -8.035424
-9.144244 -8.070288
-9.213934 -8.033126
-9.145317 -8.069709
-9.215132 -8.032466
-9.145625 -8.069543
-9.215477 -8.032276
-9.145712 -8.069495
-9.215575 -8.032222
-9.145739 -8.069482
-9.215604 -8.032205
-9.145746 -8.069477
-9.215611 -8.032201
-9.145749 -8.069477
-9.215615 -8.032200
-13.277702 -6.018980
-18.916321 -15.301215
