-14.535044 -0.512265
-10.093419 1.698777
-7.897826 2.594319
-5.927490 2.958300
-3.152649 3.018869
0.390966 3.962490
1.506022 4.732655
1.773817 4.814071
1.895270 4.894827
2.601716 5.469737
2.560836 5.256097
2.555441 5.296732
3.054348 5.758870
2.938343 5.475373
2.895515 5.516078
3.278782 5.929883
3.132127 5.622991
3.072399 5.660551
3.245567 5.724937
3.178369 5.758876
3.322136 5.794711
3.249288 5.826739
3.376543 5.842914
3.299848 5.873864
3.414985 5.877209
3.337028 5.907823
3.443387 5.902619
3.364616 5.932827
3.464954 5.921746
3.385719 5.951797
4.594968 8.564096
6.533420 10.688354
9.437180 14.760920
