-6.798038 -11.770474
-8.725145 -12.046861
-11.136074 -12.734796
-11.652618 -11.653126
-11.513052 -11.092546
-12.044744 -11.780654
-11.680616 -10.987494
-11.473562 -10.662683
-11.979220 -11.477132
-11.616049 -10.810895
-11.414143 -10.548212
-11.927050 -11.393533
-11.576859 -10.762406
-11.383169 -10.516116
-11.902119 -11.369395
-11.559430 -10.748430
-11.370074 -10.506608
-11.891991 -11.362021
-11.552546 -10.744178
-11.365007 -10.503647
-11.888147 -11.359669
-11.549973 -10.742826
-11.363134 -10.502688
-11.886738 -11.358893
-11.549034 -10.742383
-11.362455 -10.502372
-11.886232 -11.358634
-11.548701 -10.742233
-11.362217 -10.502263
-11.886053 -11.358544
-11.548580 -10.742183
-11.362129 -10.502227
-15.240755 -17.919298
