-18.682415 -7.805894
-13.023226 -7.233721
-9.216848 -8.061763
-9.280762 -8.036459
-9.216848 -8.061764
-9.280760 -8.036460
-9.216841 -8.061768
-9.280751 -8.036464
-9.216815 -8.061778
-9.280722 -8.036477
-9.216724 -8.061819
-9.280618 -8.036525
-9.216411 -8.061966
-9.280256 -8.036696
-9.215297 -8.062481
-9.278974 -8.037298
-9.211325 -8.064240
-9.274401 -8.039340
-9.196894 -8.069409
-9.258005 -8.045030
-9.140056 -8.070907
-9.192400 -8.042753
-8.399396 -8.088344
-8.033222 -8.043174
-7.329991 -7.881075
10.587439 -8.917365
18.941965 -9.424202
