-2.911091 -18.560862
-2.871786 -11.537177
-1.153309 -7.596244
6.768906 2.977130
6.551437 2.395133
5.337533 4.822351
4.545104 9.448110
5.011000 6.826105
5.480132 6.494053
5.131800 3.698002
7.173225 5.077874
8.262650 4.949980
7.480104 5.310280
8.281191 5.559803
6.073237 5.034832
6.557247 2.828464
6.980977 2.832755
9.306488 4.644791
9.649276 3.430611
9.535926 3.514035
9.087596 4.419141
9.581158 4.200726
7.455553 5.213806
4.215589 4.447920
4.647559 7.440040
7.120589 4.683230
6.967690 5.619115
7.812983 3.921997
6.687032 4.948924
4.184807 9.297479
6.198703 9.457817
5.631806 8.644705
6.197168 11.952696
8.943486 12.498635
18.476543 12.004804
15.785499 7.347109
