13.603186 -13.918001
8.983397 -10.314692
6.779918 -8.801671
4.735267 -7.567147
2.505056 -5.546094
-3.594498 0.557294
-4.153623 0.950576
-3.982792 -0.487641
-4.439835 -0.357402
-4.336057 -0.099029
-4.600569 0.141850
-4.485298 0.071262
-3.920701 -0.250587
-3.693509 -0.324155
-3.769847 -0.130879
-4.318224 0.108203
-4.266282 0.045826
-4.568771 0.170068
-4.462722 0.078423
-3.901034 -0.248326
-3.678199 -0.323555
-3.759618 -0.131255
-4.313348 0.107751
-4.262502 0.045386
-4.566966 0.169686
-4.461352 0.078192
-3.899824 -0.248446
-3.677255 -0.323633
-5.571500 1.300442
-7.650917 1.135668
-7.714438 1.313607
-7.521189 1.547710
-7.613790 1.990082
-7.526196 2.322824
-7.982477 5.192628
-10.138737 6.294046
