8.304608 -7.202583
7.154044 -7.272059
5.895869 -6.168906
3.311806 -4.277800
0.696454 -1.850947
-0.765232 -0.306107
-1.504037 0.454349
-1.715137 0.669626
-1.897171 1.034635
-2.340842 1.357782
-1.799372 1.515054
-1.509958 1.283339
-2.034055 1.522169
-2.407712 1.831391
-2.296679 2.311929
-2.261257 2.656870
-1.800107 4.202348
-2.305557 5.964838
-2.511378 6.493823
-2.739319 6.629776
-3.179589 6.859810
-3.246222 6.674319
-4.835170 6.803585
-6.431269 6.835032
-6.921555 6.827966
-7.148257 6.836627
-7.240385 6.785802
-7.732227 5.810668
-10.087870 6.979571
-16.090149 10.298095
