-18.385048 11.222783
-11.350755 6.555834
-8.635736 5.087125
-7.614004 4.277885
-7.805058 1.811701
-7.951161 1.661443
-8.026102 1.471183
-7.060462 1.170507
-4.450076 -0.368906
-3.799087 -0.488852
-3.603341 -0.576610
-3.704198 -0.574832
-4.110511 -0.474770
-3.977463 -0.563174
-4.113679 -0.535329
-4.533293 -0.375002
-4.440252 -0.369266
-3.785566 -0.488854
-3.586095 -0.575459
-3.685400 -0.573978
-4.088149 -0.474779
-3.952933 -0.562445
-4.087575 -0.536023
-4.509926 -0.377382
-4.413281 -0.371551
-3.748604 -0.491948
-3.538238 -0.579708
-3.633613 -0.584015
-4.024112 -0.502483
-3.883034 -0.622438
-4.218279 -0.571277
-4.594397 0.602136
1.240187 -4.918904
3.362584 -7.375096
5.381260 -8.957112
7.254035 -10.890420
11.153050 -15.443007
