-1.502676 -15.576439
-5.253445 -10.954679
-7.622638 -8.866067
-8.755560 -8.146502
-9.104671 -8.106997
-9.118008 -8.214245
-9.144338 -8.215029
-9.545363 -8.111477
-9.438807 -8.185380
-9.630930 -8.059640
-9.513861 -8.140566
-9.657496 -8.042691
-9.537399 -8.125896
-9.666264 -8.037135
-9.545203 -8.120999
-9.669212 -8.035275
-9.547842 -8.119346
-9.670211 -8.034646
-9.548740 -8.118784
-9.670551 -8.034431
-9.549046 -8.118592
-9.670667 -8.034359
-9.549150 -8.118527
-9.670706 -8.034335
-9.549186 -8.118505
-9.670719 -8.034326
-9.549198 -8.118497
-13.160662 -4.653661
-17.639128 -1.453703
