6.185302 9.282757
4.459038 6.657523
3.945899 5.653478
3.937137 5.647119
3.923167 5.637071
3.900915 5.621141
3.865403 5.595942
3.807919 5.556479
3.716966 5.492865
3.575881 5.383466
3.356313 5.184355
3.006714 4.777081
2.374848 3.735082
-7.127085 -7.204407
-7.834209 -7.925882
-8.273302 -8.230771
-8.273299 -8.230769
-8.273291 -8.230765
-8.273261 -8.230748
-8.273171 -8.230693
-8.272883 -8.230501
-8.271974 -8.229838
-8.269119 -8.227520
-8.260267 -8.219381
-8.233191 -8.190650
-8.077584 -8.093759
-8.927838 -8.834168
-13.056444 -14.371420
