-14.312169 -5.339573
-9.751909 -8.015018
-9.583039 -8.139184
-9.504093 -8.179789
-9.606078 -8.125972
-9.565987 -8.143064
-9.677127 -8.082508
-9.748242 -8.016999
-9.579741 -8.140982
-9.494740 -8.184958
-9.595269 -8.132064
-9.536723 -8.158454
-9.643606 -8.100278
-9.652020 -8.050548
-9.715797 -8.027161
-9.195983 -8.168571
-9.236203 -8.090885
-8.608764 -8.175314
-8.632916 -8.244549
-8.541896 -8.193774
-8.423154 -8.021544
-8.517099 -8.181129
-8.569940 -8.246109
-8.535363 -8.194360
-8.416403 -8.022159
-8.516389 -8.181216
-8.569447 -8.246150
-8.535314 -8.194366
-8.416351 -8.022165
-8.516385 -8.181218
-8.569445 -8.246150
-7.718886 -6.331254
-6.741071 -5.004704
-6.091556 -3.922452
-3.697020 -2.181246
-3.702167 -2.181461
-3.703513 -2.187723
-3.709821 -2.189339
-3.714766 -2.199049
-3.723089 -2.202720
-3.734146 -2.218162
-3.745900 -2.224996
-3.766926 -2.249641
-3.784342 -2.261586
-3.821960 -2.298983
-3.849773 -2.315461
-3.916434 -2.363452
-3.965047 -2.376644
-4.081829 -2.418216
-4.175743 -2.399370
-4.391582 -2.384290
-4.553237 -2.498211
-4.342802 -1.830813
-3.530798 -1.081993
-2.810165 -0.150900
-1.169044 1.316692
-0.346894 3.438086
0.906720 4.558712
1.639579 5.549077
1.601357 5.612436
1.430778 5.784640
2.004259 5.491679
2.230599 5.915178
2.919576 5.482934
2.710888 5.183908
3.311337 5.751808
3.313406 5.618400
3.247958 5.718071
3.446553 5.463915
3.234199 5.190934
3.634156 5.791484
3.590545 5.674931
3.512699 5.791855
3.631141 5.591355
3.433284 5.327527
3.763191 5.904086
3.720378 5.787752
3.650244 5.910206
3.760370 5.741858
3.581319 5.487126
4.490774 8.238666
4.362911 8.260167
4.528863 9.249580
4.708201 9.949282
4.811820 10.102055
4.912581 10.254811
4.930706 10.251081
4.983389 10.306699
4.968367 10.274696
5.004349 10.314662
4.979244 10.278140
5.010235 10.315702
4.982246 10.278537
5.011825 10.315785
4.983052 10.278548
5.012243 10.315772
4.010615 11.059886
