18.571976 1.756022
14.207949 3.201153
13.700152 3.568521
12.991192 3.625317
10.632419 1.635787
13.163210 1.817574
8.100964 3.172548
9.606606 3.899908
11.253956 2.177156
9.642650 1.908227
9.484051 5.392832
8.974993 3.334301
9.662482 7.271703
7.919555 7.036453
10.346328 9.521358
10.970895 9.845900
13.767813 8.871919
11.897241 9.394258
13.307087 10.303905
7.700978 9.867101
8.751979 8.234024
7.476439 5.343295
8.299636 3.216775
7.934563 1.434340
8.119042 5.068408
9.307615 6.184427
8.528481 7.222922
8.015888 3.241241
9.635001 2.743141
7.600811 7.881577
9.132038 7.785879
8.807445 6.580167
9.518613 3.522933
7.962475 7.042396
6.868969 8.480393
7.604697 7.213754
9.088171 7.425635
8.514950 11.347169
11.677888 9.054015
9.845803 12.354754
9.803554 5.718391
8.844147 3.349360
10.234260 1.945970
13.047046 1.082854
16.197683 3.559747
16.079395 8.156302
16.198193 5.749160
15.419393 5.021080
16.253084 5.053008
19.100718 7.264957
17.422180 5.655315
13.761496 10.876689
12.617077 10.704047
13.606857 13.730962
9.967854 9.177888
8.730906 6.728238
4.519221 5.025414
9.116039 5.307134
8.812832 7.323455
5.145005 11.060065
1.512523 10.221425
2.506014 9.287500
3.299285 10.022678
2.541052 9.402143
4.713472 9.239150
4.452311 9.072064
4.754617 10.609250
5.258770 7.911478
-0.415480 10.112350
1.541091 10.878480
1.600785 10.543971
1.785811 8.787006
-0.931486 11.071354
-4.086872 11.685100
-4.416512 10.632644
-3.068680 10.168324
-1.630320 12.228909
-3.612054 10.686179
-1.537299 11.138574
2.176572 10.533163
1.164989 8.158014
3.384510 10.529178
2.069218 8.848244
6.337558 9.985070
6.136768 12.766831
5.344002 13.880828
5.425756 16.539711
2.253516 16.336588
0.856820 16.611988
-1.862706 12.479858
-1.774128 8.351069
-0.442775 9.558497
-2.981488 11.000863
-1.282698 14.831430
-3.732390 12.720716
-3.629712 12.870156
-2.530307 11.615031
-1.789810 15.261577
-1.413832 11.593429
-1.420447 8.886901
6.554909 11.613826
11.705246 12.381600
6.741288 11.092980
7.002461 8.729188
-3.665790 11.744490
-2.486223 11.868393
-0.341251 8.993305
1.861892 9.800002
-0.434964 10.722138
0.218156 10.611005
-4.738070 9.706319
-1.913518 8.063929
-1.354260 11.333870
-1.095340 14.176790
-1.166596 13.983940
-2.973558 15.688804
2.807000 16.841070
3.185012 16.319113
0.757038 17.958910
4.646332 19.504374
2.101898 16.585154
