-4.790350 -8.900004
-6.125379 -7.503789
-7.013851 -6.884909
-7.398423 -9.061440
-7.245905 -7.002996
-6.365978 -4.545045
-7.668828 -5.303895
-4.115664 -3.710732
-5.594356 -6.011552
-7.878263 -5.301702
-6.087824 -6.471991
-5.947289 -8.519683
-7.379328 -9.042344
-7.313445 -5.376694
-7.878102 -7.758520
-7.536003 -6.855859
-4.745797 -5.870030
-4.070450 -3.061694
-4.580212 1.229513
-1.673504 0.696996
-1.665187 1.230536
-2.602039 -0.590556
-4.051029 -0.008625
-2.020139 -1.168119
-2.380598 -2.595512
-2.597388 -0.319152
-3.978054 1.056710
-6.533772 3.150930
-7.875231 3.003911
-8.352997 1.896140
-9.959866 1.583554
-9.928230 -0.492662
-10.284329 1.406653
-7.321166 1.508538
-6.639523 2.521473
-5.273578 2.289254
-2.160249 0.495021
-2.833171 0.896213
-4.457422 0.900275
-4.212754 1.957453
-3.436918 -0.945901
-4.489707 -0.427046
-2.933691 -3.950041
-5.762402 -5.150454
-5.948246 -5.433608
-7.137619 -5.320379
-7.273058 -5.559168
-6.040158 -5.561271
-5.681897 -6.150910
-5.466432 -6.165119
-7.094323 -3.908661
-5.985014 -4.478124
-7.275165 -6.071383
-7.641997 -6.273818
-7.811713 -5.675230
-6.173420 -6.919389
-7.351146 -8.880096
-7.988916 -10.899789
-8.993881 -8.127878
-6.347935 -8.523159
-4.017691 -5.864935
-7.009617 -5.392548
-7.807634 -5.292055
-6.894076 -6.173240
-3.022216 -2.388808
-4.341841 -1.824571
-4.252593 -0.588495
-4.069170 -0.753982
-7.636172 2.301768
-4.824209 1.657918
-6.945804 2.197587
-6.494183 1.238714
-6.015996 1.224423
-9.066290 1.394047
-6.806856 4.117960
-13.029083 -0.498217
-12.990310 -3.714311
-10.720600 -2.040636
-11.206574 -1.893142
-10.332423 -0.991187
-9.814188 -1.140875
-11.569488 -0.377386
-11.477651 -2.285405
-14.092075 -6.065149
-10.741274 -8.851188
-10.459160 -8.811904
-7.411673 -7.244940
-6.987457 -7.321969
-6.793998 -7.424512
-7.873901 -7.243845
-6.468688 -5.692038
-6.862345 -6.518504
-6.445842 -6.236967
-6.345260 -4.487253
-5.731062 -4.653171
-4.832933 -5.909880
-4.211113 -2.876352
-4.000825 -3.292896
-3.134977 -2.718535
-2.456034 -1.224946
-4.567352 -1.893075
-4.419125 -2.021459
-4.144897 -1.979113
-2.944350 -2.923435
-4.348286 -5.280552
-5.930881 -6.448888
-5.767601 -5.276371
-4.965857 -6.442644
-7.888596 -5.075644
-6.349952 -4.348923
-7.620796 -5.745024
-6.822039 -6.421690
-5.762609 -7.886014
-5.935649 -7.939345
-8.322886 -8.404965
-5.285881 -7.905991
-7.856288 -7.116006
-7.738810 -8.720366
-7.833151 -8.985582
-7.358769 -7.730492
-14.950691 -5.876206
-13.392859 -7.759655
-12.175968 -8.427600
-10.128786 -2.697584
-11.624561 -1.763874
-9.942451 -0.395587
-10.877721 -0.053076
-10.711595 -0.749252
-9.737967 0.147198
-12.378477 1.798707
-8.436248 1.686898
-7.989370 2.901719
-8.465669 1.430848
-8.095827 2.320398
-9.121228 2.197181
-10.394426 0.646145
-9.362255 1.253734
-3.677685 1.608668
-2.961915 0.641151
-3.277410 -2.252717
-2.826670 -3.161018
-4.329912 -2.595385
-4.106031 -1.830182
-2.729512 -2.217532
-4.280279 -2.535712
-3.568130 -1.505199
-3.287560 -4.241683
-5.401023 -4.133099
-6.597931 -3.893485
-5.492074 -5.462405
-3.224453 -3.492367
-5.145207 -5.607992
-5.707014 -5.306536
-7.050181 -6.032979
-7.399563 -7.049142
-6.847275 -7.851419
-7.177057 -5.691579
-4.700768 -6.787172
-5.140999 -5.695152
-4.770328 -5.457633
-7.367934 -9.364621
-7.948451 -9.942131
-8.157028 -8.190274
-9.883968 -8.133492
-13.695271 -10.639945
-12.971319 -6.570652
-13.562031 -10.248116
-10.778708 -8.501105
-15.882292 -11.740365
-18.032276 -6.678703
-12.467689 -9.405639
-13.169618 -7.887668
-14.205412 -8.772860
-10.517351 -8.163819
-10.761201 -8.121144
-8.629484 -8.899156
-9.387018 -10.247432
-9.091853 -9.217645
-6.767011 -7.345522
-7.134932 -6.916728
-7.194886 -7.894644
-7.904721 -10.139613
-8.984407 -9.801089
-13.430673 -6.816220
-14.592078 -4.205766
-13.618591 -4.088940
-12.863048 -0.876606
-9.542997 -8.063895
-6.560235 -10.467366
-7.184479 -8.769075
-6.762627 -7.715356
-8.082725 -8.181257
-6.575440 -7.432593
-9.706030 -9.035450
-12.221045 -11.938870
-17.625340 -10.181078
-12.924207 -10.352913
-13.393243 -4.429797
-13.661627 -5.815704
-14.355268 -5.664900
-11.637176 -9.770952
-10.349691 -9.544690
-7.062534 -7.421297
-7.822790 -6.110709
-7.314589 -7.050049
-7.600367 -6.539211
-5.951170 -8.496610
-9.567175 -9.302243
-9.437192 -8.950663
-12.907076 -5.202989
-13.456333 -7.227890
-13.110500 -5.254771
-17.467415 -7.569266
-13.982867 -0.560828
-11.385790 -1.522453
-11.523368 -2.294840
-10.981795 -2.789989
-9.774669 0.577038
-10.972195 0.097998
-12.777079 -2.255327
-13.225849 -3.604416
-19.354565 -3.106016
