-15.078101 2.535449
-11.314388 3.389756
-10.377925 -1.236004
-10.493812 -2.044683
-10.693722 -0.217921
-10.187965 -2.866599
-10.292415 -0.808849
-11.993870 1.441809
-10.592968 1.803385
-9.202897 1.356508
-9.815793 1.514518
-10.359377 -1.057418
-8.191123 -8.437468
-6.396764 -7.680719
-4.464729 -2.801682
-1.878185 -0.805670
-2.218326 -0.326649
-4.581671 -3.127203
-4.529337 -5.531725
-6.433278 -6.325657
-5.187691 -5.657902
-6.548592 -4.641608
-5.943511 -6.046766
-7.075032 -4.184080
-7.728430 -7.447221
-7.512171 -6.958611
-7.087130 -5.830546
-7.638215 -8.170754
-8.584963 -8.113933
-8.376096 -8.443060
-11.713868 -8.615823
-5.411640 -9.261352
-7.860948 -9.971694
-13.288553 -9.475670
-13.493122 -7.076212
-13.850592 -12.993453
-8.822612 -9.706677
-8.970097 -9.117745
-12.029730 -8.888505
-10.492065 -11.101209
-10.227409 -9.893775
-11.439165 -10.303920
-6.326472 -7.658439
-6.891003 -7.824650
-7.274602 -3.920933
-5.575276 -6.326913
-5.092760 -4.067735
-7.687565 -5.718638
-5.783766 -7.289640
-11.643991 -9.772044
-9.006874 -8.542006
-6.729473 -9.097003
-6.145567 -6.140965
-7.848438 -4.040760
-4.307296 -5.847849
-2.572382 -4.266191
-3.276891 -5.719395
-2.678252 -4.479599
4.860164 -10.385439
8.903453 -9.042556
15.634052 -10.885447
