18.673923 15.332117
17.175812 11.084289
15.478929 4.571606
15.429784 9.487506
17.632380 8.295776
15.339231 11.222133
10.791313 10.530065
10.547847 9.223146
8.868645 10.016113
9.632232 5.937628
7.134563 4.966853
10.070141 2.595714
12.149931 3.610023
11.811256 3.091358
9.767821 2.552039
10.694082 1.497554
10.311496 2.559788
6.792536 1.095718
7.051956 0.935676
6.013297 0.474860
6.659963 0.240949
7.468722 3.944200
6.756042 3.580319
7.203447 4.812239
3.748954 -6.223839
-0.010704 -9.648570
0.746674 -14.973770
