4.415440 15.000418
6.750825 11.747370
10.469375 12.200694
9.084621 6.279335
5.784448 5.132096
13.674439 1.788839
10.244625 2.067101
9.381388 1.657546
9.051359 2.956820
7.806556 6.004215
6.511669 1.572579
6.700196 0.582696
8.667465 3.179126
10.569170 2.190545
5.636173 2.233471
3.734319 0.770838
4.958658 -0.848796
3.756922 -1.452425
2.948033 -2.043589
4.749207 -5.149786
5.256888 -4.133180
3.834420 -7.710276
2.223048 -7.478262
0.021691 -9.998071
2.480170 -11.928085
2.431396 -10.159247
1.852072 -11.568908
1.608700 -7.101180
3.094175 -7.133508
4.830930 -7.674008
2.037711 -7.941463
1.556867 -12.512667
4.344052 -14.129024
7.205587 -13.229981
13.832200 -16.240820
7.926317 -11.162108
8.538664 -10.545038
8.019660 -8.916657
8.442182 -7.665281
4.338954 -6.339961
4.731283 -5.075323
2.460759 -3.745452
4.575525 -3.912623
3.878045 -1.828481
3.866218 -5.930014
5.297874 -5.667549
5.229125 -6.181227
8.729406 -7.957386
9.109583 -11.942892
11.842413 -10.595729
12.104084 -9.173036
12.847666 -8.955686
15.298211 -8.660963
