6.858100 0.901634
5.775510 -1.343907
6.119318 -6.501132
7.013447 -8.021622
5.578564 -7.484867
5.901401 -4.564411
5.573324 -3.248350
6.028942 -3.726982
4.522564 -7.072643
5.724854 -6.381134
5.617537 -6.006810
5.241829 -6.395609
2.328386 -8.256564
3.993232 -6.582493
4.722384 -6.355754
6.160578 -4.571935
5.112469 -4.944194
6.124117 -0.314497
5.028977 0.096381
8.348147 -9.896098
8.414141 -6.811249
8.280928 -9.439712
8.261830 -9.442075
9.761670 -9.226847
8.069947 -9.112327
9.190746 -8.558892
12.090163 -8.288026
13.050139 -10.032330
