13.978160 3.029866
15.608031 1.254039
15.068182 8.367236
15.384955 10.717134
12.204168 10.619837
14.697121 9.448787
6.342633 9.460270
10.567049 9.287310
10.356171 9.936934
8.515564 8.934072
9.530412 6.008915
8.103798 6.621507
8.596544 6.749237
7.654243 1.621939
11.256810 2.607565
11.382786 2.735045
10.405087 3.340076
8.707824 3.052416
9.253569 4.851427
8.012494 3.896332
8.283651 5.548105
9.461587 5.654244
7.736590 4.434774
11.316475 3.034090
11.487086 3.451798
10.248793 3.190928
9.120357 2.791790
9.128786 6.017807
9.807537 6.926552
9.545780 5.968302
8.901999 7.928400
9.610606 8.280260
8.830863 5.203164
7.830511 7.435359
8.584569 6.434698
9.728652 7.001431
9.128622 3.997206
8.027944 9.552123
10.214615 9.563493
15.270483 14.070985
11.820892 11.563802
10.112147 9.894134
12.199173 10.460083
7.121198 8.536478
9.586743 10.753676
11.913857 12.182159
8.846973 8.958891
9.163896 7.838239
9.656592 7.629242
9.534856 3.127829
9.752468 3.698299
10.358098 2.987326
8.681393 3.476120
9.449680 4.512310
9.142823 4.950000
8.295978 3.253246
9.348181 5.000614
7.602482 6.240494
11.621732 11.980712
