8.964589 -14.940410
4.647069 -13.901671
5.081860 -15.915847
5.731044 -13.277258
4.808023 -7.372234
6.722397 -6.908083
4.225551 -6.836358
3.929965 -6.183556
1.737465 -11.002627
9.191564 -9.113491
8.655675 -8.605231
7.857264 -12.308999
8.189893 -12.140919
9.050522 -9.030172
6.712411 -7.210767
2.819593 -7.428347
0.789707 -11.745654
1.833409 -9.040553
6.089188 -7.050773
8.447668 -10.681625
9.520915 -11.042961
8.094186 -9.558955
9.385345 -8.487378
8.346988 -9.425480
8.221241 -11.050941
9.548836 -11.315406
11.612097 -12.283801
7.936813 -10.064137
9.048440 -10.541871
12.610453 -8.979218
9.871586 -10.115209
7.176506 -7.185595
3.264894 -7.835775
3.436232 -7.232509
3.437846 -7.777144
3.345383 -6.650031
3.121151 -6.740377
4.553917 -6.575486
4.823194 -5.342418
3.109543 -3.844418
2.327662 -10.536398
0.661053 -9.426883
2.794583 -8.556612
1.722594 -10.465791
2.642439 -7.963897
6.663719 -8.078704
5.090140 -4.440043
2.408121 -7.137148
0.063676 -11.110250
-0.300625 -9.529698
2.293683 -10.600812
2.638690 -9.092940
-1.047092 -9.333204
0.726818 -10.163678
3.057054 -7.757612
2.197094 -8.443879
2.500818 -7.831586
6.899007 -7.872026
6.009869 -7.736991
5.972009 -4.640511
5.215630 -6.193842
3.730988 -8.125203
4.980138 -8.128687
1.155810 -8.218992
1.450319 -6.488127
3.498308 -7.908220
2.812841 -5.799904
2.973765 -8.191863
-0.718735 -9.635200
2.273216 -10.485318
2.352965 -8.829295
0.115249 -8.939854
-0.153623 -11.197753
1.084600 -10.598401
-2.956307 -10.063469
2.586000 -9.983513
0.532057 -7.300161
3.778998 -7.018274
5.822650 -7.107394
6.289794 -8.029015
4.431533 -8.197968
3.767100 -7.662405
4.895499 -7.718155
6.170346 -6.001046
4.717862 -6.796576
5.858611 -8.074492
3.573426 -5.417625
