-18.701399 5.743353
-9.823919 1.350762
-9.294665 2.793166
-10.608196 6.559551
-5.215693 6.333970
-6.221896 5.997491
-4.406330 6.321495
-6.039598 7.020388
-3.453803 7.176748
-1.607123 3.670212
-2.712825 6.144928
-2.671087 5.556903
-2.981841 6.748580
-5.140354 6.426064
-4.850803 6.671228
-4.200994 7.140700
-1.711407 4.700801
-2.957530 3.513159
-1.313995 2.548778
-1.774815 0.377817
-1.124427 0.151565
-4.000872 0.438436
-4.500331 0.899397
-2.486973 -0.134343
1.648981 2.079970
4.395972 2.272551
5.968795 2.677009
