13.781981 10.794838
7.392876 9.959601
6.077422 6.777974
4.613033 8.652297
4.431978 8.077302
5.705245 8.411986
8.086192 5.247400
5.011407 7.817488
5.465256 7.115723
4.598600 7.208613
5.202065 4.219240
2.014704 4.947165
1.503790 4.903017
-0.433092 5.231578
-3.105138 11.031743
-2.426271 11.173802
-1.467343 10.048597
-0.739462 11.299424
-2.591809 9.740812
-1.310946 6.981713
-3.033093 10.341121
-1.984782 9.788283
-1.874242 7.955175
-1.457649 6.396767
-1.655818 8.169930
-0.860372 7.043614
-1.425416 6.308539
-0.315817 3.713515
0.980971 4.386445
2.511620 4.024529
3.518795 5.580065
4.072423 5.550259
2.349910 5.247945
-4.730504 -5.951089
-7.503100 -7.122120
-8.691567 -8.019641
-13.029430 -12.771562
-17.670361 -14.362978
