10.891741 -15.922976
7.177765 -16.563280
2.151673 -14.452995
2.272613 -10.978778
1.758414 -7.327791
2.256106 -12.736667
2.881597 -13.403863
0.754951 -9.884583
-0.062262 -8.900554
3.903286 -7.861616
1.321669 -7.470661
-0.643454 -3.784044
-6.295127 -0.046772
-7.834605 -0.641722
-4.987070 -0.450242
-5.985137 -2.965500
-5.672906 -0.837276
-6.664288 0.063354
-4.844374 -1.159694
-4.788871 0.617074
-3.569649 -0.343278
-4.198339 -1.863564
-6.605708 -0.470276
-1.983893 -1.233585
-2.364598 0.539291
-4.042717 0.917123
-3.361845 0.829215
-5.485641 0.369010
-5.370856 -0.580238
-2.948466 -1.391894
-3.006390 1.917327
-3.141822 3.004560
-2.571083 3.843677
-2.440054 4.410206
-3.482160 8.601577
-5.869299 7.862669
-5.081253 6.197056
-5.885879 8.504838
-6.042882 7.583802
-6.754559 7.212202
-7.818814 7.495591
-8.956579 3.644688
-8.391810 3.882854
-8.281300 1.754007
-9.192341 4.913210
-8.914028 4.762053
-14.998724 7.027234
