12.444360 9.229231
10.495104 8.921542
9.627658 8.885748
9.698739 8.757323
9.667461 8.623714
9.748895 8.327392
9.726449 7.875272
9.755684 7.117612
9.648653 7.237362
9.778255 6.644776
9.700019 6.803426
9.723298 6.783410
9.623253 6.978746
9.646722 6.918297
9.775969 6.650828
9.788625 6.662485
9.685943 6.867043
9.698722 6.829204
9.828663 6.557740
9.830536 6.583533
9.727198 6.792721
9.730826 6.773099
9.630201 6.969274
9.651266 6.910686
9.780574 6.643025
9.792118 6.655992
9.689353 6.860919
10.728679 3.033665
9.916798 1.402748
9.066474 1.648193
9.002862 1.391019
8.882143 1.508951
8.961617 1.748269
8.920336 1.707282
8.841850 1.460499
8.713088 1.446422
8.804343 1.683206
8.700300 1.544417
8.606489 1.304200
8.185744 1.516198
7.765931 1.501241
7.513221 1.531058
7.450443 0.982328
7.352802 1.153868
7.296745 -0.459063
6.273782 -0.922042
6.299581 -3.168601
6.387553 -3.983603
6.178268 -5.516861
6.015776 -6.840086
6.600928 -7.253161
7.182889 -7.189986
7.924487 -7.592212
8.987865 -7.309498
9.567038 -8.533950
10.566634 -10.650908
12.595862 -16.788479
