13.157594 -11.097035
9.610682 -9.309950
7.843506 -8.905617
8.061981 -9.632339
7.936280 -9.552974
8.012851 -9.707076
7.877827 -9.653821
8.008959 -9.708241
7.873133 -9.655557
8.008167 -9.708125
7.872208 -9.655473
8.007981 -9.708090
7.871990 -9.655442
8.007938 -9.708081
7.871940 -9.655435
8.007926 -9.708080
7.871926 -9.655433
8.007925 -9.708079
7.871924 -9.655433
8.007924 -9.708078
7.871923 -9.655433
8.007924 -9.708078
7.871923 -9.655432
5.552001 -7.203039
-2.531685 7.286330
-3.854569 9.804889
-6.239594 14.581036
