-18.884905 -7.609811
-12.093919 -4.655305
-9.088454 -3.324092
-6.481812 -1.801498
-3.753787 -0.694961
3.363192 5.778549
3.637619 5.695401
3.734911 5.750511
3.820209 5.691442
3.828563 5.762659
3.864923 5.701659
3.852749 5.771093
3.877001 5.707779
3.859634 5.774896
3.880623 5.710455
3.861792 5.776437
3.881801 5.711519
3.862515 5.777031
3.882203 5.711925
3.862767 5.777255
3.882344 5.712078
3.862856 5.777339
3.882394 5.712133
3.862888 5.777369
4.389590 6.395534
4.825588 7.012127
5.580973 7.554126
7.708034 8.766776
10.411127 10.635848
18.182980 14.857721
