-8.062675 13.493726
-4.039664 10.178220
-1.885612 8.843179
-0.982073 6.629771
-0.756785 6.540380
-0.698145 6.114329
-0.775069 5.834352
-0.634855 5.794223
-0.269540 5.848051
0.552525 5.437007
1.090882 5.470736
2.432599 5.885760
4.007297 5.425362
6.302968 5.378298
8.849315 4.775365
9.795869 4.600502
9.718469 6.807250
9.832889 6.573445
9.699297 7.003327
9.841774 6.754799
9.651637 7.086260
9.792867 6.842580
9.622830 7.128959
9.762283 6.888417
9.849029 6.743055
9.745591 6.912751
9.838906 6.758026
9.736206 6.926507
9.832813 6.767031
9.730646 6.934579
9.829218 6.772338
9.727334 6.939377
9.827088 6.775479
9.725349 6.942252
9.825812 6.777350
9.724170 6.943953
11.230610 3.563064
15.443484 1.295179
