-3.220802 -7.387662
-0.930231 -8.900268
1.140777 -9.645129
7.994901 -9.836871
7.849038 -9.818782
7.994904 -9.836872
7.849041 -9.818783
7.994906 -9.836871
7.849043 -9.818784
7.994912 -9.836872
7.849051 -9.818784
7.994937 -9.836873
7.849082 -9.818784
7.995023 -9.836879
7.849187 -9.818787
7.995323 -9.836897
7.849554 -9.818796
7.996355 -9.836968
7.850820 -9.818837
7.999782 -9.837449
7.854921 -9.819301
8.013053 -9.840018
7.870774 -9.821977
8.049564 -9.873471
7.912838 -9.862700
10.012968 -12.231105
18.309010 -15.862105
