-6.039607 -17.899397
-4.305240 -9.961991
-3.257902 -6.318593
-1.633158 -2.596539
0.918155 3.962821
1.999031 5.206892
2.443061 5.876298
2.325061 5.859540
2.202698 5.947731
2.215510 5.487807
2.431246 5.771698
2.549706 5.687361
2.331580 5.410815
2.504343 5.550723
2.709951 5.870583
2.551092 5.534495
2.758500 5.820076
2.902894 5.951084
2.707423 5.694005
2.654360 5.607159
2.856825 5.896996
2.775576 5.722058
2.558128 5.440834
4.390098 8.331027
4.528477 8.422423
4.460885 9.053250
4.667110 9.094693
4.226559 14.076337
