6.731827 -1.273167
10.023319 1.424953
9.886744 1.353715
9.789023 1.298558
9.977610 1.390468
10.023012 1.424848
9.886430 1.353615
9.788220 1.298305
9.976803 1.390201
10.020923 1.424152
9.884276 1.352960
9.782700 1.296674
9.971259 1.388483
10.006655 1.419997
9.869465 1.349168
9.744576 1.289516
9.933622 1.380446
9.907369 1.412242
9.765011 1.346832
9.471287 1.389517
9.344107 1.376374
9.044795 1.345870
8.879556 1.511986
9.193086 2.329960
10.569852 5.203677
10.994743 5.590284
10.992954 5.570248
10.992636 5.542423
11.003564 5.454926
11.016778 5.493210
11.027503 5.410088
11.027436 5.475198
11.007846 5.653188
10.976587 5.579362
10.987010 5.489124
11.008655 5.507287
11.019638 5.422972
11.024302 5.480335
11.034849 5.398107
11.030303 5.470515
11.010696 5.648399
10.977906 5.577124
10.988326 5.486960
11.009195 5.506385
11.020157 5.422150
11.585263 7.185939
15.752125 11.622868
