-13.917382 10.877330
-10.728926 5.687952
-9.482914 3.432731
-9.028675 1.755001
-9.931241 0.797779
-9.917542 0.085278
-9.636909 -1.286412
-9.805857 -2.168141
-9.526563 -8.108981
-9.444790 -8.260603
-9.526486 -8.109035
-9.444722 -8.260648
-9.526285 -8.109170
-9.444543 -8.260763
-9.525765 -8.109519
-9.444082 -8.261061
-9.524416 -8.110431
-9.442886 -8.261835
-9.520924 -8.112785
-9.439812 -8.263811
-9.511867 -8.118878
-9.431856 -8.268921
-9.488223 -8.134469
-9.535809 -8.022696
-9.422709 -8.176916
-9.462566 -8.069596
-9.216363 -8.304551
-9.238017 -8.190680
-8.596576 -8.015038
-8.561516 -8.074162
-8.463871 -8.016258
-8.489099 -8.076145
-8.449656 -8.017982
-8.481388 -8.077143
-8.448164 -8.018272
-8.480579 -8.077301
-8.448009 -8.018310
-8.480494 -8.077321
-8.447992 -8.018314
-8.480486 -8.077323
-8.447990 -8.018315
-8.480485 -8.077324
-8.447990 -8.018315
-8.480485 -8.077324
-8.447990 -8.018315
-8.480485 -8.077324
-7.673923 -6.097388
-7.117030 -7.592422
-6.108171 -10.605363
-3.653601 -18.654318
