-19.250780 -19.984465
-12.823734 -10.804635
-12.766068 -10.748149
-12.822154 -10.804179
-12.763833 -10.747526
-12.818938 -10.803276
-12.759281 -10.746301
-12.812376 -10.801499
-12.749988 -10.743897
-12.798957 -10.798039
-12.730961 -10.739255
-12.771429 -10.791417
-12.691820 -10.730386
-12.714806 -10.778731
-12.610804 -10.713608
-12.597807 -10.754317
-12.440470 -10.681544
-12.353747 -10.708504
-12.077505 -10.622819
-11.838121 -10.635997
-11.272631 -10.548929
-10.684399 -10.554935
7.949028 4.216207
