-9.821463 5.826566
-7.934404 6.161445
-6.201979 5.973544
-5.099944 6.341725
-4.121696 6.253684
-3.445385 6.510816
-3.123063 5.873423
-2.756228 4.438859
-1.983422 4.232496
-2.078812 3.854965
-2.457762 3.587798
-2.220468 3.088321
-1.764261 2.964283
-1.122685 3.202318
7.207347 0.255519
9.583929 1.361726
9.538776 1.341514
9.368591 1.276460
9.584354 1.361878
9.539270 1.341681
9.369205 1.276655
9.585235 1.362191
9.540295 1.342024
9.370479 1.277056
9.587058 1.362827
9.542413 1.342718
9.373114 1.277857
9.590836 1.364094
9.546795 1.344085
9.378556 1.279409
9.598735 1.366511
9.555986 1.346609
9.390024 1.282133
9.615502 1.370551
9.575670 1.350541
9.414929 1.285721
9.652570 1.374878
9.619725 1.353359
9.471432 1.284182
9.738956 1.365920
10.494377 1.600451
11.503596 1.570595
11.553807 1.353551
12.041318 1.606062
12.207692 1.288618
12.212615 1.309637
12.192908 1.422076
12.208718 1.356992
12.191231 1.441349
12.208343 1.363868
12.191060 1.444159
12.208318 1.364881
12.191046 1.444575
12.208319 1.365032
12.191047 1.444637
12.208319 1.365055
12.191047 1.444645
12.208320 1.365058
12.191047 1.444648
12.208320 1.365059
12.191047 1.444647
12.649965 0.348288
13.701481 -1.836952
18.596527 -7.007497
