-15.331524 -17.696938
-11.275613 -10.471386
-11.258284 -10.425283
-11.280401 -10.473212
-11.265204 -10.428016
-11.290607 -10.477545
-11.279900 -10.434562
-11.312129 -10.487943
-11.310653 -10.450456
-11.356668 -10.513267
-11.373563 -10.489425
-11.446114 -10.575488
-11.496931 -10.585834
-11.616313 -10.729156
-11.723396 -10.822759
-11.914433 -11.109374
-12.087112 -11.386430
-12.376425 -12.018074
-11.428281 -9.700171
-9.788626 -8.128753
-9.687187 -8.236407
-9.641288 -8.187793
-9.745899 -8.043770
-9.685057 -8.153363
-9.597067 -8.261778
-9.617451 -8.204412
-9.718678 -8.062790
-9.675831 -8.160007
-9.588778 -8.267799
-9.614723 -8.206397
-9.715534 -8.065125
-9.674742 -8.160796
-9.587810 -8.268510
-9.614403 -8.206632
-9.715164 -8.065401
-9.674612 -8.160891
-9.587694 -8.268596
-9.614363 -8.206661
-9.715120 -8.065435
-10.644099 -2.974428
-9.879465 -1.200248
-9.546604 1.565472
-8.627483 4.707478
-8.134798 6.308165
-7.951803 9.105083
-7.935746 16.538961
