-1.819398 -6.044982
-3.305924 -3.704613
-3.968629 -1.626059
-4.572143 -0.594552
-9.192319 1.209587
-9.004023 1.130133
-8.487115 1.110738
-9.435484 1.305332
-9.273067 1.226893
-9.188494 1.206643
-8.999918 1.127107
-9.428823 1.300622
-9.265200 1.222204
-9.175177 1.196480
-8.985926 1.116792
-9.406649 1.287290
-9.239300 1.209296
-9.135351 1.167752
-9.349682 1.273257
-9.342058 1.248298
-9.160385 1.164808
-9.042938 1.110374
-9.279258 1.229630
-9.201347 1.203856
-9.013918 1.122728
-9.472868 1.218363
-9.298545 1.122712
-9.038981 2.834574
-11.067821 3.728000
-15.574502 6.200654
