-18.391308 -12.639998
-12.459222 -8.319287
-9.547296 -8.079309
-9.214199 -8.222983
-8.435526 -8.195034
-8.495306 -8.294679
-8.335777 -8.087643
-8.487271 -8.280546
-8.527321 -8.337510
-8.348772 -8.100628
-8.494228 -8.285702
-8.531271 -8.340139
-8.350274 -8.101395
-8.494987 -8.286002
-8.531686 -8.340299
-8.350429 -8.101438
-8.495062 -8.286018
-8.531727 -8.340309
-8.350443 -8.101441
-8.495070 -8.286019
-8.531731 -8.340309
-8.350445 -8.101440
-8.495070 -8.286019
-8.531731 -8.340309
-8.350445 -8.101440
-8.495070 -8.286019
-8.531731 -8.340309
-8.350445 -8.101440
-8.495070 -8.286019
-8.531731 -8.340309
-7.613540 -7.154682
-6.835570 -5.508674
-4.849078 -3.929799
-4.295681 -3.495309
-4.291075 -3.487146
-4.283522 -3.474132
-4.271091 -3.453607
-4.250161 -3.421221
-4.213303 -3.369226
-4.146153 -3.283017
-4.017591 -3.144865
-3.768174 -2.916734
-3.311393 -2.517003
-2.386139 -1.701130
2.918486 3.805930
5.268204 6.228560
14.795034 15.012006
