19.572739 10.700296
12.199171 6.126036
-8.683182 -10.262568
-9.867622 -11.169827
-10.319698 -10.919608
-10.610949 -10.788007
-11.376852 -11.601797
-11.339298 -11.153296
-11.311478 -10.955915
-11.901335 -11.746879
-11.696505 -11.231612
-11.562757 -11.014116
-12.082663 -11.795720
-11.815815 -11.258484
-11.648237 -11.035203
-12.143095 -11.812874
-11.855386 -11.268340
-11.676721 -11.042797
-12.162939 -11.819101
-11.868441 -11.271941
-11.686151 -11.045541
-12.169496 -11.821316
-11.872763 -11.273233
-11.689280 -11.046515
-12.171675 -11.822095
-11.874200 -11.273690
-11.690323 -11.046856
-12.172403 -11.822368
-11.874682 -11.273850
-11.690675 -11.046977
-12.172649 -11.822464
-11.874846 -11.273908
-11.690794 -11.047019
-14.831697 -17.628035
