17.766661 -9.492160
10.745092 -11.022020
7.945304 -10.167943
8.198185 -10.063579
7.859367 -10.014283
8.133945 -9.936187
7.843120 -10.006694
8.120146 -9.929461
8.350267 -9.879437
8.115525 -9.929464
8.348754 -9.879512
8.113800 -9.929635
8.348171 -9.879549
8.113136 -9.929711
8.347948 -9.879565
8.112881 -9.929743
8.347862 -9.879571
8.112782 -9.929755
8.347830 -9.879572
8.112746 -9.929757
8.347816 -9.879573
8.112731 -9.929759
8.347813 -9.879575
8.112726 -9.929761
2.771754 -12.593595
-0.975291 -15.387276
