17.655130 19.524799
8.590461 13.550661
5.514827 11.047353
4.643218 8.920954
3.557508 5.692561
3.465930 5.275694
3.391851 5.114133
3.525051 5.279254
3.706273 5.760857
3.568768 5.702808
3.477126 5.286757
3.403586 5.128016
3.535348 5.292845
3.713669 5.774161
3.574465 5.717975
3.480927 5.304625
3.403737 5.151470
3.532232 5.317451
3.704100 5.801111
3.554279 5.752243
3.606671 5.907103
2.586724 5.912577
2.379757 5.682448
1.983392 5.748229
0.871064 5.232739
1.023980 5.618495
-0.104161 5.298622
-0.540676 5.403100
-0.846957 6.402214
-1.038227 6.192962
-0.886520 8.496649
-2.010839 8.695622
-3.588347 8.690168
-6.060621 8.600361
-9.654985 8.756536
-17.991850 8.764125
