-15.543669 -7.460805
-9.612255 -7.719556
-6.680969 -8.103131
-4.282099 -8.515306
-2.249226 -8.701837
1.056027 -9.068721
7.977348 -9.556337
8.221195 -9.579565
7.977411 -9.556337
8.221249 -9.579568
7.977571 -9.556336
8.221385 -9.579575
7.977981 -9.556333
8.221734 -9.579591
7.979020 -9.556327
8.222621 -9.579635
7.981655 -9.556323
8.224868 -9.579757
7.988371 -9.556329
8.230591 -9.580078
8.005556 -9.556373
8.245234 -9.580955
8.049557 -9.556448
8.282636 -9.583179
8.165858 -9.554069
7.916918 -9.527945
8.664589 -9.408441
13.021072 -9.616044
