-0.039816 19.041698
5.139466 10.133631
4.862334 10.310843
5.102340 10.139532
4.824774 10.317891
5.082046 10.161619
5.194729 10.162303
4.189655 10.959163
5.186120 10.156806
5.066852 10.145027
4.788403 10.324542
5.048233 10.167122
5.161887 10.167508
5.233471 10.091222
5.247556 10.136362
4.158529 10.966458
5.213167 10.163052
5.153385 10.161754
5.033241 10.149858
4.754141 10.330330
5.016211 10.171793
5.130769 10.171839
5.202751 10.095164
5.217053 10.140275
5.245035 10.079630
5.236359 10.133970
4.128976 10.972493
5.211953 10.166163
5.182313 10.167107
5.122314 10.165586
5.001348 10.153140
4.721397 10.334363
4.984885 10.174726
5.100780 10.174186
5.173217 10.097118
5.187746 10.142240
5.216255 10.081305
5.207594 10.135680
5.226054 10.078047
5.212117 10.134326
4.101415 10.975302
5.197099 10.167076
5.182557 10.168055
5.152853 10.168749
5.092847 10.166551
4.971540 10.152356
4.692172 10.333164
4.957236 10.172068
5.074101 10.170671
5.146415 10.093416
5.161159 10.138352
5.189853 10.077298
5.181242 10.131618
5.199838 10.073937
5.185845 10.130220
5.202134 10.073236
5.186904 10.129927
4.078499 10.969033
5.177582 10.162337
5.170529 10.162950
5.156019 10.163667
5.126477 10.163647
5.066827 10.159530
4.946572 10.140019
4.669559 10.317682
4.930280 10.095065
4.660079 10.262069
4.935256 9.954190
4.609010 10.167068
4.387092 10.722842
4.360886 10.734372
5.192753 10.072574
11.739082 5.366052
15.314480 3.590598
