-7.673391 -19.410311
-1.507369 -12.819091
0.969104 -10.410453
8.234375 -9.623683
7.993564 -9.612888
8.234374 -9.623684
7.993563 -9.612889
8.234367 -9.623683
7.993555 -9.612889
8.234344 -9.623682
7.993528 -9.612889
8.234259 -9.623679
7.993427 -9.612891
8.233953 -9.623666
7.993072 -9.612895
8.232863 -9.623624
7.991795 -9.612912
8.228960 -9.623470
7.987227 -9.612973
8.215026 -9.622827
7.970843 -9.613126
8.166473 -9.618903
7.913995 -9.611304
8.018269 -9.575937
8.255885 -9.596464
7.920503 -9.141053
8.072956 -9.204600
7.865815 -9.078797
8.027225 -9.162756
7.853557 -9.071562
8.017409 -9.157747
7.850536 -9.070712
8.015046 -9.157126
7.849849 -9.070590
8.014514 -9.157031
7.849697 -9.070568
8.014395 -9.157014
7.849664 -9.070565
8.014370 -9.157011
7.849655 -9.070563
8.014363 -9.157010
7.849655 -9.070563
8.014363 -9.157010
7.849655 -9.070563
8.014363 -9.157010
6.439478 -8.047910
7.936078 -7.419718
8.741214 -7.361295
9.180390 -7.283636
9.819547 -6.904830
9.681402 -7.307021
9.970810 -6.679897
9.839860 -7.013654
9.801945 -6.801036
9.665608 -7.191034
9.786090 -7.030438
9.927471 -6.676793
9.553457 -6.919499
9.432268 -7.360549
9.853852 -6.952018
9.706047 -7.365589
9.941212 -6.809041
9.799009 -7.179399
9.849067 -6.866704
9.701723 -7.269933
9.715344 -7.308234
9.875608 -6.890511
11.678916 -3.799899
