-19.602633 -17.534344
-10.351936 -11.077655
-6.686105 -9.398519
1.405765 -8.893045
8.219316 -9.564200
7.978703 -9.537206
8.219313 -9.564200
7.978700 -9.537205
8.219304 -9.564200
7.978690 -9.537205
8.219275 -9.564197
7.978657 -9.537204
8.219174 -9.564193
7.978537 -9.537204
8.218821 -9.564170
7.978124 -9.537200
8.217594 -9.564095
7.976683 -9.537187
8.213343 -9.563817
7.971692 -9.537120
8.198892 -9.562398
7.954732 -9.536321
8.154593 -9.548444
7.901607 -9.520767
8.090328 -9.032351
8.237965 -9.127189
7.902070 -8.724271
8.136989 -8.982841
8.267394 -9.097530
7.911694 -8.715056
8.141493 -8.979141
8.270302 -9.095391
7.912674 -8.714423
8.141973 -8.978898
8.270628 -9.095258
7.912786 -8.714389
8.142033 -8.978889
8.270668 -9.095254
7.912801 -8.714389
8.142040 -8.978889
8.270674 -9.095254
7.912803 -8.714389
8.142040 -8.978889
8.270674 -9.095254
7.912803 -8.714389
8.142040 -8.978889
8.270674 -9.095254
7.912803 -8.714389
8.142040 -8.978889
8.270674 -9.095254
7.074419 -7.508434
