-17.476429 4.346748
-7.575276 7.126018
-7.757152 7.005354
-7.583764 7.115426
-7.766665 6.993078
-7.596747 7.099332
-7.781029 6.974583
-7.616838 7.074776
-7.802863 6.946637
-7.648350 7.036250
-7.836979 6.902750
-7.694217 6.977675
-7.884068 6.840354
-7.754129 6.897047
-7.941425 6.760761
-7.814683 6.789856
-7.630391 6.939091
-7.754117 6.608160
-7.837883 6.467402
-7.951118 6.216805
-6.912502 6.624470
-5.838848 6.366383
-5.879588 6.593467
-4.349243 6.350375
-3.039894 6.320003
-2.938807 6.442119
-2.918870 6.481071
-2.633801 6.345031
-2.580633 6.318580
-2.600441 6.348727
-2.616252 6.362161
-2.550174 6.320961
-2.569754 6.337707
-2.583186 6.343743
-2.552483 6.321386
-2.565313 6.327581
-2.588062 6.353992
-2.553594 6.316079
-2.577857 6.344107
-2.606427 6.369716
-2.436888 6.186334
-2.400842 6.115049
-2.358287 6.026105
-2.315864 5.879908
-2.312140 5.680780
-2.206660 4.806044
-0.947433 5.790129
1.125479 5.046532
2.362633 5.086085
3.854890 5.837673
4.358470 5.895022
5.301830 7.326152
7.605411 8.202378
10.292948 9.423202
17.321798 12.144961
