-15.106857 15.785830
-10.280281 9.522123
-7.327683 8.097667
-7.377611 8.106620
-7.327984 8.097559
-7.378015 8.106493
-7.328676 8.097310
-7.378947 8.106199
-7.330276 8.096738
-7.381100 8.105527
-7.333960 8.095430
-7.386061 8.103990
-7.342439 8.092462
-7.397503 8.100484
-7.361994 8.085797
-7.423819 8.092759
-7.406639 8.071633
-7.483514 8.076941
-7.510226 8.044430
-7.622689 8.048100
-7.759467 8.004369
-7.482823 7.971038
-7.857539 6.416845
-7.708464 6.588651
-7.741380 6.577576
-7.894783 6.407738
-7.856680 6.431209
-7.706293 6.601997
-7.736677 6.583786
-7.890141 6.414069
-7.853031 6.435835
-7.702635 6.606575
-7.734450 6.586576
-7.887947 6.416877
-7.851351 6.437967
-7.700960 6.608670
-7.733418 6.587872
-7.886930 6.418182
-7.850571 6.438954
-7.700184 6.609640
-7.732939 6.588472
-7.886459 6.418787
-7.850209 6.439414
-7.699824 6.610088
-12.660725 3.488714
-15.034922 -3.182805
