-7.093481 0.447843
-4.672508 -1.297887
-2.018967 -2.188004
-0.244400 -3.108141
4.381158 -8.180255
7.953681 -9.371123
8.219289 -9.447587
7.953862 -9.371133
8.219444 -9.447609
7.954375 -9.371172
8.219887 -9.447675
7.955825 -9.371312
8.221135 -9.447885
7.959850 -9.371871
8.224613 -9.448594
7.970721 -9.374326
8.234078 -9.451230
7.998682 -9.385906
8.258587 -9.461870
8.062378 -9.442573
7.884707 -9.421016
8.179637 -9.722861
7.986071 -9.782993
8.329536 -11.110826
8.840315 -12.151108
12.399329 -15.854602
