-11.362993 16.667538
-4.579885 12.340421
-1.915836 10.517978
-0.934745 8.538499
-0.690661 6.190118
-0.716122 5.429682
-0.597729 5.551967
-0.167304 5.907322
2.701047 5.763912
2.513499 5.317661
3.473347 5.948713
4.177583 5.944711
3.995826 5.384584
3.857079 5.136486
3.955951 5.261327
4.055729 5.660882
4.120787 5.612342
4.180818 5.846539
4.208295 5.742269
4.241777 5.919389
4.248851 5.793936
4.269606 5.948861
4.266712 5.814943
4.041803 5.293825
3.885648 5.071537
3.965413 5.222217
4.056416 5.643562
4.119177 5.601169
4.178755 5.840850
4.206547 5.738405
4.240390 5.917314
4.247897 5.792507
4.268929 5.948063
4.567122 6.923180
5.004076 7.976569
5.758096 9.450758
7.979049 10.032897
11.729320 10.977598
