6.539113 -11.654696
4.588761 -9.031943
2.330276 -6.671149
0.305616 -3.361412
-1.084881 -0.934925
-1.839057 0.102176
-2.524142 1.167208
-2.015771 0.955478
-2.347620 1.437100
-2.392851 2.463880
-1.955585 2.058803
-1.959859 3.789034
-1.552178 3.496728
-2.450298 3.761287
-2.387863 5.550449
-2.455011 5.958493
-2.605159 6.313333
-2.637886 6.327461
-2.694439 6.347376
-2.804124 6.372237
-3.046596 6.396378
-3.623605 6.387974
-3.884196 6.360919
-7.315098 6.419638
-7.809869 7.875193
-7.950663 8.161469
-7.734927 8.226405
-7.556692 8.194900
-7.648383 8.243351
-7.490705 8.210404
-7.949286 8.385766
-7.632718 8.247249
-7.478620 8.213703
-7.944086 8.386827
-7.629759 8.248003
-7.476316 8.214339
-7.943095 8.387033
-7.629193 8.248148
-7.475877 8.214461
-7.942905 8.387071
-7.629085 8.248175
-7.475792 8.214485
-7.942870 8.387079
-7.629064 8.248180
-7.475776 8.214490
-7.942863 8.387081
-7.629059 8.248181
-7.475772 8.214490
-9.127397 8.921987
-15.302863 14.140996
