-5.844162 -16.662008
-8.333050 -8.728364
-9.120361 -8.101401
-9.181969 -8.052613
-9.881480 -2.267814
-9.819597 2.851978
-7.873064 6.680387
-7.948488 6.552982
-7.750366 6.880117
-7.873960 6.698011
-7.953482 6.570764
-7.794639 6.799990
-7.845685 6.714494
-7.920700 6.588145
-7.711855 6.929041
-7.836811 6.746070
-7.904413 6.637789
-7.746458 6.864988
-7.788685 6.814575
-7.864582 6.694509
-7.673167 7.102676
-7.773825 6.998465
-7.942422 6.890357
-7.733596 7.676919
-7.544260 7.776784
-7.620271 8.106452
-7.875303 8.125930
-7.681591 8.111568
-7.940654 8.137719
-7.693340 8.109879
-7.953396 8.136439
-7.695597 8.109406
-7.500769 8.105927
-7.613438 8.124085
-7.868314 8.148322
-7.680378 8.112836
-7.939382 8.139291
-7.693118 8.109993
-7.953154 8.136573
-7.695555 8.109420
-7.500731 8.105940
-10.427875 9.038482
-11.877251 10.708339
-16.786755 18.188404
