19.972252 -15.185394
14.460404 -7.169486
12.348780 -1.590416
12.208445 -0.648981
12.319296 -1.149137
12.282841 -1.229467
12.127882 -0.363064
12.168989 -0.989429
12.343831 -1.600066
12.202980 -0.659343
12.310782 -1.161270
12.271753 -1.241828
12.111860 -0.378736
12.151185 -1.003688
12.309675 -1.605983
12.167674 -0.665045
12.235148 -1.144299
12.161720 -1.169096
11.933439 -0.282847
11.937918 -0.851526
11.792695 -1.255292
11.827168 -1.871089
11.861488 -2.343081
11.756799 -1.723299
11.699240 -0.351781
