-16.400877 -0.467506
-10.800711 2.168025
-8.299997 3.409170
-7.823931 6.454667
-7.897139 6.283502
-7.913758 6.140082
-7.884207 6.202857
-7.822806 6.455852
-7.895988 6.284714
-7.911905 6.141564
-7.881811 6.204546
-7.819099 6.457667
-7.891768 6.286529
-7.901816 6.142040
-7.866660 6.204805
-7.790991 6.453478
-7.856047 6.280887
-7.924576 5.963489
-7.790812 6.109540
-7.691552 6.160757
-7.448513 6.340022
-7.232296 6.417111
-6.766813 6.607396
-6.229281 6.747928
-5.226988 7.055078
-4.849830 6.845381
-4.083594 6.469648
-2.494759 6.889173
-0.231176 8.449837
2.249426 10.481127
