-9.039461 -1.205198
-9.175451 -0.991822
-6.276194 -4.481781
-6.263492 -2.799029
-7.586447 -6.607884
-5.481003 -9.036304
-6.805134 -8.280643
-7.132460 -5.969173
-6.665891 -8.355920
-14.548728 -7.947291
-14.149371 -7.940369
-9.616856 -8.524491
-11.436466 -10.285105
-13.574484 -7.353882
-14.397437 -5.054194
-13.528922 -2.557796
-8.870329 -2.532704
-6.618631 -2.826427
-7.347722 -4.844549
-6.802419 -3.961971
-7.210941 -2.601898
-5.931230 -3.069765
-3.856905 -2.248051
-4.761240 -3.321481
-7.743860 -7.841028
-6.436767 -9.575165
-9.612841 -8.086683
-8.267000 -8.247706
-11.094661 -8.274940
-13.989207 -8.154838
-10.707225 -8.272875
-13.591970 -9.165648
-7.840985 -9.231525
-7.432397 -3.854567
-6.441640 -7.282920
-6.234110 -4.934518
-7.682818 -8.411052
-6.473736 -8.255573
-4.028282 -13.123953
2.718735 -17.887291
