18.932995 -15.171202
4.607303 -12.110192
11.407374 -13.435712
16.476070 -14.668204
6.367931 -13.510336
11.931497 -14.277229
14.889544 -13.998904
12.835857 -13.484496
9.989304 -12.867024
9.190963 -13.010514
8.103812 -10.291363
7.705321 -9.209942
8.442576 -8.166675
5.251176 -14.486538
7.174105 -9.705058
8.894023 -8.738379
8.852628 -9.711576
7.085746 -5.677524
4.995221 -10.155767
8.416636 -10.467421
7.978535 -10.414829
8.961092 -8.198107
5.842265 -7.840078
8.113264 -5.314261
15.996130 -8.119621
15.575256 -14.033883
11.971300 -15.668552
11.545500 -13.388063
9.229287 -12.906097
15.618071 -13.383903
15.914527 -6.916684
11.420317 -7.663540
12.176284 -7.524230
9.631275 -6.630210
10.576958 -14.219261
15.883690 -15.606906
8.771693 -11.899158
12.357593 -14.312087
12.005486 -13.545581
19.822510 -15.725342
16.877380 -9.216236
14.988551 -15.790505
12.927565 -19.935579
11.434876 -16.541590
11.989797 -13.433129
10.848598 -13.300444
7.239333 -12.184155
7.480721 -11.513129
7.835803 -12.406131
8.936419 -10.472245
8.224549 -10.543436
8.797983 -6.690369
8.805677 -11.933335
8.306767 -9.419112
8.756731 -9.017545
9.935031 -4.712719
10.208850 -4.804599
8.780319 -6.112236
8.492252 -10.160666
9.167860 -9.268389
9.331050 -8.866642
5.587290 -11.675265
11.020077 -4.740601
8.168306 -6.512701
9.335327 -10.337784
6.641976 -7.110958
15.103125 -8.367927
14.954899 -11.211536
15.332739 -13.561612
10.525528 -14.140511
6.405385 -11.603237
8.470075 -11.236362
8.267443 -9.749906
9.292843 -8.673106
6.558693 -10.388715
8.901023 -10.739426
8.650350 -8.302274
5.256070 -10.929189
8.670380 -10.817523
7.828105 -13.437114
7.831782 -5.220074
5.950205 -9.421601
14.506713 -10.274785
14.346128 -14.103620
12.830108 -13.157189
5.984417 -14.701818
5.489314 -13.417869
6.195981 -6.107018
8.768988 -8.141452
7.296429 -6.671645
8.757617 -10.225600
8.898147 -6.120125
11.458939 -4.944688
5.810298 -4.090377
6.283639 0.632332
9.432688 2.739542
10.958916 2.668693
14.415232 2.696278
9.005236 2.342936
6.455200 0.912385
6.261969 -2.166563
8.421571 -6.987259
8.456875 -8.363201
9.057673 -8.818413
8.888637 -8.375993
10.805194 -6.147313
8.873950 -5.013561
11.166698 -6.915076
11.000652 -6.498182
12.378507 -6.785058
13.315467 -6.672797
4.269026 -9.071649
8.530721 -10.715131
9.241796 -8.615904
8.306479 -8.697461
10.868381 -6.519827
10.459942 -4.111993
11.177241 -5.737995
9.307740 -3.994842
10.451119 -3.939721
8.813579 -8.559056
7.635902 -8.579730
1.601628 12.214139
-4.782081 19.222504
