-13.325285 -2.493899
-9.815849 -2.212105
-10.096830 -2.460642
-11.670677 -2.373303
-4.441899 -1.084171
-4.435135 -4.244604
-4.293903 -2.463912
-4.066989 -3.173284
-4.988132 -4.163564
-4.189852 -0.185367
-3.978973 -2.812141
-4.344464 -0.933571
-4.294960 -2.644919
-4.125165 -2.628627
-4.406378 -1.671235
-14.293546 -5.589958
-15.429516 -7.450480
-13.636133 -4.034962
-13.220645 -8.196860
-8.726184 -10.014694
-7.627321 -7.503843
-7.617290 -7.053842
-6.416086 -6.650139
-7.690937 -6.685722
-6.767330 -7.151159
-6.880353 -5.783700
-5.443502 -8.061883
-10.227987 -8.421661
-9.440002 -8.939039
-9.292423 -8.488417
-8.800872 -11.858212
-7.896929 -9.329188
-13.354528 -10.751891
-9.020651 -8.852466
-9.347927 -9.240991
-7.446949 -8.833278
-6.897120 -6.652251
-5.941974 -10.774205
-9.886281 -8.408113
-7.747449 -8.448679
-8.172385 -9.507846
9.667397 -4.849321
9.210463 -5.930777
6.983567 -5.134782
7.361361 -2.673870
7.110824 0.742886
5.650188 3.726825
9.886237 1.711950
11.343916 2.042071
8.928575 2.010434
6.264226 2.473733
4.599463 -2.110342
5.593340 -4.071723
8.498096 -9.373580
6.556796 -8.621224
4.536182 -8.818451
7.362773 -9.237987
6.836436 -8.678926
8.267082 -10.229611
7.324114 -6.437923
8.551753 -4.153577
10.382550 -5.342156
11.211655 -5.548907
8.182320 -5.106892
11.078290 -5.376554
9.212151 -7.640184
9.486684 -5.117383
7.577741 -5.608540
4.543273 -5.918108
6.886025 -4.956027
9.178729 -3.910299
13.113028 -1.576218
11.593278 -4.072311
6.834414 -3.792063
4.853442 -1.228694
5.366571 1.828712
5.985248 0.102195
5.417432 -0.320846
7.382985 0.517328
6.695595 0.173054
5.604288 -2.002194
5.601545 0.506367
8.284598 3.309543
9.891775 1.585179
10.356875 2.967055
9.475964 4.395463
9.099028 2.206099
8.514416 1.477966
12.842103 0.515136
11.739211 2.776770
8.517325 2.843325
11.106252 3.395437
10.168104 1.769853
10.804604 1.412967
11.503758 3.741130
9.515976 2.846562
10.119899 1.526361
11.246104 2.160793
10.643225 2.606756
11.521477 2.477738
10.588821 1.623296
8.921344 4.073332
9.815503 4.561586
6.014248 0.015107
5.916199 1.065217
6.652341 0.451540
7.360012 -0.717080
7.200045 2.237818
6.777738 0.944825
6.426432 -0.291937
6.074649 -0.900488
5.343058 -2.233629
2.365813 -2.866467
6.904163 -2.270020
6.807794 -1.069962
5.124662 -0.873297
4.637989 0.913774
8.592044 1.679188
7.944935 2.784515
8.117112 2.552684
9.645605 1.327032
7.736848 1.659745
6.116755 -0.500552
4.607620 0.635191
7.190870 -2.120479
6.450717 -1.453597
4.782749 -0.664934
9.771806 3.045033
11.323847 1.648338
11.756206 1.497382
15.240706 0.444533
14.306625 -0.589730
13.620768 -1.081336
15.759234 -0.187312
18.021133 -1.844761
18.574743 -3.688297
17.429333 -4.855981
