-4.894033 -5.418776
-7.164939 -4.441516
-6.348881 -7.323975
-9.540370 -9.687951
-12.651901 -9.062541
-14.604834 -6.930948
-9.775267 -10.467784
-12.577200 -10.548699
-10.370258 -9.070302
-9.723578 -8.469535
-8.367521 -9.490768
-5.876266 -8.853218
-7.858612 -6.259239
-5.958196 -7.622861
-9.915661 -10.338560
-10.841667 -8.028400
-8.577254 -8.275031
-9.907936 -8.663217
-12.085161 -8.515779
-7.547735 -11.052363
-7.246160 -7.543663
-7.609934 -8.630261
-7.895840 -8.331729
-7.686355 -7.589880
-6.144436 -7.554272
-4.921947 -7.602578
-8.798098 -8.227092
-10.660843 -8.059651
-6.569865 -8.359118
-9.754845 2.415401
-8.727190 4.972320
-8.809546 1.477984
-9.710012 3.237007
-10.798491 -2.595273
-9.916314 0.963305
-8.371428 1.696065
-9.481396 3.251089
-9.699913 0.079560
-9.838695 -1.314528
-9.984564 -0.349717
-5.512868 -5.310485
-4.989601 -5.525596
-4.315060 -2.917328
-4.514651 -1.149582
-3.692950 -3.317775
-4.370403 -2.794074
-3.582375 -4.689931
-6.279145 -4.026090
-7.429613 -4.307924
-7.763458 -8.165320
-14.565077 -8.625573
-11.766064 -8.775472
-9.895311 -8.798096
-8.359784 -10.109238
-5.765466 -4.472838
-2.923780 -4.829759
-6.800060 -5.356847
-5.690541 -6.827997
-10.408129 2.065473
-10.592510 3.345943
-7.199589 3.788425
-6.838317 4.245021
-9.631171 -2.979035
-10.290842 -0.451018
-11.847239 0.295678
-7.483554 2.903029
-4.011611 3.080197
-3.712769 -0.079956
-4.092567 -2.792593
-2.792067 -2.571892
-5.710632 -5.749094
-6.483939 -4.551792
-7.035080 -5.334948
-7.895832 -4.766849
-7.289504 -7.379576
-7.471487 -6.723564
-6.886676 -6.259466
-7.796326 -4.708897
-7.241827 -5.595003
-8.011999 -9.613730
-3.460058 -6.467954
-5.052818 -8.209805
-7.674746 -7.937603
-9.168917 -9.327069
-9.436678 -9.829078
-7.463652 -7.766677
-7.527179 -4.670201
-7.819675 -8.604539
-6.297808 -7.242182
-6.695668 -7.185796
-7.570759 -4.261355
-6.416989 -6.570980
-6.804516 -5.046725
-6.876859 -6.391540
-7.131245 -7.964971
-7.316242 -7.702376
-12.108185 -8.672873
-11.573622 -8.553206
-14.680343 -11.271276
-11.942692 -10.225980
-14.378046 -9.713023
-14.705433 -5.007748
-13.366961 -6.828610
-10.849288 -9.284925
-7.843585 -7.582655
-8.606710 -10.185674
-8.477853 -9.054044
-10.261452 -8.594227
-10.523252 -8.143247
-11.574037 -8.197645
-12.440313 -8.200337
-8.363919 -8.167095
-9.779282 -8.453758
-10.546233 -3.000012
-12.210438 0.698344
-11.418885 0.553742
-11.740547 1.960110
-14.702845 5.560845
