17.373789 -4.357529
18.973471 -1.245660
15.738930 -10.091000
15.338411 -14.136930
9.237191 -12.810248
9.124186 -10.127517
5.948180 -7.998737
6.144946 -5.981387
8.310179 -9.179511
9.254030 -10.503953
8.821180 -10.733359
7.145269 -11.077274
8.804946 -14.025289
4.227647 -9.462481
8.981812 -9.137099
6.017254 -11.847155
6.239634 -10.970599
7.746966 -10.176614
6.231164 -8.442975
11.712302 -4.825848
11.906204 -3.932332
11.551344 -4.272618
8.730077 -4.912356
5.586607 -2.131983
5.369483 -1.155346
6.721911 -1.220603
6.469230 -1.376964
6.407904 -0.836848
7.168971 0.820571
8.562988 3.509114
11.757474 2.838043
13.891918 -0.044636
14.992610 -0.096629
10.605786 2.683444
9.364837 2.904070
5.343039 -0.196814
6.990076 -2.619588
6.933233 -0.823911
7.582458 -4.830889
9.458429 -3.830233
8.169027 -4.826841
9.211239 -5.960608
8.787535 -6.577961
9.473789 -4.402334
10.853479 -7.256788
6.411822 -4.625521
7.363823 -3.229439
5.418285 -4.143083
4.973744 -6.438111
13.217304 -6.836425
14.120908 -6.830574
5.817367 -7.669401
7.186213 -8.647990
5.890545 -7.262278
11.601960 -5.959944
10.727612 -6.248980
10.979628 -4.036971
8.594244 -7.007105
9.247145 -9.945106
8.065990 -9.633459
6.880669 -10.172372
1.099539 -15.991609
8.378149 -17.641453
10.467730 -13.652106
9.351934 -13.828041
9.070985 -10.260617
6.987806 -4.543516
8.523457 -4.606512
7.785719 -6.992952
9.403435 -5.820968
11.458203 -4.068902
7.732361 -9.573721
9.024007 -7.840097
7.549751 -8.407701
10.354251 -6.075165
6.090127 -7.649412
9.319863 -8.662940
9.003803 -9.717697
8.463054 -9.728738
8.623895 -8.299459
7.094888 -9.976576
7.054521 -8.107631
7.236349 -14.036632
6.268747 -11.194062
7.107224 -5.452301
8.745553 -9.554048
8.879898 -10.042258
14.464019 -10.093923
5.559491 -10.514173
6.629203 -11.502302
13.273975 -14.628633
19.023685 -17.698507
16.893642 -10.108593
16.440771 -11.395098
17.487301 -8.149272
16.094267 -7.683472
