-9.934353 -11.685876
-8.418912 -6.926666
-7.149594 -3.880583
-6.112577 -0.619262
-7.339343 0.654514
-8.235082 1.086716
-8.235229 1.086867
-8.235557 1.087204
-8.236280 1.087954
-8.237879 1.089624
-8.241412 1.093345
-8.249207 1.101652
-8.266365 1.120176
-8.303988 1.160949
-8.386414 1.251098
-8.574127 1.454375
-8.745071 2.058013
-8.489786 2.017474
-8.303126 4.688294
-8.200320 5.613564
-7.936026 6.432630
-7.940484 6.426462
-7.947554 6.416378
-7.958770 6.399684
-7.976331 6.372028
-8.003001 6.325997
-8.039932 6.253769
-8.088423 6.138011
-8.138438 5.953818
-7.847093 6.325353
-7.871693 6.137414
-7.259756 6.530262
-7.161336 6.338819
-6.755722 6.073968
-5.626835 6.741461
-4.904524 10.023970
-3.466276 17.515556
