2.507738 17.197744
5.390708 12.354230
5.301148 12.338054
5.398229 12.347432
5.309813 12.329613
5.408796 12.337276
5.322040 12.316875
5.423398 12.321663
5.339043 12.296798
5.443132 12.296215
5.362016 12.263225
5.469149 12.251838
5.393422 12.202775
5.501427 12.168649
5.431878 12.085809
5.531940 11.999534
5.470821 11.836240
5.542383 11.624381
5.520856 11.240785
5.569870 10.712218
5.686080 9.616590
6.128114 8.365244
7.994619 6.249786
9.756611 3.683365
11.822171 3.547961
11.807576 3.686300
11.903564 3.681468
11.938021 3.529146
11.910131 3.670920
11.945758 3.516553
11.910573 3.669966
11.946275 3.515450
11.910607 3.669874
11.946313 3.515346
11.910611 3.669868
11.946318 3.515337
11.910609 3.669866
11.946318 3.515336
11.910609 3.669865
11.946317 3.515335
11.910611 3.669866
11.946319 3.515335
11.910609 3.669865
11.946317 3.515335
13.434031 -2.782193
