-5.313865 -4.451318
-5.092995 -1.160059
-5.593270 0.726598
-6.873372 0.903459
-8.875477 1.576834
-8.851454 1.535605
-8.695687 1.494715
-8.572689 1.435829
-8.186944 1.331532
-8.935802 1.612388
-8.947317 1.580569
-8.875592 1.577022
-8.851629 1.535853
-8.696028 1.495192
-8.573200 1.436450
-8.187892 1.332675
-8.938568 1.615240
-8.951853 1.584399
-8.884545 1.584436
-8.865488 1.545254
-8.722130 1.512467
-8.613038 1.458250
-8.260327 1.369966
-8.508815 1.648278
-8.236058 1.595259
-8.295839 4.334381
-8.222925 5.455228
-7.991760 6.288696
-7.992568 6.287419
-7.993727 6.285426
-7.995375 6.282210
-7.997519 6.276968
-7.999727 6.268304
-8.000198 6.253736
-7.993296 6.228534
-7.963268 6.182870
-7.995098 6.008061
-7.559484 6.641770
