14.514567 -12.372017
14.513975 -12.985391
14.620956 -11.531980
15.535398 -12.381769
16.363514 -7.490677
11.357717 -7.361043
12.074209 -7.390963
12.332205 -6.020016
10.060499 -6.153487
8.868656 -8.472322
8.265391 -8.675252
8.342172 -11.004472
9.307119 -11.703584
9.117789 -12.589391
8.469571 -9.878942
8.152418 -8.971148
10.233740 -4.596586
6.270706 -8.194522
4.249995 -7.767620
8.612518 -6.367938
7.932577 -11.742015
8.704895 -12.844779
8.937781 -12.770336
7.704285 -15.211573
13.290596 -14.708695
10.359142 -14.669407
17.571495 -14.296485
14.446882 -12.519269
14.704311 -13.753713
14.559433 -7.768003
12.239859 -7.110316
12.097377 -4.090156
7.936421 -8.749836
7.726734 -6.758467
9.383127 -10.313560
5.313237 -4.731755
5.820764 -5.613411
8.800733 -9.416415
4.703630 -5.223011
6.198398 -3.333530
6.634746 -5.592342
5.891568 -8.046774
4.179543 -6.891987
5.686438 -7.150716
4.282380 -8.043952
-0.405916 -5.227739
0.587207 -9.797266
2.050797 -8.253442
1.406603 -7.984516
1.917652 -10.461113
7.238821 -7.827408
8.856221 -6.596835
8.035062 -10.434203
8.715136 -8.343467
8.789373 -11.032551
8.494217 -11.902977
5.881305 -13.936591
8.648996 -15.682697
5.504829 -15.052578
7.398862 -14.020240
9.580089 -15.889363
8.909297 -13.523853
8.148222 -7.002627
6.203270 -5.450345
8.437839 -6.901038
3.307856 -7.502473
-0.106711 -9.217210
1.233380 -11.007668
1.497640 -11.646649
0.283399 -8.758613
2.849679 -7.238866
5.386866 -8.194239
8.421667 -5.645538
6.136646 -5.799403
2.827417 -5.787514
1.643027 -11.265837
0.792114 -9.524467
-0.192059 -11.434884
0.792107 -9.261703
4.002319 -7.341309
7.846488 -7.263767
7.680079 -6.772440
4.678320 -3.552958
4.818015 -4.693913
4.845517 -6.593658
7.571995 -7.495087
8.656483 -7.547188
8.952474 -10.516195
9.073934 -9.466006
2.219657 -10.987636
2.161313 -10.474076
1.460835 -9.976922
2.763131 -10.288977
1.282405 -9.105355
2.346885 -9.600239
-0.299236 -7.739258
3.532111 -7.238267
3.730504 -7.192600
2.211943 -7.033502
2.169957 -10.562262
1.887919 -9.991697
-1.314685 -11.950862
3.534549 -13.430110
7.443715 -13.894409
7.952172 -13.557076
8.173562 -8.779796
8.813896 -11.314830
8.457836 -12.874582
9.097085 -9.421889
9.029983 -10.987605
8.957547 -9.856750
8.308070 -8.553364
8.757460 -8.424663
8.349995 -7.736642
11.353410 -6.414685
15.788231 -2.205525
13.157106 -0.920111
4.990527 1.205373
5.974475 0.299715
5.291833 0.169438
5.371416 0.278330
6.873358 -2.392661
7.212986 -2.890465
7.379776 -0.913101
7.106519 -3.572862
6.529753 -1.343050
7.075339 -4.770520
7.490301 -6.166958
10.885380 -4.569518
10.885290 -4.273748
11.399668 -6.619338
9.798108 -7.467044
10.742035 -7.229705
5.927934 -7.330190
5.226591 -6.903552
8.336402 -5.487108
8.099889 -9.946601
5.342868 -7.532408
7.381404 -1.658684
4.742376 -6.506999
2.579417 -10.391315
2.148488 -8.026094
2.747036 -8.602424
2.379083 -10.880049
-0.088241 -10.780908
-0.185969 -9.936652
1.739386 -12.681884
2.782289 -9.992057
0.877732 -14.523763
2.392778 -10.548426
2.755872 -13.174874
-0.617282 -10.945858
6.131290 -16.044077
4.069326 -14.618736
7.449657 -13.610296
10.960104 -13.029218
7.910563 -13.889213
3.596323 -14.813079
7.682823 -14.784858
1.058852 -14.517016
0.225501 -12.067454
2.268599 -9.297807
2.344360 -10.084400
2.046240 -9.517898
2.140152 -10.777392
2.383850 -11.054825
1.897077 -10.131598
2.550159 -8.910475
1.946953 -8.344556
2.216558 -9.855156
1.040728 -10.962865
1.397758 -10.754656
1.902052 -7.989849
1.938820 -8.624539
2.018152 -7.988915
7.207667 -7.799028
7.964038 -9.372776
8.953715 -10.190125
2.334307 -11.849810
0.574284 -11.265241
-0.084794 -10.293273
2.765851 -11.425057
0.078237 -9.542453
1.956083 -10.505893
2.836166 -9.607095
-2.705114 -11.157052
-0.905683 -12.294402
-1.126558 -13.368134
8.169702 -13.615952
9.358727 -8.780976
8.298876 -7.937818
8.815060 -13.482061
4.659167 -14.018580
3.994150 -13.688584
5.124510 -13.739860
2.516104 -8.900452
2.449468 -6.497238
4.889740 -6.247442
3.466651 -6.790114
9.050820 -10.830695
7.881567 -10.742429
8.622498 -11.061231
7.991724 -10.756454
7.858011 -14.812696
6.060007 -14.204886
4.252205 -15.772695
-0.415985 -14.362246
2.323529 -11.658684
0.605793 -12.410546
-0.408957 -13.637407
5.319077 -13.438817
9.182800 -14.715596
6.036091 -13.353011
1.936617 -13.351290
1.904242 -11.885014
2.363936 -10.168535
0.170875 -13.877971
-5.916544 -13.076507
