-18.623594 11.744963
-12.051772 9.608124
-12.621869 8.998922
-11.884287 9.251294
-15.599577 8.151134
-15.365591 3.771512
-6.005589 -0.012860
-6.287082 3.272670
-7.841912 2.923248
-6.245755 4.557315
-8.228828 2.710238
-6.622897 2.647669
-8.053749 3.479298
-9.821707 1.787169
-8.595488 3.189635
-10.440318 0.884564
-11.114690 1.952742
-10.387470 1.171470
-10.628930 1.195114
-13.084783 0.724478
-7.686690 -0.934156
-7.797672 4.298093
-7.412433 7.762305
-7.608631 6.210375
-7.882406 8.227275
-5.773502 6.550338
-7.816160 7.609643
-6.673132 5.384452
-7.954365 3.756283
-6.839186 4.234494
-6.756796 7.081831
-5.515765 8.479732
-6.860493 6.216068
-5.724290 3.251886
-8.843757 3.116209
-9.756206 3.130284
-8.703829 2.574891
-7.322841 3.758663
-12.801508 1.499665
-9.205403 2.932494
-7.434400 2.547503
-9.214388 3.398718
-10.530676 2.699311
-11.512056 3.344302
-16.202303 -3.963754
-16.781370 7.485170
-13.056768 8.281669
-10.138306 9.415381
-9.973473 11.236793
-11.068413 10.331792
-4.121903 8.567363
-9.880277 9.716266
-6.816296 8.426576
-6.807957 8.037521
-7.157453 5.227880
-7.547146 10.719728
-7.025200 9.579463
-9.322805 9.374028
-13.829494 10.862414
-11.238353 10.051208
-6.769362 6.396415
-7.871520 5.912695
-13.820623 8.095577
-11.292515 8.743411
-8.964686 8.767627
-13.723599 6.172091
-9.347904 3.447308
-9.570970 -1.655396
-8.915010 2.127607
-7.379463 4.448856
-6.771383 4.616920
-5.734222 1.567856
-7.163241 1.868714
-9.952999 3.012653
-8.505547 1.168506
-8.705822 2.263026
-7.237047 3.135301
-7.792796 3.846484
-7.894451 4.082213
-7.790257 6.922424
-6.999192 5.120323
-6.918505 4.792500
-7.839998 3.753898
-8.441077 0.703006
-10.016252 1.375143
-12.872575 2.676701
-13.689520 5.081803
-13.775524 3.624494
-9.913297 2.934343
-11.579746 3.008399
-10.299829 2.696470
-6.692260 3.653606
-6.365639 5.057364
-7.319467 2.733131
-7.928751 1.848232
0.947213 -10.911407
0.855760 -14.539128
7.214163 -14.178302
