13.635076 -19.641998
10.112350 -13.253245
5.268754 -14.049065
1.208855 -14.614939
-0.315220 -10.627956
2.404235 -8.179782
9.540235 -7.530141
5.054447 -4.905838
2.562407 -5.272117
1.308643 -4.201259
-6.958833 2.777953
-12.189957 1.622914
-6.550892 3.215552
-5.575606 4.942695
-6.640612 5.139088
-6.261933 5.634429
-7.529637 5.517350
-4.768167 5.567317
-7.947486 5.181419
-7.376544 6.755137
-6.743776 5.374383
-5.303570 9.628819
-5.648569 7.012483
-4.776797 5.658584
-6.768406 7.332690
-6.957201 6.582531
-7.747423 5.439781
-9.335317 9.526530
-15.462977 7.119477
-16.220901 8.116808
-11.343505 3.468542
-10.197745 9.086145
-13.137663 8.217847
-11.763764 8.654596
-9.815784 8.741153
-12.543818 10.094253
-14.924784 5.834432
-11.870811 1.519804
-9.261510 2.077458
-13.529229 3.094677
-14.958929 3.622373
-7.861053 1.941871
-6.403351 4.211928
-7.399494 4.893516
-6.338958 6.005900
-6.916474 7.887980
-6.303935 5.912242
-3.762121 6.671407
-7.414432 8.052527
-4.910471 9.830400
-9.768124 8.704782
-9.311926 8.545423
-8.442827 8.888306
-13.531762 9.335990
-8.786407 9.622460
-13.727846 8.387040
-17.808723 14.789042
-18.582262 11.298859
