-3.837375 -14.739170
-6.311742 -10.208282
-8.180799 -8.274364
-2.889247 -6.590885
-7.671759 -6.780953
-5.933723 -5.624744
-6.904400 -6.380602
-7.533286 -10.079126
-8.878616 -9.134917
-8.667985 -8.045592
-8.580379 -8.106122
-10.506157 -8.958437
-6.758338 -7.924480
-7.305260 -7.223630
-6.933649 -8.673750
-10.375765 -9.123405
-8.734905 -8.561927
-10.488929 -8.471242
-8.009884 -9.722079
-7.619648 -6.472044
-5.528863 -5.717335
-8.184370 -9.732909
-7.059580 -4.112011
-6.190278 -7.508205
-8.090343 -11.664660
-8.316795 -8.347915
-10.197959 -9.635039
-8.395638 -12.704291
-12.425378 -12.935931
-10.810383 -13.180288
-10.561857 -11.790210
-8.751225 -9.991338
-5.449793 -9.137290
-9.381187 -9.014845
-14.136006 -10.457288
-14.067801 -5.805837
-14.439277 -0.842112
-16.500204 3.780169
