-0.893438 -1.554092
0.565878 -2.878904
1.624838 -4.111619
2.997207 -5.787084
4.177550 -7.596551
7.876270 -9.609718
8.170908 -9.719973
7.876287 -9.609719
8.170921 -9.719974
7.876330 -9.609716
8.170959 -9.719975
7.876453 -9.609716
8.171063 -9.719981
7.876791 -9.609724
8.171350 -9.720004
7.877695 -9.609773
8.172119 -9.720090
7.880095 -9.610061
8.174166 -9.720443
7.886239 -9.611642
8.179430 -9.722026
7.900943 -9.619897
8.192204 -9.729514
7.930850 -9.661647
8.219142 -9.764962
7.967608 -9.866120
8.226247 -9.913930
15.415761 -14.851488
