-6.276209 -15.283621
-5.798040 -8.793448
-4.827471 -5.440515
-3.426431 -2.308743
-2.952836 -0.301004
-2.363953 0.132334
-2.442082 1.657638
-2.136234 3.209624
-2.206742 4.628245
-2.423043 5.491610
-2.461088 5.805690
-2.474727 5.927834
-3.008593 6.519919
-2.985850 6.520113
-3.009275 6.520483
-2.986559 6.520711
-3.010176 6.521105
-2.987537 6.521344
-3.011593 6.521654
-2.989225 6.521797
-3.014619 6.521561
-2.993271 6.521163
-3.023451 6.518535
-3.005986 6.515926
-3.053591 6.504068
-3.047097 6.510376
-3.091278 6.524321
-3.533967 7.003491
-3.657989 7.416006
-3.985866 8.324223
