16.119417 -4.630428
10.493617 -7.344351
9.386706 -9.964425
9.385404 -9.886407
9.320546 -9.659877
9.278870 -9.542678
9.107875 -9.386936
8.032311 -10.110644
8.284544 -10.117553
8.006745 -10.123485
8.262780 -10.127666
7.994851 -10.124688
8.252602 -10.128448
7.989225 -10.125066
8.247776 -10.128663
7.986610 -10.125218
8.245535 -10.128744
7.985398 -10.125290
8.244494 -10.128783
7.984832 -10.125325
8.244008 -10.128802
7.984565 -10.125341
8.243779 -10.128810
7.984440 -10.125348
8.243672 -10.128814
7.984383 -10.125352
8.243623 -10.128816
7.984353 -10.125354
8.243598 -10.128818
1.309659 -10.368021
-1.287109 -11.486663
-5.813274 -14.791263
