5.748122 -14.696980
3.235779 -13.276579
1.597196 -12.857472
1.737887 -12.864547
1.918573 -12.874141
2.139998 -12.891734
2.399903 -12.927483
2.696415 -13.007821
2.724144 -13.092132
1.975314 -12.696227
2.284286 -12.686418
2.222462 -12.464196
2.474069 -12.375576
2.330574 -11.911065
2.597955 -11.816457
2.661466 -10.506164
2.751690 -10.330052
2.832138 -9.914534
2.651302 -9.032796
1.872601 -6.688662
0.228583 -2.960711
-1.469031 3.405705
-1.909557 4.522832
-2.328963 5.602563
-2.943003 6.466677
-2.895699 6.425938
-2.827891 6.356545
-2.943430 6.467095
-2.896084 6.426333
-2.828233 6.356898
-2.943837 6.467492
-2.896451 6.426710
-2.828560 6.357234
-2.944225 6.467868
-2.896802 6.427066
-2.828876 6.357549
-2.944609 6.468220
-2.897155 6.427394
-2.829216 6.357828
-2.945081 6.468498
-2.897636 6.427624
-2.829846 6.357921
-2.946358 6.468324
-2.899224 6.427196
-2.832819 6.356680
-2.953981 6.464787
-2.909429 6.421846
-2.853891 6.345394
-3.010781 6.434979
-3.059761 6.494901
-3.285463 6.572522
-4.574687 9.353338
-6.477258 15.030766
