-13.484536 -0.531572
-10.318089 -2.139107
-8.090915 -3.490057
0.972006 -9.541035
2.805420 -11.797714
2.326821 -12.306319
2.642064 -12.318548
2.301344 -12.261552
2.612957 -12.260335
2.828768 -12.268928
2.550303 -12.263323
2.722113 -12.280216
2.427035 -12.275749
2.521961 -12.300761
2.807513 -12.311537
2.645264 -12.227077
2.342375 -12.231757
2.377069 -12.311842
2.682001 -12.320671
2.392102 -12.252658
2.689635 -12.252621
2.398513 -12.248899
2.694839 -12.248459
4.691428 -13.289160
6.519774 -14.932430
