15.755963 -13.166239
10.225599 -10.057008
7.750839 -8.866510
5.674943 -8.071912
-4.053378 0.095365
-5.448625 0.921302
-6.804506 0.912775
-8.860162 1.484536
-8.905282 1.479734
-8.859995 1.484250
-8.905012 1.479347
-8.859484 1.483560
-8.904188 1.478425
-8.857948 1.481937
-8.901700 1.476273
-8.853354 1.478223
-8.894215 1.471395
-8.839645 1.470054
-8.871843 1.460811
-8.798565 1.453276
-8.804573 1.440206
-8.677366 1.423602
-8.610689 1.409282
-8.334959 1.396461
-8.709200 1.690063
-8.627590 1.722054
-8.337283 1.858910
-8.668888 2.536553
-8.558292 2.692195
-8.253289 3.136018
-8.568265 4.292154
-10.292802 5.815945
