14.075028 14.574252
10.416725 5.509670
10.496656 5.341142
10.408099 5.535832
10.487019 5.368926
10.453611 5.428102
10.375193 5.590956
10.357080 5.644484
10.433878 5.488024
10.486061 5.360417
10.406555 5.527501
10.367928 5.614316
10.445576 5.454077
10.446678 5.456291
10.369274 5.616274
10.466508 5.401639
10.387757 5.566584
10.355212 5.631043
10.432976 5.472933
10.375707 5.587978
10.454258 5.424819
9.612235 5.375237
9.664183 4.023596
9.955738 3.502642
11.275325 3.472134
11.245241 3.439656
11.337610 3.484718
11.319343 3.447093
11.339436 3.489923
11.321569 3.452914
11.300183 3.412096
11.321590 3.453375
11.300180 3.412127
11.321588 3.453400
11.300181 3.412128
11.321589 3.453402
11.300181 3.412127
11.321589 3.453401
11.300180 3.412127
11.321587 3.453401
11.300181 3.412128
11.321589 3.453402
11.300181 3.412127
11.321589 3.453401
8.977641 2.620509
8.676483 0.689068
8.715585 -0.207820
8.782324 -0.965903
8.196459 -7.610394
8.280979 -7.030974
8.233372 -7.152016
8.309462 -6.650271
8.138415 -6.992388
8.225006 -6.848454
8.218999 -6.758199
8.081472 -7.651074
8.180841 -7.419017
8.226428 -7.195459
8.151349 -8.067857
8.212140 -7.486209
8.231133 -7.378314
8.317163 -6.823916
8.242009 -7.047733
8.192885 -7.768597
8.112677 -6.961601
8.193681 -6.828806
8.171688 -6.750997
8.000844 -7.658456
8.052135 -7.103904
7.587944 -7.394263
7.646567 -7.271480
7.492904 -7.227670
6.993157 -8.312443
6.626314 -11.014495
