6.574326 -17.211336
7.196842 -10.355325
7.521946 -8.008596
11.431661 3.484651
11.430758 3.435266
11.431661 3.484651
11.430758 3.435266
11.431661 3.484651
11.430758 3.435266
11.431661 3.484651
11.430758 3.435266
11.431661 3.484651
11.430758 3.435266
11.431661 3.484651
11.430758 3.435266
11.431661 3.484651
11.430758 3.435266
11.431661 3.484650
11.430758 3.435265
11.431661 3.484614
11.430758 3.435223
11.431625 3.483802
11.430709 3.434278
11.419537 3.472697
11.416337 3.422734
11.411665 3.432715
11.415530 3.480823
11.411365 3.434769
11.415263 3.482553
11.411355 3.434818
11.415255 3.482595
11.411354 3.434818
11.415254 3.482595
11.411353 3.434819
11.415252 3.482595
11.411353 3.434819
11.415252 3.482595
11.411353 3.434819
11.415252 3.482595
11.411353 3.434819
11.415252 3.482595
11.411353 3.434819
11.415252 3.482595
11.411353 3.434819
11.415252 3.482595
9.076216 -0.127491
8.998118 0.705510
11.373692 3.431075
11.383484 3.476275
11.373692 3.431075
11.383484 3.476275
11.373692 3.431075
11.383484 3.476275
11.373692 3.431075
11.383484 3.476275
11.373693 3.431074
11.383484 3.476274
11.373699 3.431054
11.383491 3.476258
11.373738 3.430829
11.383524 3.476071
11.373729 3.428773
11.383523 3.474329
11.367913 3.415954
11.378673 3.462909
11.241550 3.427125
11.272220 3.461277
9.959830 3.910734
9.767980 5.383626
10.399239 5.529140
10.479225 5.362381
10.441212 5.443330
10.362515 5.604612
10.475170 5.370624
10.395321 5.537009
10.492830 5.341090
10.412609 5.509364
10.352023 5.631453
10.430046 5.473411
10.377990 5.582677
10.456648 5.419014
10.417642 5.501085
10.340074 5.655876
10.418898 5.494573
10.341054 5.650145
10.421962 5.488245
10.344032 5.644580
10.425110 5.481771
10.347101 5.638857
11.339828 10.710475
14.192822 14.951034
