19.797693 4.870778
14.612771 2.402609
16.531509 4.629736
16.184277 3.682001
15.912783 5.881194
14.937287 4.492438
14.916802 4.219267
15.366584 0.507413
14.133925 0.497849
14.887838 0.963166
14.383631 -1.340045
16.342613 1.879305
8.795670 4.116694
8.820073 1.421653
7.641775 2.818537
7.369865 3.061937
8.558847 1.643679
8.954922 2.761010
9.881635 3.585533
15.635105 6.900472
17.724352 3.695613
15.791023 7.664064
13.925226 10.541496
15.962405 13.671597
13.856306 9.321312
17.855917 8.329371
9.471769 6.629067
8.109066 5.755331
11.905940 3.753461
7.091240 2.842975
6.682179 1.973157
8.204397 1.446378
7.070563 1.859324
8.148911 1.600174
8.399371 2.971161
8.704143 2.012076
8.456638 1.957048
9.688272 7.344442
6.390774 6.513138
9.039688 2.435985
4.090004 3.895038
5.535822 3.412057
5.661983 1.824588
4.479940 1.890118
6.556784 2.798991
8.419485 2.221949
7.404404 -0.407813
6.976584 -0.026944
6.899373 0.377489
9.566166 5.460512
8.457097 1.864203
14.412232 0.965724
7.472656 -2.135883
15.866759 2.201588
18.150059 2.634331
16.725250 5.493273
13.270141 3.526682
14.563944 2.925950
14.150423 1.816742
12.558992 3.523695
11.581712 3.517730
9.603748 4.523549
9.522205 8.874377
9.446625 4.749223
9.739306 5.918430
9.717651 4.834270
9.383968 4.259140
8.275826 6.793682
9.440850 5.626636
8.075499 9.061743
9.637960 6.315068
9.414438 8.634102
13.292092 11.420532
14.107827 9.774507
14.483059 9.183576
8.438185 5.545001
6.832708 5.996036
10.886047 3.707454
14.431662 2.480343
13.292588 3.561142
15.695127 3.064346
15.431505 4.177688
9.397821 4.478475
9.055989 6.473093
9.732838 3.679771
11.843405 3.662334
11.220904 3.503055
9.457153 3.881402
8.329849 4.072954
7.962939 3.762541
7.191429 0.188305
15.489059 0.721556
15.858755 0.408661
14.251203 1.599041
13.756705 -3.842321
15.271822 -9.163974
8.014604 -8.925271
6.845832 -13.561760
12.985976 -1.780185
12.906170 -1.726022
12.540260 -2.704876
14.443607 -6.929355
9.950261 -10.478570
7.222869 -7.943089
7.381859 -7.978779
6.880996 -8.106564
7.184709 -10.060101
11.013988 -10.580438
11.284351 -7.556134
12.326333 -6.934423
11.639580 -5.042141
15.369634 -2.233389
16.078495 -4.523644
11.586605 -4.791878
5.464859 -10.182410
6.791287 -8.033572
5.051307 -9.023442
3.959895 -7.371897
2.071857 -6.540460
6.893335 -9.068505
8.000604 -10.424839
8.885784 -9.965247
3.400801 -7.390768
5.866878 -8.071480
6.285376 -10.240168
8.320307 1.772179
9.192412 4.150652
15.092208 6.892550
12.793569 9.643828
8.341304 2.225049
4.999989 1.462144
7.946629 2.098075
11.395624 3.589300
12.971275 -2.557206
14.394440 -3.422854
13.920570 -1.637100
12.208860 -9.039702
12.406013 -10.349695
11.448659 -10.027141
9.822716 -8.710359
6.861413 -1.711254
6.909223 3.652661
7.218510 0.821171
7.407016 0.012910
11.987826 -4.097543
13.044130 -2.513007
11.842238 -5.333534
13.273489 -5.037313
14.999293 -4.254432
14.582014 -1.055277
17.549046 -1.644492
11.661941 -4.396030
11.605361 -4.744867
10.610881 -8.951709
9.895786 -10.515336
5.190091 -4.195297
6.071640 -4.554195
8.244905 3.880633
6.558459 4.901681
8.221289 1.471762
7.192836 -1.423049
4.525441 1.641649
3.721203 2.297839
2.992684 2.509028
4.062156 2.494086
1.118671 2.173977
1.322930 -0.168523
1.179623 1.510305
2.814889 1.310438
-0.382080 -1.012020
1.691162 -1.456917
1.360152 -0.268707
1.659547 -5.488519
2.697098 -7.108127
2.731501 -6.370831
3.039623 -5.284880
4.175477 -4.552112
3.929569 -4.200341
5.053115 -4.077036
3.821993 -3.957460
2.874942 -4.438766
1.025028 -2.864938
-0.241238 -2.230690
-0.313030 -1.734821
1.097809 -1.954766
1.208684 -2.919768
1.552583 -4.458248
1.016880 -3.734102
7.114313 -2.254745
7.374878 2.823080
7.117328 -2.192932
6.933378 -1.372318
6.900857 -2.076035
3.694487 -6.106425
3.456809 -6.045224
4.707169 -5.080514
3.875244 -5.238392
3.879152 -7.971733
9.138594 -8.895954
3.708718 -9.409120
4.723910 -6.205548
2.794888 -4.974555
1.515961 -3.333084
0.928643 -2.455157
-0.028475 0.709072
2.824277 2.442385
3.875877 1.144329
5.616008 1.929343
5.690072 1.105860
1.788228 0.001801
0.815150 1.034905
1.756090 0.723273
0.369917 1.178052
0.643153 2.114522
2.064905 1.258791
6.562985 2.053637
6.977646 0.823971
4.190984 -6.919262
5.288220 -7.273451
7.757657 -9.152190
5.563099 -8.756523
7.358953 -8.368697
10.655723 -11.085866
11.824124 -5.668622
11.411161 -4.223493
13.758177 -5.545602
12.902979 -2.718736
7.441991 -1.082334
9.824697 -8.324588
10.798939 -12.344277
9.417737 -8.521277
8.450212 1.736316
7.089869 -0.419776
8.796779 2.294090
5.971264 2.583084
6.006549 1.529081
5.391935 2.303460
4.875737 1.285471
6.156954 2.574395
8.807939 1.541953
7.410810 0.004933
6.836030 -2.101784
3.343341 -6.160350
3.765939 -7.570173
4.183056 -6.850430
2.909456 -5.540012
2.932045 -4.914774
4.674610 -6.795528
3.443296 -6.771544
3.397057 -5.356904
1.508155 -4.443393
1.556323 -0.975967
4.684530 -4.215737
5.957019 -4.097636
11.870485 -4.133273
12.685905 -3.791179
15.738630 0.338186
9.214510 4.133385
9.240685 3.755382
6.876196 3.668499
13.390293 3.736972
13.243237 9.117493
7.533811 5.156756
6.698820 5.152161
8.315605 6.061802
9.560310 6.544541
9.625513 6.618551
7.811638 1.685047
7.893141 1.705757
11.446329 10.799808
12.725732 9.957690
14.354870 10.597180
15.399603 3.738234
16.451529 2.589360
9.083759 4.176623
8.370255 4.011325
6.426184 1.337560
7.975535 3.144028
8.340071 4.591585
7.378146 1.308988
9.801023 5.609329
8.736310 5.801982
8.310022 5.181777
7.948329 3.549765
10.650820 3.688746
11.441160 3.617501
11.136212 3.762128
12.300322 3.643628
9.130791 6.087156
9.646567 3.906666
10.983520 3.469548
14.585099 2.390074
14.134572 -2.568149
7.917799 2.344106
5.704114 1.460539
7.085893 1.047030
8.603934 1.394685
6.922740 2.845426
8.473928 2.449400
11.064238 3.494715
7.162011 1.509913
4.901350 1.555590
3.202123 2.523176
4.164654 1.543048
3.472506 1.725260
14.575591 -0.240751
16.106405 2.099157
14.187235 -0.273353
9.600252 4.010057
7.783897 6.551531
9.029642 5.964773
10.526407 3.668576
10.856981 3.752102
8.792484 -9.721208
5.833997 -8.549088
5.866741 -5.995371
11.903290 -5.961207
7.825841 1.602267
6.415222 2.315808
8.422267 4.357836
9.771290 3.902236
9.565309 4.220338
8.177254 4.392137
9.070109 2.533643
7.365707 2.920980
7.075060 2.888175
7.534489 3.741158
8.379916 2.807772
9.553195 4.187770
9.851199 6.008512
9.314316 7.108397
9.061447 2.642789
8.161808 4.774711
7.594504 5.398986
9.063852 3.718645
12.654264 3.604958
10.152309 3.661110
9.168544 3.647822
8.465072 7.295351
8.901072 4.069330
9.834578 5.784891
9.464084 6.854822
7.751983 4.652798
8.488932 5.739189
7.012649 5.124484
6.533514 4.066601
8.614706 4.114694
8.480691 1.305174
4.151608 2.626444
7.460335 2.820529
6.587935 3.321402
5.755745 3.330089
4.740965 3.961855
5.757031 3.284344
5.939022 2.213315
5.187753 1.649548
5.696328 3.014321
2.082092 1.562042
-3.853419 -6.605612
-6.465110 -8.254366
-14.308724 -9.244474
