10.734953 15.044427
6.421192 8.082745
7.697821 5.648284
5.960181 5.218205
6.354336 3.124400
6.565340 2.603140
6.940854 2.926701
6.919019 -0.046005
8.056036 2.696906
8.649999 2.994898
8.159723 4.341996
9.786036 4.313785
8.443913 6.753455
9.749564 6.573457
7.928343 6.726988
8.916311 6.034976
8.753162 4.375351
8.008543 2.770286
8.990682 2.793639
8.071916 7.460731
8.883658 5.968076
5.702150 11.317428
11.698375 11.929456
15.735811 9.602789
13.659111 9.174539
9.125000 3.492615
13.904384 3.494957
14.921721 3.008664
18.929497 6.042025
16.622183 7.623920
18.689941 7.033102
14.713049 13.810273
11.369447 13.961871
10.884802 3.742631
7.014953 2.380769
9.879097 3.482109
14.546298 2.497940
14.201541 3.663334
15.922901 -5.307179
14.321748 2.954234
9.374685 5.225350
9.282808 6.222287
9.038708 7.648182
10.520330 3.508968
8.878605 4.125317
8.388778 6.265082
10.904396 11.207671
8.127917 10.123351
9.326428 7.728231
8.459764 3.449192
6.161431 3.959731
14.528475 2.358164
16.491558 6.863599
16.229057 12.722754
16.600208 5.132555
15.423333 0.013358
15.570786 -2.436770
16.365704 -5.527506
12.487311 -5.932316
11.250618 -3.783175
14.563288 -4.706659
14.943232 0.115398
14.113866 2.337532
18.668728 1.917022
16.093140 -1.365875
15.079919 5.009224
14.946044 7.168750
15.400938 9.497775
9.100801 5.720699
8.383394 3.298111
8.826941 2.451181
5.993945 5.228019
9.462711 5.249802
8.987604 11.447985
9.522162 12.400975
10.206642 12.089160
11.224203 11.454303
11.744921 10.060456
10.136074 10.035875
8.338370 6.052725
6.135918 4.481942
9.398332 7.065857
9.549096 3.488992
8.199830 5.285774
7.184241 3.619718
9.840752 5.968835
9.838197 6.232030
8.171821 6.533946
8.263272 8.319226
7.516153 2.597449
9.098523 2.010364
9.040506 1.866834
7.804107 3.543957
8.493766 1.768286
8.974276 1.962533
4.480420 2.684477
5.896729 3.034458
8.707739 2.817090
8.239957 3.649004
7.842150 1.286855
4.846536 1.854146
3.786167 1.808040
4.976341 2.491287
6.199163 2.185880
7.394975 0.300355
7.358615 -0.089035
4.765520 2.956495
8.477442 3.083417
11.134157 3.698699
15.833223 0.855254
15.718447 0.520466
17.081318 0.053781
14.950247 5.421851
16.575462 6.703436
16.081522 5.546390
14.994863 5.942167
15.272003 10.326200
12.450796 9.909535
14.298919 11.301530
12.604587 12.357039
9.805284 7.808343
9.041668 6.678394
8.515601 7.922978
10.336340 9.648099
10.934788 9.272717
11.828884 9.803567
13.851027 9.384624
11.942952 12.292470
16.260967 9.637507
16.688852 6.029387
9.027386 1.539353
12.678096 10.147853
12.004344 10.510125
11.247475 3.763476
11.548309 3.501109
14.075958 9.196156
7.025307 7.668061
8.493301 6.294700
9.677817 5.324478
8.298899 5.360569
7.906891 2.803628
8.654161 3.321335
8.980940 1.777870
7.400742 5.423308
7.963537 4.024748
9.269615 4.743940
9.586940 5.833117
9.355930 5.884980
9.534124 7.551814
9.515422 8.138340
9.390373 4.347740
8.421540 1.457454
5.570464 1.209537
4.346148 2.232912
6.909807 0.653033
7.629684 1.594870
8.586776 3.522134
9.595798 4.590287
7.809183 2.918182
9.994211 3.787941
6.500607 4.617153
7.152763 4.571743
6.423694 5.218590
9.677584 7.638525
9.312237 4.270175
7.823760 3.470177
9.210108 7.788177
9.376448 8.335959
9.131596 6.516459
6.591732 11.391898
10.382880 9.990709
14.948529 10.797120
12.002661 9.068698
11.113779 9.197785
16.364161 12.100022
8.199681 11.355235
17.117767 3.302490
19.837048 11.336669
15.642131 13.360368
15.616999 6.258100
15.615689 5.030793
9.460198 4.487527
13.032220 3.531247
7.821217 3.737234
5.790736 1.427452
5.987266 2.101342
9.551602 3.424710
7.253533 1.147942
5.455236 1.142688
6.434574 1.334216
7.428545 1.391017
7.455625 -1.406302
8.847740 4.217357
8.486099 1.935440
7.773085 2.648680
9.589652 3.912203
7.274665 0.267833
7.604145 2.119308
5.907931 1.979210
5.209487 1.689581
5.334383 1.331913
4.420561 1.232825
4.179900 1.299024
3.498005 1.688639
4.963977 2.226611
9.086335 4.295393
12.268985 3.485437
13.322213 3.584572
9.834716 5.774406
8.731205 8.243305
9.659316 8.629247
8.545248 7.247202
8.734803 7.847362
8.642629 8.318613
10.695943 9.477136
11.381611 9.264058
11.781446 10.074737
6.817195 8.849166
7.469663 8.999145
6.516068 6.471769
8.354347 8.247616
9.242565 7.747782
7.493951 7.390991
9.155956 5.388991
9.015203 5.168611
15.093573 6.008797
16.438820 6.392021
14.293281 3.434136
19.882235 8.760290
16.628311 11.212710
15.324409 8.568783
9.298437 4.731422
8.990256 3.775932
6.494744 2.957207
8.900953 2.001402
7.300085 3.429079
12.226918 3.708686
14.251324 3.542972
17.215668 7.449858
12.037039 11.072064
17.802025 6.168123
17.650509 7.556286
16.800800 7.114131
18.164297 4.129530
19.317831 7.627889
15.696337 6.605457
16.335756 5.782314
14.851333 2.083028
14.359482 3.459968
16.325197 1.713437
14.798368 3.014004
16.103302 3.081035
14.616364 1.293103
11.398303 3.714210
8.111807 3.187917
5.694330 2.347358
9.393666 4.535869
9.170673 5.531446
9.175867 4.607265
9.846395 6.852925
10.824232 3.622038
15.701823 7.213003
12.402170 9.380437
8.402849 5.796002
8.322531 5.741422
8.830769 6.501436
8.150683 6.020998
10.110870 10.244966
7.654574 8.879947
9.525262 7.011861
9.646228 3.864967
15.069957 5.459960
19.696552 8.623384
16.594486 7.490091
15.151752 4.285722
9.536285 9.432796
14.089397 8.830489
14.610701 11.207461
15.979902 6.982130
16.206347 10.322512
9.990269 9.656863
9.740740 12.010939
10.233709 9.157966
5.747017 4.993503
9.566554 6.263623
8.633086 4.897583
8.364461 4.390704
9.727601 4.407358
15.330363 -3.766280
15.016381 4.253602
15.013753 5.611327
15.385254 6.107159
19.893192 7.076263
16.395245 13.015890
15.335751 4.582300
15.305980 1.438419
8.583163 7.489891
7.296168 8.468946
9.168721 8.295976
8.178409 5.275253
9.274865 6.263823
8.727469 5.492684
7.808750 5.256151
9.112702 6.013188
9.771544 4.217620
7.270474 5.969304
9.846011 9.295293
8.130292 6.798790
6.110354 5.915862
4.583670 5.001356
7.722504 3.312076
6.314828 2.030544
7.342229 2.212049
12.696901 3.768455
12.007355 3.450168
10.343054 3.769094
9.320844 4.756248
8.971327 6.957499
9.119492 4.417311
9.941275 3.458769
9.259711 4.299944
8.357461 3.189811
7.581898 4.803634
7.265988 8.030984
8.966866 6.356364
7.037568 3.297940
8.265680 3.084941
9.105439 3.392647
7.562334 6.073654
9.024307 4.687962
8.479994 5.383729
7.455462 7.694582
5.560223 9.436378
6.656282 7.522033
8.609304 8.179464
9.560080 6.166704
9.880445 3.582411
8.382826 7.234518
9.585485 5.641010
9.193424 6.413367
8.981357 4.487224
9.398966 4.077867
7.891666 1.839667
7.911737 4.474806
7.866019 3.769714
9.062419 5.407854
14.417754 3.119217
16.103638 4.754769
15.858800 6.654024
12.229978 3.781470
10.707464 3.463199
15.210362 8.864700
9.464902 10.351750
10.147313 10.679999
15.659888 8.841311
14.943255 0.138056
16.063887 2.944495
16.805372 6.847489
15.057600 8.189038
8.927553 11.582115
9.749082 5.734722
13.545731 3.513374
8.940573 4.008852
9.470455 8.230517
9.168571 7.196771
9.821946 6.312398
9.190680 7.750055
8.105564 5.799345
8.194376 5.166825
10.663063 3.463959
15.945203 5.799046
15.451385 2.588891
15.113609 5.664985
15.688783 5.873556
16.046032 6.767593
19.027836 5.600595
14.554829 3.112892
9.691638 6.853467
7.843337 5.810824
12.513453 9.075248
11.564855 10.666274
12.216291 9.443625
10.853903 9.109421
9.141172 9.222118
8.685226 4.397169
7.754264 3.941683
7.966200 4.791638
8.221933 3.302088
7.927244 4.989884
9.481602 6.938015
8.710769 2.695812
8.994162 6.733211
4.482978 2.030624
7.720177 3.334580
9.769535 3.587936
10.101794 3.507274
6.250038 3.925131
11.461564 3.655777
4.688315 1.246706
5.464306 2.852105
10.661576 9.092784
8.579532 8.461783
8.334410 6.664125
9.509437 6.763116
8.377321 5.446545
7.093450 6.566139
9.466709 6.029310
8.981891 5.485995
9.329012 4.107091
7.157736 5.431004
7.161879 4.702587
8.496341 3.846306
8.413735 2.745267
14.915049 1.692880
12.389898 3.569027
12.129610 3.720310
18.414560 5.424066
17.644320 0.725380
14.466434 2.308370
10.995789 8.931032
8.912932 6.290585
9.228820 8.397009
16.808718 1.619591
11.340390 3.475412
9.731518 3.705667
16.864044 7.593339
14.742282 9.795732
11.995215 11.160435
12.940552 9.092109
12.485508 9.459737
13.454660 8.883541
12.777890 11.579265
12.619648 10.030053
15.070049 10.929046
9.057815 10.388992
9.791174 7.249146
9.033853 6.869610
6.987173 6.122360
8.968865 9.583746
6.736941 5.021114
15.590174 5.169522
8.571801 3.857663
9.051481 2.557290
5.802176 1.239865
5.578646 1.554295
9.427487 6.627376
9.673112 4.236869
8.733969 3.329703
11.312426 3.571333
8.454564 3.712366
8.196145 4.346012
8.625326 2.731877
8.172565 2.373992
9.713789 5.739573
9.257227 4.489302
9.707189 5.954964
8.630439 4.478022
8.280830 1.954439
9.380529 3.893936
12.293256 3.617702
8.565248 4.861981
9.301884 4.683307
8.906459 2.302832
8.642314 1.918980
11.040934 3.767483
8.122865 4.522897
8.595131 2.376794
13.066432 -2.739630
12.145879 -4.290492
10.631122 3.602884
8.522643 5.000908
6.552584 2.828212
7.234551 2.998598
9.643290 7.054215
9.724337 5.353554
9.482818 5.452712
7.138540 5.254894
8.028732 4.453611
9.945317 3.601693
8.552766 3.997858
9.565656 8.870000
13.044668 9.891456
13.123291 12.769757
8.076158 9.057370
9.495420 5.585186
8.670131 2.427156
8.842684 3.844277
16.135498 3.018697
18.892506 4.067053
14.963895 2.651862
9.653811 5.316486
14.329494 3.654613
8.044179 1.350901
7.497081 2.948484
7.707079 1.855345
7.645302 2.231404
10.931148 9.877740
9.772779 8.987891
9.504493 4.556837
15.590849 1.960300
17.145817 0.774566
16.200033 2.965263
15.808556 0.653502
16.617470 5.886886
18.930164 8.162526
8.404432 3.682194
8.419280 4.540322
14.938167 8.939146
17.548025 4.840303
14.403533 3.477059
11.759038 9.044907
8.552923 9.188580
12.954546 3.416832
15.127554 4.035912
16.809511 1.106429
18.786129 2.635569
8.926120 6.284976
7.530626 1.469996
6.221152 1.196856
8.950730 4.165816
8.560977 3.493987
7.790738 3.984761
9.709222 3.476066
7.176391 3.985074
7.900968 3.271852
9.489774 3.899265
9.266893 4.409225
8.728213 3.707998
8.725806 6.808502
9.304137 6.777846
15.444399 4.851334
18.279020 5.866150
13.486261 10.765571
15.397129 8.166060
15.845975 2.041298
17.620584 3.991055
8.597353 2.115919
13.697861 -4.654819
16.841560 -2.667917
14.570705 1.636260
14.900619 -1.715594
13.985034 3.483510
12.007057 3.770302
9.256844 4.322953
7.850444 4.052383
9.210077 6.337600
9.695753 4.658572
9.010518 3.663003
9.355503 6.646335
7.959305 5.723431
6.731341 10.837230
7.349200 8.522813
7.313354 9.299071
12.341632 12.508502
13.112696 9.375686
11.815876 12.048186
6.899760 9.928042
9.745596 4.865645
8.748472 2.632591
7.477210 -2.091133
1.035018 0.796374
1.717427 0.426328
1.391409 -0.160933
0.399389 -0.218736
13.189157 -2.005382
14.699955 -3.307176
14.525321 1.516621
14.259511 -0.960425
16.083048 10.415160
14.770962 11.279422
7.132631 4.904459
9.395689 6.210191
8.903600 1.418100
14.291759 3.654541
13.031591 3.629251
14.372166 2.759494
14.238245 -1.912496
14.533872 2.956431
13.841920 3.713995
7.194814 2.288267
7.012549 4.280514
9.022829 8.681642
8.095234 3.438942
6.994772 1.617901
7.813207 3.490149
8.029349 2.650106
8.427974 2.121896
8.928160 2.288114
8.903513 6.093694
8.223395 5.886134
9.829329 6.073967
7.371365 -1.899770
7.400923 1.432821
6.262127 1.512545
7.226819 2.635563
8.142742 4.170563
8.091469 2.887616
8.379802 1.994306
6.788507 1.270325
7.249929 0.279321
8.947953 5.688970
9.636692 3.530438
8.841010 3.508559
8.769197 6.995640
10.739527 3.694884
10.959972 3.514004
15.001999 0.765023
15.407755 4.095010
8.692921 2.678344
7.890250 5.403348
8.733662 1.295051
9.142517 5.147222
7.155691 2.288044
9.185530 4.487219
10.683617 3.673174
9.848993 3.666670
10.280603 3.650979
12.555461 3.433066
9.296273 3.424211
9.423433 4.996912
9.665078 5.725026
9.503473 4.384756
8.353492 2.894604
9.074916 3.408334
7.400955 3.112065
6.281456 2.624930
8.167447 1.977388
8.065465 2.574189
8.445308 3.198956
8.005831 1.330036
9.351748 -7.828702
6.397875 -11.796617
9.776325 -10.705587
4.564161 -8.000138
4.883005 -6.307161
2.208261 -6.185706
9.428103 -9.886248
7.559044 -14.039606
9.214572 -14.715948
10.782060 -8.896523
9.725288 -8.390158
6.217459 -8.064269
5.876249 -8.448672
4.725669 -7.296793
3.330605 -5.518133
5.435741 -5.375112
8.753298 -9.519526
5.583923 -8.950859
5.369655 -4.511552
14.118613 -0.259900
8.391666 1.512825
6.629481 1.558852
7.681635 3.802958
11.242917 3.416072
16.207010 2.289043
16.134611 -2.578622
14.784400 -0.397252
15.280993 -0.503830
13.966047 -3.142564
15.088703 0.874961
14.697401 2.502943
18.642239 7.652927
17.271351 7.955966
12.220860 3.470170
15.351862 0.990904
15.162422 7.982687
14.620415 -1.081054
14.576119 -10.351567
13.348129 -4.751334
8.855233 2.786749
8.628911 2.591145
7.358445 -0.371404
6.953036 -1.082286
5.427833 -8.045847
5.822392 -6.087869
5.685550 -4.836726
16.031126 5.833474
14.911207 7.314394
8.125175 5.231096
9.323688 3.516931
9.216986 5.130319
9.624119 5.924272
8.177771 4.881201
8.940562 5.143596
9.553912 7.323580
6.729221 5.461558
7.957638 7.302749
10.432037 8.824127
8.369465 9.038269
9.299388 6.887785
9.138866 8.714245
9.621515 4.421369
9.171093 6.860361
8.669662 6.763967
9.111408 3.512666
8.883282 2.874175
8.136418 3.747696
8.035752 5.006114
8.946737 4.673977
15.002246 7.930377
6.879597 4.586605
8.554330 2.488471
7.362213 2.838415
6.181404 1.705975
6.758164 2.103045
7.409226 2.995174
7.059795 -1.379013
6.954037 -1.193421
3.048264 1.423407
1.524230 2.428800
1.299376 0.383032
1.417112 -0.636133
0.899670 -1.625933
1.731236 -0.868923
1.637209 -1.167983
4.745355 1.535783
5.533453 1.293287
3.600645 1.936951
4.810626 1.502894
6.515779 1.603730
6.873340 2.830431
8.034254 1.866534
9.743181 4.134323
9.746703 3.547715
9.375787 6.538370
14.607270 9.443986
15.016760 11.856584
19.292028 7.142397
14.923740 5.608217
8.137603 2.682849
7.235131 3.520862
9.427334 4.036326
7.886697 2.810975
8.831602 1.830614
8.121017 3.219368
7.057161 4.719181
9.027798 3.149576
14.142681 3.119130
15.332396 4.486940
16.880610 -1.264963
10.675204 3.484526
7.306049 4.660909
8.663613 4.601602
9.817333 5.043596
8.262042 5.856893
8.762334 6.474998
14.427656 -0.147864
9.617168 3.931440
9.802454 5.192315
8.330021 4.625432
10.720449 3.714688
8.329165 4.419809
8.163272 4.179009
9.554348 7.970952
9.773979 4.255686
7.179722 1.572705
7.209565 2.103044
7.807536 2.363570
6.714281 2.431591
7.711728 3.043568
8.933602 2.843940
8.201484 4.151051
6.543298 2.663274
10.534443 3.594253
10.019497 3.631558
7.316523 5.406762
9.185402 5.693161
7.429531 1.304393
8.695652 1.615359
8.809402 2.663778
3.842311 2.038582
1.533345 -1.522477
-0.255436 -4.036538
2.075322 -5.027575
3.816846 -5.156911
5.138526 -8.869599
6.123758 -7.287454
4.113735 -8.412645
3.883081 -6.062918
5.324987 -4.866543
6.933731 1.536074
7.238698 1.442703
6.227117 2.062917
7.840851 2.085485
8.270121 1.626625
8.195297 1.579532
6.893901 -0.475473
7.394428 2.132208
7.374034 1.002600
7.300993 0.501872
7.033720 1.272826
8.865194 2.179271
7.384334 1.509852
6.787797 2.414760
6.836925 1.597076
7.134597 -1.573178
7.551287 1.899544
9.656656 4.714836
7.293252 1.221945
6.233089 2.212816
16.667658 1.507385
19.314835 6.830120
15.646116 6.003735
19.333828 0.473392
15.512853 0.634619
17.988134 4.089670
16.914469 5.458427
16.398140 2.940197
17.753645 7.737871
13.774971 -3.250434
18.351559 -1.695243
18.151117 6.332422
17.346945 3.122200
14.798660 3.348352
18.718576 1.566609
15.242687 3.991597
16.447552 1.846542
17.184137 5.026305
15.150892 6.626102
15.812059 10.092586
9.488035 5.764213
8.164632 6.386678
8.476590 5.860470
9.225792 7.642807
7.303411 7.071576
6.971431 5.119791
8.091571 4.251925
9.448428 4.283710
9.296452 4.680350
8.432289 3.170361
12.918520 3.651369
14.112617 3.197344
13.435379 9.895236
9.142857 8.657477
9.032357 4.084611
13.713245 3.572901
16.893301 3.124843
16.158474 -0.303976
14.245129 2.211174
15.595442 3.388738
8.506933 2.244761
5.867082 1.125672
4.494799 1.415464
6.313751 2.093431
4.909327 -4.518357
1.190075 -4.931386
0.996792 -3.437928
1.758285 -2.059868
0.262616 -1.405881
1.328925 -1.697051
1.498522 -0.196692
6.208508 2.350162
5.219384 1.185552
5.150387 1.242639
4.681706 1.299855
5.151251 1.438037
7.249676 1.866180
5.206557 2.100571
7.202917 -0.808574
7.533443 2.267988
5.596694 1.853006
4.639117 1.290819
7.385260 2.673855
9.611669 3.816321
7.729271 4.245862
7.921225 2.310124
3.956177 1.626460
5.264067 1.112934
5.319399 2.272895
5.117294 1.845553
7.700726 1.674859
8.825665 1.607370
5.572883 1.899559
9.757842 3.844626
8.279710 4.110812
7.187436 2.017340
7.172855 0.720756
8.110582 2.337495
6.623357 1.419322
9.305944 6.687419
8.773269 5.762120
7.397599 3.027196
9.654661 3.788023
9.182000 6.079331
14.914742 8.545947
14.908373 4.861747
14.995306 3.164112
14.956879 2.169883
15.557428 2.569772
7.040867 2.812797
8.933188 4.136346
13.380436 3.489105
8.997436 1.972330
17.038504 5.032846
16.034281 4.278043
8.243219 5.088434
7.043359 5.634070
6.333292 4.304674
8.024964 2.500567
9.420556 7.357180
14.802816 1.702084
15.135036 -0.140487
15.547459 2.107560
15.955853 1.260259
8.867124 6.844961
11.031158 10.456051
11.682469 8.808366
7.508845 5.104561
6.832865 4.456844
11.789323 3.618001
15.679209 7.261611
15.617800 5.130890
17.939749 6.360220
16.455639 2.174778
14.973553 -4.341211
11.202573 -5.793428
6.845435 -2.150635
6.899468 -1.938823
7.302795 0.137812
6.620318 1.894420
7.292990 0.120359
7.160092 -2.184003
7.960311 -8.754383
6.631203 -7.989046
4.748330 -6.758251
4.619869 -9.826370
4.457707 -6.256107
12.865494 -3.219253
14.880487 -6.976045
12.661020 -4.732245
8.107726 1.778416
9.006037 3.149699
7.029575 1.404336
11.493285 3.739940
9.702166 4.735020
8.638570 4.332141
9.507999 4.033358
7.336478 4.904802
8.713200 4.065264
6.776858 3.382746
7.221055 -0.020802
8.582301 1.288916
8.777570 1.372987
8.309209 3.373940
9.066151 3.268333
7.978923 1.774921
7.399684 -0.552626
14.983273 -2.595931
14.193419 1.741806
17.195002 4.430178
14.544460 1.102923
14.176390 2.066301
15.542882 0.985705
14.130401 3.312106
16.792091 3.217190
14.158709 2.282915
16.826004 3.178991
18.761749 4.167338
15.172853 9.231116
13.459604 10.305548
8.021993 3.144701
9.617157 4.506763
8.019021 1.383045
7.846437 2.335302
8.973876 3.711976
10.591967 3.654755
16.377384 4.702821
9.283170 8.293578
9.826948 4.061878
6.125567 1.294290
5.774198 1.677996
7.807093 1.408842
8.844595 3.429601
8.228157 4.403872
8.440112 3.402946
9.278647 4.830969
8.412270 2.336391
8.643496 3.087225
8.497632 3.381080
11.479759 3.681483
11.513840 3.413579
10.120266 3.782991
8.677975 5.209413
6.664053 2.428557
6.652377 1.497680
9.224053 4.013388
9.774120 5.412413
8.071308 5.127197
8.493246 8.533534
9.287786 8.469361
9.774504 8.972859
8.463864 7.861342
9.004872 5.728543
8.842370 5.958735
9.110518 7.664338
9.797889 5.942009
8.101502 8.326255
8.847969 4.492081
8.259319 2.790723
8.143873 2.550184
9.009957 1.996511
9.070919 3.919176
8.830463 1.523014
8.188402 1.967097
8.876073 2.576045
6.396474 5.668347
7.465629 3.707829
7.330615 3.154205
8.397742 1.698596
6.338820 4.950529
9.647088 6.001236
9.579673 4.660179
9.512213 8.593004
10.729368 9.760926
13.413723 10.257412
8.974873 2.846205
9.075059 1.665637
8.547552 2.034811
8.266771 1.801501
9.866735 3.565083
16.354939 2.410873
18.712624 1.846915
14.264627 3.475194
15.229339 -2.589178
13.607162 -2.846579
13.798228 -2.059563
17.429960 2.437210
15.962857 7.103794
8.852836 8.636363
6.957241 10.720735
9.400122 11.011456
11.128518 9.516635
8.588070 9.053496
9.606293 3.496761
6.422069 3.514666
7.305984 3.979144
5.177091 4.469662
6.564770 5.695113
8.904703 1.781132
8.845923 1.513757
8.457865 2.815772
8.884504 2.656001
7.908318 5.885954
7.045135 -0.002261
4.599881 1.226046
4.730438 1.824625
4.507296 1.643316
4.094843 1.584279
6.078521 2.127534
8.416994 2.046925
4.467809 1.129833
6.625109 1.480240
9.442081 4.117880
9.561450 5.437061
7.754492 4.507707
9.287994 4.177893
11.398008 3.654927
9.955862 3.642814
10.919918 3.731150
11.863368 3.485303
11.625024 3.450071
13.571873 3.553993
10.999998 9.584991
9.691330 3.509084
8.700197 4.955821
9.095203 7.615130
7.511398 6.409223
8.885785 6.617243
8.433398 5.131991
4.072885 5.939198
6.465680 4.663682
9.005907 4.621699
12.094010 3.729194
11.337678 3.629850
11.889482 3.686778
9.343094 7.712149
7.916767 6.963790
6.089532 4.472265
3.409240 5.751421
0.933401 4.513930
10.366838 9.064328
15.194635 6.224004
10.360048 9.201504
8.158523 7.588718
8.358071 7.933827
8.137171 6.820609
8.651779 6.037537
7.968847 5.289526
9.333722 7.775985
11.923673 9.662354
10.234267 9.618409
9.389008 8.383606
9.120942 5.621103
9.593043 5.577718
9.076998 2.692916
15.896914 1.920230
9.222958 3.508732
8.238523 4.731285
8.641655 2.528972
12.007991 10.293395
9.037831 8.685254
9.337342 5.961046
9.393418 5.151192
7.563332 3.882354
8.377633 2.361887
8.989653 3.510577
7.436423 3.395797
9.535828 5.135508
8.361072 3.611068
7.438044 2.051534
8.454151 5.060543
7.959546 6.697656
7.495995 6.657102
7.186625 4.848568
6.352005 5.373890
10.081420 3.590214
11.316797 3.681947
15.466463 4.313134
16.158543 5.795381
14.491308 2.947738
14.866027 2.329926
14.204870 3.284448
15.478275 2.112996
15.463508 4.029427
13.838134 -2.965999
14.376788 -1.058486
14.483257 -2.082773
15.488218 -4.378770
13.236076 -3.271457
11.595330 -4.467856
11.263057 -4.188994
14.201286 1.492756
13.164802 -3.561439
7.201200 -1.234299
7.494825 -2.103424
7.589215 1.544091
9.256490 8.768340
8.659984 6.423644
7.718241 4.872820
6.746879 6.029507
8.257715 7.493411
8.676495 2.806757
5.755775 1.762943
5.177054 1.178273
5.901602 2.867600
8.555981 5.418411
8.876106 4.051961
9.776755 4.095291
8.714920 4.901222
9.526909 5.472838
8.654662 5.404617
8.745904 1.731959
8.537514 1.702898
7.208055 3.402514
8.866764 2.185674
9.356330 6.640088
5.614344 2.605546
5.346916 3.001758
8.180676 6.575155
9.675701 5.019384
8.072544 5.551048
8.601665 10.528003
10.600593 9.168657
10.508097 12.198228
9.489110 7.334249
9.632527 5.235017
9.279396 3.469960
8.124733 5.243171
8.492902 3.600635
6.024145 2.897317
14.672529 1.526529
12.898510 3.784454
17.688360 3.500774
16.297211 3.014228
16.941023 3.069821
14.781997 0.235179
10.755184 3.498923
8.442517 2.160491
8.877887 1.309248
12.099566 -4.068729
7.156431 1.568563
8.474868 2.945609
8.233540 2.499298
6.707051 2.488477
6.878320 1.529185
7.333869 3.525567
8.814021 3.158637
7.653271 3.741947
10.894702 3.619828
8.273285 4.540201
8.893312 1.925595
8.233629 2.705035
8.706316 1.652918
7.499238 -0.881038
7.395687 2.775723
8.805701 6.029822
10.929559 3.467423
8.536967 3.368956
9.466393 5.820487
9.797236 4.089092
11.091872 3.542650
11.122595 3.684822
9.130920 7.814184
4.209432 2.556635
5.145144 3.197235
8.265256 1.369536
9.719509 7.522820
15.411869 7.412028
14.520827 2.801228
15.567036 3.019431
8.941068 1.392387
7.945636 2.729512
8.438070 3.999152
12.645519 3.617109
16.388950 3.046940
14.331921 -2.361501
13.531408 -1.899954
5.881384 1.197216
9.766775 6.415908
12.002524 3.553789
15.245741 11.277654
15.224831 6.910695
9.385552 4.597384
10.664831 3.552173
7.924616 3.619610
7.741015 2.735354
6.198521 3.429785
11.858421 3.482584
10.236370 3.712586
10.044981 3.778348
7.729550 6.427616
8.402321 5.072171
8.837238 6.012978
8.954479 5.557260
8.276466 3.094251
8.523377 7.680067
7.989556 4.775907
6.264273 5.571114
9.368147 5.756661
7.624665 6.753767
6.773098 8.659567
11.957949 9.240689
15.034193 2.290041
14.311178 2.654971
15.427985 4.688171
14.578107 3.341367
12.127128 3.672110
14.433853 2.284500
14.900284 1.852319
14.906065 6.462157
15.514457 1.878404
14.959498 1.615923
15.539762 6.559128
7.841958 2.459644
8.531769 4.059018
8.467900 6.347335
8.704633 5.056748
9.067083 3.638093
8.970209 3.025454
12.200243 10.909925
13.412892 9.305334
9.727594 6.075903
8.464363 5.884812
9.568518 7.274092
9.545291 7.015688
8.893732 4.641971
11.953926 10.075047
12.618191 12.115258
16.427372 6.977229
13.943985 10.254550
16.223131 7.211248
15.266970 8.652695
11.888226 10.417164
11.461573 9.186374
14.716656 9.579251
16.051529 5.180137
17.363968 5.819026
14.762815 0.065864
19.852135 2.677011
14.644152 3.264201
13.038573 3.734587
10.664871 3.471981
8.039181 3.529791
7.460076 3.232377
8.694795 3.982543
8.578769 1.832322
8.261961 3.978939
9.540934 5.222045
9.543083 4.815130
8.673733 5.399625
5.860560 3.990019
8.450976 5.074793
7.327067 6.664910
4.635896 4.079015
7.660466 4.449333
8.785709 7.200823
7.092913 2.040852
9.810694 6.642317
9.551962 7.964219
9.616279 10.745368
14.653080 12.204809
16.010777 5.167342
7.502056 2.222760
7.933733 2.369390
8.896955 2.986691
8.818832 4.471170
8.128916 1.809027
8.450058 3.614558
9.799604 3.875578
8.873198 4.161904
6.810143 8.729489
8.290640 8.784789
12.841640 9.125663
12.120443 9.433522
13.548180 10.854992
15.248491 11.242728
10.929773 9.975032
5.465763 10.482581
9.574244 5.855720
8.848466 5.191298
8.749814 8.370817
9.327781 10.573390
9.168682 9.672395
9.600357 9.217422
9.082860 7.483734
9.545285 4.300474
9.378550 4.327441
6.524495 6.346690
8.948854 9.128798
11.176604 9.008548
7.893144 9.070539
7.771817 6.550786
8.619696 1.843985
7.053696 4.053520
9.980935 3.628926
7.935543 5.152894
9.328499 4.417182
9.062274 5.360647
8.950989 4.965977
7.918440 4.559953
8.656497 2.692497
6.422741 3.519279
7.552034 1.556303
6.107641 2.080044
6.886633 2.378975
7.011746 -0.646885
7.443828 0.733972
9.935032 3.454623
7.395036 3.370872
4.704615 1.451179
8.108253 2.935279
8.010434 4.388291
7.802536 6.170504
8.299038 1.738592
6.758088 1.330742
7.620089 1.861969
9.114182 4.859493
8.947412 4.705115
8.620335 2.434213
8.898312 1.263349
8.306648 2.737217
9.666501 3.925118
9.790409 3.902813
7.847280 3.644965
7.131573 2.820592
7.790469 3.369717
10.052596 3.627120
10.035229 3.677589
11.898157 3.604638
13.045191 3.706647
13.222392 3.606788
10.653229 3.701221
12.403341 3.598403
12.018103 3.729193
9.179521 5.676271
9.821971 3.482276
8.848177 4.331147
7.659559 6.281257
9.086624 7.710639
9.377769 7.812183
8.092525 4.444188
4.347433 1.870203
4.329567 1.720960
7.410039 3.588708
10.793695 3.778601
8.185629 2.762760
7.747098 2.111821
8.007835 2.571570
14.786633 1.451746
17.550064 1.039666
15.186810 2.864066
16.120461 9.170641
11.304488 12.052949
10.374260 8.866384
12.198404 10.831819
8.386631 9.598048
9.737316 6.351717
9.048819 5.590932
9.769682 4.200391
8.742965 8.018439
8.284157 5.717552
6.200305 1.263465
5.127979 2.312824
6.171375 1.846256
7.414526 2.650044
8.141955 2.315793
10.564333 3.561709
9.736242 7.003195
9.833414 6.204907
9.061101 5.507145
7.505542 8.687476
7.753290 7.179098
7.429682 7.029541
8.441960 8.951286
10.830568 3.666023
10.123370 3.556022
11.605802 9.586846
10.148008 11.923056
11.553949 10.096633
11.139674 9.461307
9.819569 4.682920
9.524429 4.030691
4.788274 3.099132
4.009393 1.650016
8.555037 3.245648
9.572628 4.668612
11.471708 3.727492
9.481619 3.751860
10.777491 11.334434
10.200562 10.978741
15.479165 7.546281
16.095322 4.599161
14.690155 3.368225
14.592581 1.360862
14.111037 -0.634175
17.713369 -4.586851
11.899909 -4.360294
13.141863 -3.271181
12.279757 -4.417414
15.458117 -6.302571
15.447769 0.473665
14.179678 0.381508
15.281548 2.258993
11.160532 3.638875
10.867486 3.609738
8.785558 -9.887385
12.839433 -6.453960
11.669817 -5.612211
13.474324 -3.337750
18.137745 -2.099581
18.726007 0.814986
15.707150 2.164987
15.016376 1.231384
15.284641 8.426194
15.741547 6.552907
16.235458 3.620222
14.956848 7.379532
15.074052 5.453520
14.759714 2.695149
9.625677 8.572010
8.296897 10.177770
10.897468 10.100003
12.057021 3.609559
10.604656 3.461284
9.273577 3.567799
9.553186 5.837677
9.080548 3.086184
14.379308 -1.118829
15.350102 -0.591096
9.412788 4.768273
9.554501 3.431645
14.901628 3.582942
9.098607 1.953673
10.644842 3.654103
9.023873 1.578994
7.846589 1.875750
8.702942 5.985905
9.807757 4.089455
8.871130 3.542336
11.220797 3.450570
8.689310 4.948668
9.569466 8.024282
9.720883 3.848441
7.670011 4.312212
4.364024 2.002847
4.945071 1.962342
5.722994 2.293967
8.542749 2.815350
8.810551 2.043949
6.994731 3.199392
6.665771 2.144714
8.978004 3.796068
8.065891 2.845553
6.562836 3.677747
6.956160 0.320350
7.096488 0.238755
7.022534 -0.421575
7.134954 -1.094820
7.359653 -1.593685
0.373212 -3.134334
0.792825 -1.970947
5.485280 -4.239207
5.265124 -4.549183
5.864274 -6.063133
5.927094 -6.511138
1.273460 -6.981156
6.711998 -8.388145
3.745025 -5.720407
3.924963 -4.003633
4.841067 -6.159593
4.349228 -8.145578
7.134985 -8.007868
8.311354 -10.133821
9.273065 -8.655105
8.902268 -12.244264
4.524113 -7.969013
5.856083 -6.116024
5.810981 -9.988422
6.451957 -8.473020
6.990721 -7.915095
10.620505 -10.236622
10.318772 -9.382756
5.268859 -8.782567
3.708393 -5.160714
5.076841 -4.429190
2.356168 -7.101593
3.942631 -6.315487
3.844303 -6.813114
4.220539 -5.214750
5.369119 -4.019331
7.225895 -1.139943
6.996777 -1.503541
6.892707 -0.190463
6.851835 2.411729
5.766006 3.384539
5.374413 1.809763
4.504746 1.388213
6.195446 1.275728
9.101389 3.609441
5.056982 3.168671
5.524650 1.994516
4.320986 1.740291
4.769680 1.606179
3.284772 1.801771
6.291977 1.378923
7.242180 2.058372
7.484914 -0.279621
7.006797 -0.348287
6.941299 -1.024918
8.882646 1.425494
8.190619 1.499066
7.422945 2.001224
5.480029 2.154112
6.131104 1.271746
5.778759 2.991145
9.015152 3.559586
9.324904 5.362042
9.363902 5.672869
9.364841 5.146976
8.270035 3.386444
10.146142 3.716102
7.057500 3.379798
9.356677 5.403367
7.690639 4.288127
9.647133 4.896129
6.207805 4.660852
9.095231 2.208884
8.851778 5.653701
9.189895 5.011698
8.764833 2.415002
8.853378 3.916912
8.425499 2.241504
9.628265 4.303873
15.255226 6.025640
18.947380 5.076377
17.527292 0.926819
17.241859 8.188279
14.717200 3.475542
9.016461 6.502144
5.426216 5.407012
7.279352 3.422563
6.871337 4.355543
7.470669 2.813789
8.975504 1.654017
5.490741 4.009245
7.486263 0.723930
8.722454 4.074764
6.988863 2.301819
9.043920 2.751238
8.579081 1.309567
7.652807 2.201137
8.623751 3.127729
8.261139 1.855287
12.011735 9.174071
8.776429 2.377714
8.070030 4.997790
17.467957 3.637525
10.887376 3.597490
9.904535 3.705817
12.627937 -3.931168
13.245777 -2.221362
12.548437 -3.961471
12.649458 -4.134674
13.414656 -2.778948
12.567012 -6.748080
17.413330 -2.994126
14.742678 0.512994
7.311772 0.379208
7.799658 3.156832
8.954738 2.741274
7.425145 -0.771932
7.439352 2.137296
7.382136 -0.360727
6.890922 -0.948622
7.314093 1.512712
6.505289 2.077743
6.653609 2.411331
5.914506 2.659207
6.756071 2.428508
6.190016 1.683854
8.205001 1.737172
4.055685 1.186919
6.972764 2.100688
5.128823 1.323114
4.378804 1.535993
5.712137 1.182247
5.869075 1.474394
7.405193 -0.160820
7.417167 0.280047
6.636598 2.669923
3.726712 3.551746
8.432112 7.798181
12.146025 3.708829
6.663131 3.222163
9.768698 3.595487
6.641805 3.331343
8.870934 2.854181
7.292373 1.686730
7.588077 3.085364
8.266588 2.707147
7.671205 2.690938
6.601862 1.204131
15.211233 4.488258
16.044212 6.309983
14.625882 1.260335
12.742920 3.686554
9.498477 12.229729
14.049202 10.690888
9.144422 5.693719
8.858013 3.923971
8.743532 1.473461
8.055655 4.086356
7.622690 3.829064
9.020479 2.514612
7.899065 2.252784
6.062331 1.272539
8.172277 3.260368
9.833944 4.150393
8.751970 6.197608
8.960972 5.627313
8.952564 6.527656
9.495981 5.798488
8.327629 4.601983
9.783804 5.542678
6.523168 7.169275
7.350821 8.945628
7.593164 11.289138
6.983958 8.759401
10.408892 3.443078
11.750032 3.596610
8.092366 3.702516
12.802135 3.592243
13.615746 3.548638
13.976739 3.738607
15.184450 3.016570
9.523305 5.212082
8.477817 6.807411
6.722423 3.596485
11.210182 3.416872
8.368842 1.988511
9.625971 5.194794
8.608918 2.156028
8.131101 1.624090
7.390579 1.401518
6.914834 0.512148
7.763761 1.655588
4.954856 1.727787
3.706703 1.248095
4.611440 1.213085
5.459060 1.125133
5.493201 2.056460
8.603078 4.033343
9.756668 3.507332
7.213624 9.726365
8.445280 7.587782
4.959875 4.219260
11.183107 3.427836
14.870518 4.659248
6.120378 3.844732
8.055769 3.633921
7.741384 3.191844
8.887754 2.282026
14.558579 2.957317
19.972485 1.335852
14.219876 2.102044
14.579304 -2.098119
15.638352 3.336040
18.947273 -0.230427
15.065468 -2.795931
14.956411 -1.829934
15.026134 -0.970769
15.395127 2.183442
13.579132 -4.673333
12.651767 -4.080513
18.570580 0.341126
14.290099 1.829523
19.323513 1.554023
18.920837 7.851776
15.039232 10.253658
15.833688 -2.513775
14.768112 -2.639861
16.760654 1.240655
15.853338 -0.570009
13.496675 -1.742781
17.671179 -2.205905
13.046904 3.438931
13.035172 3.585221
10.429964 3.696292
14.959280 1.283143
16.292259 -1.483120
16.130596 4.049588
17.666660 0.034987
16.966606 5.250980
13.502868 -4.655814
13.092300 -3.575277
11.812655 -4.916234
17.695910 1.458350
18.937956 2.831101
13.312867 3.570231
9.031298 3.743433
7.355339 2.593829
6.041556 2.095030
7.476192 0.504262
7.311255 -0.135489
7.502669 0.858475
7.317561 0.359237
7.238038 1.552294
9.012766 2.723629
6.979010 5.143118
7.253516 0.795495
6.888539 -1.379063
6.993485 -1.042631
6.305981 2.183320
4.844352 1.513559
5.144992 1.578634
5.150250 2.641426
5.684700 2.133991
5.780925 -4.858937
5.306001 -6.032084
7.126827 -8.780148
7.270943 -7.839250
7.760864 -8.163971
13.870804 -9.744210
11.572039 -7.514786
11.864135 -4.685654
12.480770 -8.694027
12.964663 -7.345625
14.273943 -2.876648
14.421434 0.291205
14.250046 -2.562417
13.412306 -2.473126
12.431332 -4.087614
14.566779 -3.514144
13.743525 -2.983364
14.635086 2.094084
15.733561 8.227380
14.222004 -1.070700
6.960343 -0.602945
7.008709 -0.390838
7.716722 1.880941
5.218745 1.821388
5.554345 3.110586
8.346840 2.974118
8.168077 3.703615
8.013331 1.423874
4.063576 -5.242086
2.745799 -6.097682
4.939160 -3.984190
7.320338 -2.285426
7.465297 -0.830088
6.862490 -2.476359
4.557781 -7.335101
2.631078 -7.087605
6.664198 -8.118348
9.315795 -9.540018
5.765084 -8.203400
6.320596 -8.408120
5.451414 -6.482149
4.870939 -8.402205
4.719259 -7.986652
6.031985 -7.209627
5.965136 -6.228019
11.857168 -6.601110
14.574281 -8.286298
12.785214 -2.741858
14.312861 0.651100
9.304517 6.109847
7.406477 5.541497
8.698292 2.281137
17.618025 2.500523
12.312473 -4.154492
16.680952 -6.046873
12.736638 -2.182904
14.880712 -1.928692
15.348156 -11.331217
10.838871 -10.940691
8.969031 -7.870575
7.513093 -8.782947
7.101033 -8.402235
12.552103 -7.903435
7.414998 1.830222
7.453951 -1.079522
7.322788 -0.327379
6.058801 -4.901093
6.965747 -1.306730
8.095054 3.477057
13.707798 -4.641210
14.104004 -5.218339
11.812574 -6.733796
11.491199 -8.051330
11.544317 -10.745454
11.335660 -4.700267
12.586615 -2.062814
17.328135 2.802606
16.938007 5.688155
6.991601 -0.127478
13.623146 -6.821758
13.548712 -9.755116
7.478247 1.670080
7.322938 0.436004
6.822966 -0.731762
8.200793 1.743085
8.658806 5.503377
10.783063 9.816422
14.795462 9.534350
16.071884 7.998717
14.825253 9.290393
14.396063 9.593688
14.564264 9.178411
11.055567 3.787189
8.788181 -7.967559
10.081436 -9.238391
5.087282 -6.260360
6.583276 -8.826949
14.515553 3.292431
8.996063 7.910073
7.989084 3.953562
11.106556 3.516407
10.480995 3.575464
8.959352 8.919551
11.165297 8.957165
9.781363 6.460556
9.268114 5.078178
8.569584 9.821573
8.977323 6.385914
9.030128 8.608274
8.313531 4.596896
7.283314 5.025435
9.708284 3.734309
8.888397 8.286296
8.848376 4.344106
7.807174 2.565334
9.819000 4.270848
6.457821 3.784638
9.969032 3.513312
11.024127 3.585088
6.870427 7.902966
9.707117 5.079887
7.362263 6.682368
6.170959 6.203523
8.668617 4.626409
8.817633 2.240584
8.821196 1.540239
9.030262 7.310881
8.600410 9.411208
11.786394 9.107093
13.264845 11.081267
6.863248 6.301514
9.800584 3.791888
16.173641 7.054017
18.661140 7.008439
18.298290 5.547196
17.369650 9.985560
14.414000 2.655031
14.730255 1.621948
15.416283 6.701445
17.295658 9.176993
13.748365 10.719069
12.097965 8.812429
14.912470 6.479891
16.375195 6.552454
14.770147 1.362318
16.931126 -3.932870
13.560184 -1.704540
17.886021 -1.928235
14.480458 0.666383
15.265664 2.833907
14.907768 6.048891
15.312958 4.549987
7.449262 2.166389
6.828688 3.396506
9.093650 1.572531
8.557111 2.114141
11.012682 3.755693
8.387381 4.599135
6.314330 2.563583
6.529700 1.468309
5.698528 1.224947
6.918612 0.741100
6.837200 -0.537795
7.749773 2.153759
9.442159 4.226853
8.334090 4.746047
8.793914 2.500308
8.882725 3.063697
8.866121 2.516531
8.785978 1.781079
8.635452 10.980920
12.529320 9.758922
9.166348 9.945491
8.031202 9.242475
6.697654 5.076284
9.218580 7.876787
7.386826 7.937450
8.453723 7.848603
9.444932 7.866650
9.423640 8.242265
10.090380 9.373347
7.838227 6.256869
9.095352 2.069929
7.197775 -0.635043
7.229596 -0.387270
7.161535 -0.514397
7.141078 -0.188749
14.184195 -1.687704
11.575650 -7.883742
8.845486 -8.003385
6.000716 -9.468030
14.150846 -8.576375
15.664330 -1.086238
14.256673 0.301299
14.240900 0.732957
14.107899 3.711515
14.644116 0.865120
14.110310 1.602290
17.466541 5.984533
14.238140 0.093058
15.361113 6.462319
15.048041 8.100218
13.862461 9.445178
18.213327 4.516862
16.875990 1.576157
13.776685 3.741457
9.986603 3.789065
13.348805 9.862984
7.227061 6.284707
7.577239 3.864428
7.494723 1.025975
7.462640 4.016343
9.682855 6.749703
9.151442 8.532540
8.746194 4.299465
8.941261 6.015776
8.792675 8.842443
8.568668 5.226951
9.259980 5.657832
6.603990 6.221229
17.515285 15.288762
16.987457 13.724122
15.301387 4.177228
17.192099 10.095731
12.249557 9.454813
9.344458 4.498366
8.036824 7.043736
7.935904 8.516702
7.559006 5.328644
15.679273 4.997306
16.470732 5.752592
15.033761 5.143626
15.302155 2.116212
14.545736 1.867661
15.528634 4.859813
14.394104 1.821882
8.836933 3.143023
9.422185 7.135070
8.663154 9.663013
12.098969 12.927853
9.454260 10.091293
8.813677 6.796875
9.106066 4.828285
8.067798 7.362413
9.080854 4.308665
8.466162 2.486658
8.241132 2.681320
14.701518 1.176419
10.629533 9.491731
11.763444 13.775263
7.822996 5.807378
8.134861 5.419065
13.454065 3.628991
10.602132 3.727469
9.006676 3.801396
7.583394 2.203619
7.024409 1.871213
6.847363 -0.970254
7.585103 2.049279
8.774462 2.969836
8.592102 3.922122
7.742564 4.745577
7.901123 4.236248
9.688880 3.897733
9.802826 4.642238
4.368758 3.251393
4.973807 1.719522
5.459725 1.530746
7.121487 1.184880
10.510349 3.447723
11.966918 3.626410
15.217930 3.676440
10.566360 3.480603
19.114866 3.672104
14.172442 3.678241
13.117238 10.310526
17.556377 11.426684
15.663832 7.093799
16.441231 1.513898
14.860662 3.097879
13.426172 3.625133
11.578445 3.736188
12.197545 10.266914
14.162658 10.173564
12.894272 12.377478
13.456970 9.386464
12.392664 9.811193
15.904197 13.810569
15.383555 8.459863
5.328848 1.256897
7.022128 2.292528
6.056055 1.114087
0.980234 -3.232594
0.903169 -3.393637
1.442606 -1.715634
6.868989 -1.635301
8.965391 1.948189
6.888008 -0.280294
8.489873 2.232815
8.867268 5.354975
8.836206 5.536792
9.354213 5.749811
6.970056 5.856863
7.448777 3.429932
9.361339 3.958211
7.603314 3.472587
7.223565 1.163089
8.817654 2.490964
7.388921 -1.094604
6.462184 3.961638
8.123318 2.760704
10.833366 3.420495
13.425956 -4.561519
13.290987 -3.604851
16.766188 0.545042
12.876246 -5.113763
14.482422 -4.950555
16.676899 -4.118986
13.438562 -1.939559
7.348207 0.257519
7.489601 1.276378
8.062656 1.885386
8.920510 2.268755
8.329438 10.131426
9.755037 6.675413
10.338042 9.330837
16.293964 11.106006
14.457012 12.179456
12.122142 11.786305
11.418224 8.875349
14.897513 6.611550
9.818435 6.430673
7.960198 8.722227
4.740911 6.077049
7.965687 2.602558
10.045896 3.574953
8.910967 4.532547
9.820251 3.628428
7.761724 2.839250
8.604093 2.301435
7.282306 0.027321
7.470243 2.282171
8.806974 3.020908
7.529038 1.448227
8.564787 3.338116
10.624803 3.509123
7.451849 1.852190
7.975189 1.905365
9.200592 5.013758
7.616549 7.348580
9.434083 4.345483
9.137362 6.996666
6.860790 0.159661
5.898997 2.599777
7.128570 4.136850
9.066163 2.098737
6.501589 2.422886
4.489075 1.760647
10.465769 3.666587
10.082687 3.582768
8.103269 2.424244
7.364619 1.756273
9.108098 1.975214
18.382099 -0.540976
16.418623 1.702780
16.556673 1.410652
14.901063 -4.187346
9.881678 -10.942037
9.908013 -10.938138
9.250677 -10.976864
5.096791 -7.811859
4.611805 -7.357741
3.215285 -6.356888
3.959373 -4.454727
5.742370 -5.034365
4.555471 -7.526989
4.555357 -9.272143
7.396425 -9.550031
7.032088 -2.129121
11.930271 -4.254160
6.292614 -9.206969
4.179428 -10.289777
12.565645 -5.343902
11.899848 -4.750483
8.665229 1.569163
9.015649 1.703310
8.978092 1.362626
9.228118 3.435846
7.195280 2.343742
7.451380 -0.156304
7.256697 0.136718
7.081866 -0.416440
7.349667 1.137168
6.562303 2.026951
3.802627 1.291890
5.623625 1.420647
5.872986 2.166671
2.552109 3.427641
0.436254 0.260965
0.218487 0.603868
-1.641029 0.077942
1.035266 1.295331
3.522179 1.358674
1.641111 -0.842560
1.121033 0.245191
1.021681 -0.962157
-0.021914 -0.534886
-0.760462 0.051161
-0.287877 -0.450202
1.044007 -2.422158
1.390690 0.846306
2.204991 1.615916
5.324634 1.560558
2.449095 1.280685
5.418244 1.425967
5.811964 1.089308
6.890039 0.152386
7.253832 -1.989013
7.442712 -0.994022
7.474847 1.204185
6.725479 1.415825
4.862817 1.219158
2.867204 1.260062
5.068269 1.212618
5.805668 1.107361
3.984844 1.112013
2.627496 2.427856
6.906007 -1.984731
7.172312 0.407869
8.290284 3.697919
12.486149 3.743504
9.911878 3.601697
8.903435 4.513494
8.742902 4.052266
9.881651 3.652515
8.371859 5.120386
9.788659 5.130439
8.906616 4.321609
9.411676 6.635188
9.379325 6.965205
9.735127 5.520342
9.279928 3.724888
7.454286 2.980634
8.113400 1.743550
6.873662 1.923024
8.297733 2.362256
12.083221 3.745746
13.347887 -2.289226
13.011502 -2.290151
12.894697 -3.162685
17.092087 -3.593880
18.838068 0.789045
18.047449 1.685536
14.260629 -0.604051
15.248304 2.377210
15.500946 2.974445
15.117977 7.834091
16.493769 5.333360
8.529388 5.006919
8.526194 3.350075
14.744708 -3.419708
15.749788 -4.548481
15.775910 -2.563114
12.660169 -1.660869
7.372552 -0.596934
8.462844 3.344763
8.456599 -9.408896
7.782497 -10.749825
12.551564 -1.762191
12.952070 -4.212309
11.560090 -5.237332
12.206901 -4.983971
11.537950 -6.851740
11.300018 -7.468912
11.840343 -3.746365
11.912685 -4.203545
12.717419 3.534558
14.181959 2.209620
15.156908 -2.532348
12.765325 -1.990221
14.183277 0.438489
17.528080 -1.173849
18.372021 -6.353063
9.258174 -8.500343
9.555202 -9.078072
9.735440 -11.626287
12.657028 -5.192721
13.278776 -4.511132
12.555145 -5.654912
9.510015 3.604124
16.725639 2.152041
15.374002 6.583179
9.688132 6.648474
12.169291 3.737662
8.676067 2.600482
13.299504 -4.843097
14.549488 1.950778
15.178007 1.251099
16.133013 4.422658
17.082733 7.313981
14.535636 3.171158
11.611074 3.779652
7.526141 1.447407
5.880084 1.393829
5.192815 1.837217
1.238949 -0.158186
0.623770 -2.009932
1.026073 -1.026074
1.539360 1.474264
2.268778 2.653504
3.083267 1.441814
5.256570 2.092190
8.963518 2.275321
8.205212 3.723491
8.682834 1.762170
6.545068 2.423135
8.215600 1.342313
6.038342 1.694434
7.085194 2.618825
6.929107 -0.174715
7.271053 1.893221
6.654352 2.390313
7.147381 1.059152
5.646906 1.334063
5.182325 1.846157
5.065758 3.506245
6.451602 4.052859
9.679934 5.475873
9.177289 5.752561
9.503981 4.175851
7.105583 2.000040
12.197077 3.591082
8.731962 3.129075
3.887645 3.127573
4.752433 1.408814
2.758622 1.661882
0.334167 0.604471
1.520093 -0.224782
1.355892 -1.243524
12.513720 3.586529
5.757263 4.581229
7.200293 1.381570
14.329237 0.050149
12.891938 3.651407
13.165995 3.435407
8.706089 3.074280
9.828475 4.686403
8.813001 7.589158
8.922014 3.265460
10.747936 8.846497
12.820225 12.679089
19.716597 8.445563
11.568881 8.978076
9.518384 5.030013
9.612539 4.633896
14.439796 2.412817
9.489128 4.109247
8.428475 3.956248
11.415606 9.254635
11.431557 9.653890
13.935273 10.330852
9.313482 3.675591
7.750124 5.914968
15.141735 5.727000
15.335087 5.494168
7.949872 5.776805
9.301729 5.650672
9.811793 6.750752
8.132637 3.915933
8.642576 4.804193
8.619063 5.238931
9.098609 4.198988
7.003344 -0.859306
5.977237 1.897246
4.806316 1.190624
2.095405 2.549874
5.167685 2.101416
7.603451 1.345498
8.481993 2.841295
10.606261 3.552616
10.862624 3.738331
11.784311 3.547378
12.778423 3.437145
8.669271 1.305007
7.703151 5.196553
7.693424 5.022710
9.017157 5.961247
9.638352 3.433809
11.180196 3.425692
9.007548 3.595702
6.116983 1.326791
6.860538 1.683859
3.802659 1.177114
8.167372 1.757537
9.595712 5.458578
9.115422 4.016813
8.928449 6.327425
8.471273 5.573768
6.006888 1.230512
5.887400 1.231261
6.921803 1.597606
8.004541 1.317065
7.462177 2.526708
7.153959 0.251881
7.115974 -0.145285
7.058775 1.281496
7.046980 -0.622296
7.803110 3.681557
6.813193 3.493552
5.525010 2.203742
8.199064 1.270911
9.014321 3.557182
10.560512 3.546919
15.788363 -0.925987
14.556900 1.307651
7.965782 1.495384
7.601763 2.934928
8.815552 3.650120
7.667756 1.539578
7.581939 2.700444
8.714855 4.065794
9.261319 7.334723
8.952271 9.197898
11.203103 9.875177
13.435884 8.800389
10.793175 9.478387
9.532822 8.471895
8.128388 4.661067
9.396609 7.203934
9.666759 4.203605
9.713862 7.674714
8.897863 5.849690
7.444067 4.669908
9.757644 5.937551
7.863212 11.039153
10.675798 10.090744
10.656391 9.292146
12.613601 13.157866
9.632730 8.584533
9.125011 7.203594
9.054702 5.651737
9.015174 3.610401
5.411880 1.286874
8.384418 5.942297
7.548363 3.064152
8.790279 1.660005
8.831490 4.663463
6.911508 1.288089
8.999965 1.674257
3.631443 1.602858
3.167279 1.450031
6.483370 1.909877
6.208209 2.612908
6.654705 3.497414
7.242933 -2.097030
7.461333 -2.625679
7.254298 2.008533
8.906739 3.767003
8.819869 3.653361
15.322592 3.501552
14.371588 1.340532
14.656483 0.534865
15.574028 -3.771528
14.645668 -1.661814
15.231102 -8.130489
12.293156 -3.858548
10.467570 -12.336501
11.020267 -11.025676
8.819533 -8.222932
8.762963 -8.159773
7.631650 -8.599689
12.390177 -8.472139
10.984529 -8.610291
9.645238 -8.768177
10.635581 -10.791262
10.849486 -8.076819
6.989248 -1.122848
5.577879 1.280050
0.665631 2.036918
2.314165 2.045540
2.452056 1.093480
1.726436 -0.050871
1.446163 -1.173888
0.713629 0.532263
1.613308 -0.372513
2.794091 1.338063
7.349583 1.426702
8.849107 1.929721
8.435848 4.601222
5.785339 4.151079
7.753236 2.967656
9.094354 2.514947
8.310602 2.401737
7.114202 0.426099
7.489468 1.124769
7.447168 2.125279
7.156510 1.419312
7.116525 1.818882
9.446836 3.554512
8.848948 3.819825
6.961844 2.941647
9.699179 6.295395
7.083538 0.954298
11.396454 3.633696
10.518865 3.637764
15.204194 3.150747
12.934681 -6.553339
14.639294 -8.958739
7.844039 -10.199385
10.346092 -13.599244
11.551881 -10.955348
11.677965 -8.668226
13.648372 -5.994950
13.582814 -6.420297
17.616835 -4.954602
17.227154 -4.518823
14.420870 2.192961
14.946972 3.829536
4.230187 1.430734
9.613857 4.921116
11.622984 3.733636
8.384521 4.613613
8.885670 4.224010
8.980837 3.152704
9.637189 5.101408
12.435286 -3.954434
12.610741 -3.772882
11.385149 -7.530795
12.940718 3.467774
10.003965 3.597406
10.103214 3.763019
7.821455 2.942578
9.271239 4.042788
8.861659 1.271644
0.891245 -1.405820
1.010696 -2.115852
2.526920 1.242790
14.112321 -0.425464
13.138596 -2.999056
14.180018 3.055300
14.862059 -2.515337
12.185806 -4.225505
8.993129 1.935667
7.411787 2.032198
7.047332 1.038846
7.996915 1.365364
8.080685 4.056837
8.235688 6.678359
8.556795 1.636978
12.966070 -3.584598
12.797578 -6.821396
16.281578 1.800501
9.152944 5.040024
7.932013 4.473019
13.019886 -2.626279
12.201388 -6.112370
8.860128 -11.676671
9.005833 -9.461462
8.640404 -8.383039
5.437055 -7.774247
4.909851 -6.066205
6.793232 2.105623
7.375225 -0.334615
6.915833 -0.247164
7.082434 0.542102
4.118451 1.126186
2.743913 1.492858
1.633351 1.672120
2.902923 1.476152
1.482248 -0.871484
3.609905 1.596902
1.480197 -1.384883
0.908838 0.391168
0.753342 1.531830
1.243765 0.184600
6.160880 1.103147
5.239602 1.110472
5.769333 1.281122
6.954721 0.948368
5.027519 1.459109
3.103045 4.794659
4.826812 2.379605
1.588520 -0.480034
1.730016 0.417980
1.344837 0.365359
0.369615 1.959122
0.382638 1.435588
-0.556453 -0.080405
4.677616 1.618407
3.239002 1.485405
3.155429 2.200464
1.426484 1.250803
7.123170 -0.112260
6.985167 -0.463731
7.381087 -1.196840
7.780609 7.301767
7.511003 4.121192
6.878764 -0.692257
4.742339 -5.768214
3.614482 -5.504848
0.417831 -8.000962
4.878613 -6.695839
4.124526 -7.440702
5.826837 -7.674953
6.327019 -8.708428
5.427299 -6.347703
4.258116 -8.346869
6.068762 -6.884418
4.479303 -6.129070
4.528129 -4.401329
7.095506 -0.887247
3.632601 1.462228
3.702118 3.071809
6.923297 -0.509070
2.301855 1.322499
3.083511 1.104874
1.190067 0.002394
0.219879 -0.770736
1.488210 -0.593257
1.183967 -1.112089
1.811391 -2.921734
1.354939 -3.201315
1.694823 -1.742940
0.974568 -1.871214
3.381558 -3.953260
3.956103 -8.357028
4.656384 -4.056062
5.213842 -6.754078
4.768538 -5.329040
6.747247 -7.989386
9.943325 -8.175120
9.297837 -8.003088
9.314007 -8.564508
11.233526 -7.756194
8.948764 -9.163587
5.513644 -9.984056
4.760720 -5.670463
5.727697 -7.365267
5.805802 -4.060566
5.327981 -6.007060
6.709301 -7.849236
7.771996 -8.293657
7.808003 -8.641427
7.967330 -7.913421
11.332449 -7.570720
5.490945 -6.111934
6.083051 -7.232723
12.564382 -3.440475
16.333029 4.319698
14.040690 3.481373
5.712461 1.308478
8.042541 3.405962
14.706076 1.216776
17.087751 5.679708
15.499889 8.786656
12.787438 11.601998
10.320335 10.723697
9.049702 6.883684
12.401907 9.011513
9.774715 6.227304
9.022534 9.953797
10.348488 9.736782
8.759609 3.345705
8.572081 4.338548
9.284993 5.260918
7.118527 1.957266
8.890932 3.581325
8.094225 1.452378
8.345622 2.497924
4.247612 1.210869
7.689916 2.753234
6.149840 2.641442
8.489738 1.408587
9.953651 3.493427
8.031706 3.424768
8.743641 2.367741
11.879161 -4.276546
13.344181 -3.433240
12.710148 -2.612263
15.829680 -0.975209
15.056953 1.616093
17.358185 10.798861
16.583704 1.720624
16.792263 0.518999
8.883918 11.110887
5.554052 6.193846
9.475168 6.439632
16.200808 7.927257
8.176543 7.089126
8.451241 2.592290
7.984161 3.226628
11.244566 3.768578
9.121620 3.433880
9.551259 5.512914
8.584706 8.363900
9.790342 5.625934
8.907247 4.734042
9.293907 8.216044
12.389740 11.697145
9.134606 6.718421
9.410221 8.671355
8.311023 5.580745
9.390544 5.017845
8.286198 3.119765
9.170954 3.840553
15.462529 -5.871196
15.917075 -3.659853
12.830853 -3.367924
16.405098 0.028014
13.130776 -3.853281
10.671989 -11.515988
9.698798 -9.149355
13.208973 -1.674578
4.327996 -4.830370
4.242417 -4.047399
3.802312 3.325296
4.316012 2.012948
7.197016 -1.548468
6.952363 0.919749
7.227558 1.193878
7.606936 4.280935
8.477748 4.009951
6.705863 3.191149
5.277410 1.989004
6.586062 1.116413
3.161511 1.094696
2.781029 2.191769
4.545194 1.270504
1.301390 -3.589693
1.267568 -4.175324
4.136274 -3.967767
3.520800 -6.354869
4.371017 -4.550370
4.435413 -4.793870
5.782297 -4.999460
4.060998 -5.719936
6.088572 -8.743451
4.794091 -8.470700
5.076614 -7.253277
6.038981 -5.897471
6.144662 -7.936186
8.308730 -7.881559
10.862795 -13.915446
7.413885 -11.602795
9.542892 -9.426058
8.873812 -11.433187
4.814776 -9.993196
5.839467 -6.779714
5.759299 -4.280615
6.124863 -4.466846
5.479593 -4.660852
4.282606 -5.289855
3.398605 -4.168680
1.340886 -5.906651
0.933166 -0.898758
0.878357 -1.517190
1.600496 0.953675
1.678510 -1.364340
1.557174 -0.679204
1.782590 -0.628212
1.495275 -1.665334
1.145428 -4.145430
0.801893 -5.016155
1.537037 -2.571333
1.691440 -2.083231
1.620327 -0.348392
1.595857 0.702763
1.354176 -0.327046
1.857958 1.337896
4.056827 1.618028
2.456620 1.552735
2.982869 1.236564
3.523480 2.347711
4.043664 1.096084
4.687112 1.309669
3.366494 1.250517
5.037604 1.086158
5.039323 1.119747
6.666115 1.647975
7.357682 0.558759
7.457814 0.324076
7.287270 1.178114
7.229660 1.701633
8.030534 1.815306
6.487085 2.093971
4.687673 1.759128
5.633285 2.020710
4.106707 2.167580
3.822975 2.439044
3.205927 1.072714
7.049825 -1.349170
7.255460 -0.650523
1.598503 -0.815765
1.480800 -3.281030
1.081458 -3.057045
7.487520 -0.925421
6.161593 1.473005
0.965040 0.361129
1.790098 0.600181
1.670885 1.499374
1.706102 -0.639887
1.197035 2.158546
4.581244 1.686058
6.221586 1.262070
8.488432 1.265037
8.336993 3.553178
8.464492 6.633800
6.903595 -1.509663
6.844646 -0.772898
7.291726 -1.292741
0.252221 -2.133526
-0.287201 -2.957616
-0.643149 -3.196549
-0.590258 -1.835431
0.175803 -1.672602
1.403556 -2.666838
0.645356 -2.420865
-1.115717 -2.556140
1.520067 -2.676741
-0.096857 -4.076279
3.601371 -4.112278
4.249811 -4.833891
5.479927 -4.287429
6.120428 -4.891582
4.782182 -6.873162
6.357630 -8.126083
4.335987 -7.240086
6.022388 -9.913700
3.804929 -6.289373
7.076697 -1.535029
7.406315 1.033408
6.238433 2.753283
5.783413 2.173194
7.523942 1.996901
6.318795 1.219399
8.268776 4.150670
10.015739 3.471509
7.823311 6.330215
9.342618 5.460570
9.106234 4.387479
10.013427 3.414868
8.727271 4.106886
9.164950 5.623791
9.462662 7.833440
8.223673 5.186182
9.949444 3.452828
9.297376 4.282964
8.873371 3.366931
6.108576 1.563945
6.534690 1.619875
9.758316 4.066434
6.494273 3.003864
9.560911 4.023022
9.294288 3.618598
8.268348 2.554488
7.960478 3.207496
8.970022 1.681729
9.545866 5.175267
14.389763 1.525527
14.568237 3.721920
16.000360 10.372111
7.153174 3.055229
7.777964 2.372423
8.079251 3.566504
8.847072 2.692034
10.050999 3.431576
8.608590 4.547555
9.368976 6.492003
8.352551 4.870680
8.897345 3.527004
8.291577 2.303397
6.163361 1.496601
7.076003 0.900930
7.130401 -1.562019
7.524051 2.208854
7.717743 1.753012
4.392836 1.611892
8.020090 1.353922
7.685149 2.866920
8.807532 2.808658
8.720677 1.495685
6.109297 4.644360
8.363071 5.014839
8.698125 3.405840
7.515452 4.431297
8.164786 7.851218
7.690693 8.869721
8.608422 7.249083
7.793171 9.774953
9.819883 9.986465
8.429244 6.696622
8.737208 9.117138
17.319115 12.176673
15.379301 8.110423
9.846008 8.207389
9.178548 9.163287
7.949277 7.727067
11.884077 3.491751
7.967260 7.252327
9.378044 6.421850
16.585075 11.964654
14.943335 3.673160
12.470306 3.574210
12.342203 3.691404
14.258307 3.716858
14.462055 2.252269
14.420991 -1.347960
15.040304 4.915646
15.792124 4.890542
17.796429 1.061872
19.238377 -3.039099
19.907791 -3.805107
17.287748 1.096003
16.337433 2.922873
16.465391 4.913312
16.114687 7.159501
15.161458 9.531680
17.830502 7.236174
12.835952 -4.797275
13.203529 -10.582236
9.400563 -8.019313
12.638555 -8.771214
16.121906 -9.197194
