-19.778074 -14.414107
-13.946894 -7.675629
-13.566889 -7.266454
-15.765751 -8.688737
-13.455426 -3.735600
-13.005193 -7.741197
-14.980443 -12.091303
-10.115973 -8.667335
-9.924812 -9.988852
-5.188234 -8.210836
-7.089262 -7.257538
-7.838655 -7.214552
-5.721878 -7.496911
-6.828125 -8.363151
-11.313253 -8.175227
-7.391252 -8.463984
-8.922115 -8.566639
-6.623521 -8.362588
-7.879883 -4.596655
-6.755593 -7.315808
-6.078098 -7.016667
-9.436388 -10.248471
-9.336504 -9.964731
-10.382401 -9.690827
-10.320678 -8.925768
-5.867090 -7.343366
-5.418602 -8.477751
-7.211400 -7.322006
-5.208932 -1.295474
-9.351866 -1.373095
-9.813204 -2.141512
-9.876146 -2.584877
-6.715885 -1.259154
-6.009873 -6.690010
-7.631503 -6.897827
-6.285373 -3.495548
-8.932728 -1.823724
-11.156557 -2.697426
-6.269198 -1.981497
-7.451000 -5.275471
-6.168168 -8.072199
-7.892316 -6.487455
-7.421124 -3.641021
-6.214604 -2.137933
-9.950367 -0.633600
-9.442298 -0.971410
-7.721727 -2.181329
-5.028641 -6.456199
-7.628165 -9.129273
-13.760958 -9.624270
-13.568082 -5.567136
-12.191661 2.318852
-10.306011 0.007724
