-16.366583 -16.745188
-3.731938 -10.482172
-1.606597 -9.271847
-0.887225 -5.623583
0.642707 -3.484198
1.535618 -1.981248
1.639585 -0.249296
0.605646 1.433501
1.053316 -0.242002
1.218461 -0.635828
-0.275232 1.172869
4.225999 1.430071
2.305620 1.904133
1.433437 1.280784
2.062110 1.407938
1.456376 0.558764
1.530846 0.640779
1.395159 -0.093893
0.471464 0.999288
1.865970 1.119303
2.849237 1.419643
2.481120 1.069641
3.508975 4.123937
6.047294 5.478603
8.506040 5.707818
7.932317 7.869898
7.504394 9.074339
15.957801 9.507462
