10.169721 -13.056613
8.147989 -9.770866
7.976113 -9.732634
7.898376 -9.678685
8.077357 -9.721726
7.929760 -9.678798
8.103110 -9.723232
7.937681 -9.678920
8.109645 -9.723674
7.939365 -9.679051
8.111065 -9.723850
7.939739 -9.679082
8.111380 -9.723890
7.939821 -9.679090
8.111449 -9.723900
7.939839 -9.679090
8.111465 -9.723901
7.939843 -9.679090
8.111467 -9.723902
7.939843 -9.679090
8.111467 -9.723902
4.340274 -7.507912
2.643893 -4.753676
1.601757 -3.837529
1.607212 -3.728006
1.622038 -3.501435
1.656886 -3.032634
0.805019 -1.427347
