2.617596 -16.505125
7.982013 -10.718767
8.165258 -10.591857
7.981975 -10.718776
8.165224 -10.591865
7.981866 -10.718793
8.165131 -10.591878
7.981562 -10.718821
8.164864 -10.591900
7.980709 -10.718806
8.164121 -10.591886
7.978376 -10.718303
8.162105 -10.591451
7.972232 -10.714587
8.156836 -10.588300
7.957222 -10.692891
8.144157 -10.570022
7.926473 -10.575765
8.119823 -10.470756
7.915854 -9.961562
8.101864 -9.956138
8.019508 -9.274158
8.143425 -9.390491
8.003359 -9.223102
8.127806 -9.350850
7.999346 -9.218982
8.124311 -9.347556
7.998685 -9.218561
8.123748 -9.347209
7.998587 -9.218511
8.123665 -9.347167
7.998572 -9.218503
8.123652 -9.347159
7.998570 -9.218501
8.123651 -9.347159
7.998569 -9.218502
8.123650 -9.347159
7.998569 -9.218502
8.123650 -9.347159
6.837869 -6.907016
11.131512 1.043475
13.525377 3.359048
19.215136 8.964215
