0.785432 -0.927472
1.476353 0.205417
1.134123 0.166553
1.777399 0.419837
1.390923 0.333726
1.116317 0.280104
1.550430 0.377017
1.205852 0.304002
1.649732 0.401227
1.265211 0.320932
1.714656 0.416394
1.301866 0.331142
1.754728 0.425401
1.324453 0.336937
1.779463 0.430001
1.339011 0.340632
1.795066 0.432648
1.348121 0.342779
1.804822 0.434321
1.353580 0.344055
1.810698 0.435371
5.670741 1.097666
5.994563 1.090303
6.355934 1.110431
7.259584 1.014534
8.373614 0.987318
9.818609 0.802248
12.280968 0.139096
17.785198 -1.887220
