2.636539 3.580054
-0.163048 2.071321
-1.463396 1.025018
-2.413368 0.440009
-3.220959 0.091807
-6.289717 0.862437
-8.776337 1.501821
-8.662504 1.442453
-8.318657 1.310444
-8.282137 1.318162
-8.445783 1.391478
-8.447786 1.407164
-8.637226 1.469906
-8.772748 1.498425
-8.658418 1.438811
-8.312983 1.306093
-8.275256 1.312542
-8.438361 1.384895
-8.436914 1.398063
-8.624069 1.458937
-8.749613 1.482246
-8.631652 1.422100
-8.275665 1.288194
-8.227830 1.295658
-8.379274 1.372099
-8.351987 1.402052
-8.505650 1.495544
-8.548450 1.579908
-8.770315 1.714439
-9.016659 1.893452
-11.715865 1.632913
-18.661930 0.526867
