-17.001032 10.262386
-11.152917 5.897830
-8.756839 4.474418
-8.371048 1.941150
-8.534575 1.885993
-8.471391 1.549426
-8.263869 1.298208
-8.321204 1.258969
-8.194507 1.182889
-8.277347 1.201934
-8.648182 1.362274
-8.773863 1.433549
-8.591366 1.363318
-8.303430 1.239364
-8.341885 1.237910
-8.201738 1.176451
-8.281296 1.199908
-8.650568 1.361495
-8.775468 1.433266
-8.592138 1.363277
-8.303727 1.239401
-8.342059 1.237957
-8.201807 1.176480
-7.351874 0.861127
-6.590480 0.606662
-5.989332 0.582922
-5.199065 0.707656
-3.166671 -0.113535
-2.548085 -0.512351
-1.832010 -2.002019
-0.980027 -5.125637
0.655392 -7.859249
