15.320173 -19.958946
7.535741 -13.339188
8.225279 -11.946578
8.224125 -11.943325
8.222118 -11.936954
8.218678 -11.924428
8.212927 -11.899657
8.203615 -11.850467
8.188788 -11.750873
8.167274 -11.541417
8.146477 -11.082997
8.198279 -9.989334
8.028450 -9.997446
7.854968 -9.844651
8.048626 -9.857020
8.197998 -9.871585
8.034185 -9.855156
8.148670 -9.817626
7.977740 -9.791495
8.127804 -9.814673
7.952826 -9.788930
8.120475 -9.813936
7.944023 -9.788400
8.117840 -9.813687
7.940857 -9.788228
8.116896 -9.813598
7.939726 -9.788167
8.116563 -9.813565
7.939327 -9.788142
8.116445 -9.813553
7.939185 -9.788134
3.067856 -8.189486
1.326162 -7.029360
-6.291283 -0.081915
-7.631536 0.773920
-8.405146 1.144260
-8.405344 1.144489
-8.405782 1.144990
-8.406749 1.146081
-8.408882 1.148454
-8.413604 1.153602
-8.424047 1.164831
-8.447123 1.189261
-8.498634 1.241935
-8.619474 1.354669
-8.990558 1.633061
-9.502028 1.984266
-12.270555 3.180346
-19.214001 6.835092
