19.428564 -18.149759
12.532014 -9.256634
9.786265 -7.125161
8.293180 -5.591755
6.998108 -3.856486
1.811805 -1.445349
1.320406 -1.247484
1.518248 -1.383829
1.750710 -1.402066
0.953979 -1.165097
1.323147 -1.246453
1.522781 -1.382148
1.755924 -1.400111
0.962711 -1.161050
1.332978 -1.242089
1.538726 -1.374435
1.774225 -1.391145
0.992971 -1.141996
1.365952 -1.221822
1.592116 -1.329630
1.100017 -1.143884
1.087071 -1.025895
1.464552 -1.092478
1.738221 -0.973823
1.256791 -0.811477
1.315376 0.022754
1.750400 0.051508
1.182784 0.475701
1.651708 0.652323
1.140619 0.579004
1.605920 0.755951
1.549682 0.753914
1.384243 0.693520
1.441352 0.720550
1.327108 0.675786
1.413341 0.711043
1.312541 0.671228
1.406239 0.708564
1.308899 0.670072
1.404479 0.707941
1.307998 0.669783
1.404046 0.707784
1.307777 0.669711
1.403939 0.707745
1.307723 0.669693
1.403914 0.707736
1.307709 0.669689
2.666285 1.121742
4.293694 1.717291
3.924955 4.419059
3.680821 7.788014
3.075559 10.390439
2.221087 10.991420
2.149390 10.856627
-0.391067 10.653567
-1.791041 11.193829
-1.336392 11.516429
-1.000617 13.128349
-1.389812 12.920091
-1.610555 12.638644
-1.142314 13.238585
-1.444117 12.736255
-0.975580 13.322644
-1.352536 12.771268
-1.797487 12.327600
-1.031668 13.354332
-1.411800 13.082484
-1.587122 12.674296
-1.119493 13.272003
-1.427097 12.745980
-0.958831 13.331300
-1.342747 12.774936
-1.788404 12.331473
1.822890 18.004650
