-17.568321 13.258750
-10.139158 8.268561
-7.446110 6.616616
-3.147635 6.353538
-2.940539 6.375711
-2.571646 6.389172
-2.452486 6.323298
-2.309014 5.959575
-2.016733 5.140354
-1.972095 3.429600
-2.114013 3.098923
-2.454612 2.850358
-2.255684 2.318275
-1.867361 1.860449
-1.928272 1.585434
-2.024052 1.470927
-1.655289 0.934590
-0.944713 0.209609
0.981720 -2.353876
1.622982 -3.127320
1.278078 -2.990812
1.056275 -2.894618
1.695844 -3.396952
1.351871 -3.175827
1.124306 -3.043558
1.737931 -3.476250
1.388306 -3.234065
1.156012 -3.090533
1.756287 -3.501880
1.402421 -3.252942
1.168779 -3.106135
1.763475 -3.510772
1.407828 -3.259553
1.173577 -3.111639
1.766142 -3.513967
1.409829 -3.261944
1.175346 -3.113630
1.767129 -3.515133
1.410571 -3.262821
1.176001 -3.114358
1.767493 -3.515561
1.410846 -3.263144
1.176243 -3.114626
1.767628 -3.515717
1.410947 -3.263262
1.176332 -3.114724
1.767677 -3.515774
1.410984 -3.263305
1.176365 -3.114760
3.342655 -4.801677
5.634852 -6.685593
7.698698 -7.581685
10.084936 -7.933462
14.945708 -9.518457
