1.324975 18.081366
-1.247517 14.298697
-1.696657 13.379281
-1.351653 13.803953
-0.976156 14.696474
-1.261446 14.283879
-1.725342 13.345643
-1.381182 13.763368
-1.011855 14.627099
-1.301855 14.126096
-1.790205 12.932130
-1.410065 13.206862
-0.945359 13.607995
-1.140641 11.374120
-1.607623 11.033822
1.212274 10.860435
0.976114 6.774074
1.011512 2.950576
1.651950 -3.881109
3.130925 -7.150980
8.186005 -9.742280
8.026905 -9.697865
7.934115 -9.658454
8.107207 -9.707470
8.185885 -9.742273
8.026766 -9.697864
7.933636 -9.658467
8.106810 -9.707462
8.184491 -9.742204
8.025136 -9.697846
7.928130 -9.658589
8.102255 -9.707351
8.168600 -9.741179
8.006526 -9.697384
7.867478 -9.656864
8.052361 -9.703310
7.998530 -9.708961
8.163979 -9.751161
8.214329 -10.186621
8.043761 -10.232697
8.070489 -12.007918
7.852748 -12.426389
8.153709 -11.904871
7.926662 -12.332688
8.168085 -11.887839
7.939901 -12.316749
8.170645 -11.884956
7.942281 -12.314064
8.171091 -11.884477
7.942707 -12.313615
8.171171 -11.884395
7.942782 -12.313539
8.171185 -11.884381
7.942797 -12.313525
8.171188 -11.884379
7.942798 -12.313523
8.171188 -11.884379
7.942799 -12.313523
7.325887 -13.537000
6.414235 -16.446541
