-2.536418 17.738190
-5.797557 15.552903
-2.694833 12.283732
-0.727904 10.186798
-1.634377 6.922770
-1.274328 6.013457
1.576048 4.814554
0.280024 5.841609
-0.219385 5.437351
-1.127738 6.332901
-1.023339 6.432847
-0.896888 7.164483
-1.263679 7.892650
-1.591085 4.306405
-0.493238 5.439808
-0.777100 4.852393
3.505786 5.850750
4.054811 5.509336
3.061412 4.584754
0.547187 5.791919
-0.162607 5.478837
0.707963 5.379895
-1.811522 6.180048
-1.233021 8.797794
-0.878577 9.736810
-1.048004 6.953179
-1.888052 7.366387
-0.980280 6.897799
-0.845397 5.331689
2.089055 3.565285
1.082359 4.657760
2.747037 4.401030
3.129080 5.284762
-0.074246 5.876543
5.675991 4.805545
4.735180 4.633635
4.628219 7.415155
5.196821 8.153648
6.144954 8.421165
3.805273 4.777598
7.436156 5.885800
