-5.605900 8.796249
-3.323811 6.644282
-3.326254 6.443617
-4.136818 6.350859
-4.735497 6.894360
-4.749926 6.968714
-4.176957 7.480179
-2.769489 6.530447
1.001355 4.793333
0.931880 3.404330
1.514261 2.093480
0.928816 3.225168
-0.329259 1.822959
0.478772 2.459841
-1.442249 0.706010
-1.925768 1.518179
-3.878124 0.487602
-2.726788 0.425672
-1.416396 4.758899
-1.969788 3.514600
-2.153722 5.937177
-1.411243 4.765516
-1.364526 3.983041
-1.882481 4.530669
-2.120591 3.422643
-2.279577 3.639850
-1.915529 5.554213
0.049583 3.804880
-2.336084 7.058021
-3.110219 6.651484
-4.451120 6.789168
-5.930969 8.086074
-4.111057 7.128388
-1.451467 5.788785
0.635749 5.625782
-2.929493 6.497010
-2.930016 6.485642
-3.243154 6.692097
-2.521109 7.294773
-1.624430 6.990162
-4.528512 6.316772
-3.775486 7.944801
-6.109848 7.311744
-1.339118 5.550828
0.840268 3.095079
-1.524823 4.887171
-2.375497 4.653857
-1.380612 1.656356
-0.842329 2.997893
-0.814466 2.463404
-1.879763 3.286793
-2.183350 4.999672
-1.862743 4.051188
-2.070749 5.752882
-0.056782 -0.785888
-0.953712 -5.497035
