13.826261 -8.972255
12.056822 -6.212668
13.462151 -4.385871
15.080974 1.643885
15.495260 0.728215
16.090279 -2.773557
14.598410 4.954704
11.371459 5.967270
11.345320 3.697961
12.648238 4.417432
10.289951 7.144495
9.182528 5.729576
8.964144 2.907984
7.174152 1.127224
7.993241 1.224563
7.235754 1.733061
8.736389 2.227817
7.087582 0.464191
6.050510 1.449620
6.953863 0.045451
7.739692 2.647464
10.056535 4.002700
10.075356 3.831909
12.869248 4.078866
13.410816 3.470369
10.646406 5.148638
12.390124 4.282669
9.918424 5.061095
6.772153 3.525778
8.548853 3.035299
8.828199 3.452534
10.957419 4.116744
11.626938 5.204664
9.029366 3.705324
8.622828 1.880370
8.720327 1.343986
8.061578 1.555982
7.704714 0.261106
4.590556 0.885377
6.973479 1.460434
8.693578 2.172100
7.933614 0.091017
8.042912 0.867722
7.612110 0.253705
7.894894 0.200154
7.517388 0.306202
7.766047 -0.120646
7.324575 0.709745
8.308938 1.913733
8.157371 2.617045
8.261225 5.138352
11.753035 4.744245
10.075696 4.131705
12.559725 3.695661
12.566213 4.963017
8.267489 3.816031
12.267471 3.664304
11.053762 5.994176
11.952374 6.207943
8.908086 5.514894
9.066460 2.920738
7.608641 2.727322
8.519325 3.791120
13.946661 4.072685
16.739338 8.317297
