15.832910 -10.686422
14.490121 -8.246024
11.502200 -2.515700
13.869875 -9.341350
10.697833 -8.964598
2.880512 -7.244067
5.301022 -6.449440
5.929614 -8.268349
9.227530 -8.135766
6.850772 -8.211823
3.752032 -7.571421
3.723479 -2.540311
5.140293 -1.283715
5.478682 -1.215167
2.028695 0.403337
6.650896 -0.099573
5.612555 -0.118842
5.068762 0.324482
4.755486 0.239340
5.244112 -0.343631
3.882649 0.445220
7.153902 -0.065249
7.990150 0.508844
8.586759 1.645530
8.743814 1.821477
8.684543 -0.154215
8.838144 0.515117
8.860271 3.583587
9.973354 3.787003
8.804059 4.040701
10.911762 7.312811
8.644532 6.777299
8.881089 1.511800
8.881011 0.605565
8.423035 1.951203
8.520924 0.689684
7.194131 1.502213
8.161322 4.064559
10.642406 4.713000
14.020342 4.225324
9.552698 4.082098
11.980450 4.227267
10.345929 4.859038
12.868535 3.723922
12.953763 5.459154
15.547562 4.229661
14.415633 1.671945
15.618918 6.640968
11.040778 8.961384
