-19.414848 19.616524
-8.895451 9.128772
-7.464426 8.679343
-5.738561 6.730831
-4.448865 7.088677
-3.412557 6.875741
-2.042849 7.105651
-0.564357 2.753233
-0.791054 3.679618
-0.741257 4.919304
-0.777229 4.118506
-1.313277 4.750547
-2.436478 4.698958
1.304971 0.209667
2.734042 -0.247706
6.531391 1.165924
8.959434 3.772433
12.813681 8.546073
12.374113 5.277921
11.004842 3.463586
9.090982 3.726298
8.201675 0.186429
8.831261 1.427769
8.537624 0.404152
8.319210 0.710021
7.296462 1.199188
8.715309 0.736614
9.059133 2.509912
7.712308 0.727939
7.800987 0.941788
5.864472 2.042785
5.171925 -0.483414
4.949208 -1.203843
5.450180 -3.891169
4.359698 -2.608564
3.467679 -3.674236
5.077927 -3.384644
5.293905 -5.512444
3.994665 -8.295857
5.178864 -5.058246
5.199390 -5.230593
4.205347 -3.724230
7.240317 -8.050298
7.903438 -8.906762
10.298051 -10.714645
6.078508 -6.986752
8.899888 1.756271
9.044064 1.850845
8.480660 0.497533
2.343814 -15.444503
11.451859 -17.528599
10.907349 -10.052859
11.724689 -7.015244
12.655202 -5.708947
12.296392 -3.171939
11.452311 -2.936458
13.092040 -4.573342
11.937960 -7.073921
6.651675 -8.137975
8.494528 -9.392128
8.770489 -8.639219
9.056589 -9.025283
11.404763 -9.874579
6.303599 -10.560169
7.150274 -9.561437
11.861141 -9.318500
11.679988 -7.145706
12.621546 -5.390290
8.019805 -8.239425
7.779670 -9.259275
9.071813 -9.079473
4.928957 -7.289955
4.526054 -8.042009
4.610130 -6.349200
5.940372 -7.491765
6.111925 -7.986332
8.683904 -9.610766
5.866211 -8.284486
5.107059 -6.809640
3.355661 -5.154751
1.857373 -3.232827
4.496462 -2.469333
6.169144 0.932747
6.409849 0.270584
5.602125 1.411000
5.896870 1.833599
7.991969 -0.179407
7.047724 0.539240
8.841018 0.665870
8.203564 0.934250
4.056911 0.438196
4.593186 -0.321311
3.429481 -3.338365
1.135399 -6.060922
5.271399 -8.452031
5.523812 -6.020752
4.467490 -1.644129
4.972136 -1.640817
3.681727 -1.417896
5.945124 0.305740
5.647600 -0.180895
8.980389 1.394997
7.400497 1.495887
8.445524 2.417467
8.812043 3.681606
7.309136 2.304606
8.448612 3.607968
13.049938 7.273257
13.729342 4.359812
11.381548 4.907759
13.542891 5.938330
15.397230 1.736982
12.211687 -2.128190
12.283032 -4.421029
8.504125 0.160207
4.557086 -0.300348
5.618512 -0.074426
5.996323 0.043332
7.999516 1.970159
13.857229 -6.208842
13.277828 -3.135064
12.671980 -4.104616
12.920748 -3.662216
13.571368 -5.201696
7.435525 -11.985026
9.907340 -12.848951
10.141059 -9.563256
9.637507 -10.242089
9.948160 -8.736247
11.264771 -8.238387
11.794253 -8.758682
9.201443 -9.897454
9.503013 -11.403955
5.972672 -9.248171
6.052088 -7.446302
4.047307 -3.789739
4.331463 -3.013814
4.744324 0.225085
6.314644 0.889460
6.661215 2.126323
7.705019 0.888158
4.390327 -0.413252
4.906034 -0.705549
3.105145 -6.428502
5.863896 -6.616371
4.786939 -5.124528
6.130068 -5.424161
3.196666 -8.753770
6.842134 -8.074263
8.842630 -8.354989
11.352390 -8.229190
4.298067 -9.071039
5.180071 -6.010164
2.231255 -2.705843
2.060447 -1.553111
5.443705 -1.236943
6.029922 -0.008152
8.555768 2.280788
7.837338 3.644145
8.257687 3.053406
6.815664 1.330385
7.225206 2.197752
9.090826 1.457316
8.749186 0.466261
11.469769 -2.091303
13.854961 -2.310097
17.412306 -6.076653
14.206432 -3.470830
5.908174 -0.193671
8.207501 0.219071
7.281663 1.266935
8.733250 1.631397
7.357562 0.138519
8.761056 -0.086150
7.118493 0.514027
7.711621 2.187076
8.578169 2.001821
7.337755 3.332884
10.978394 3.974100
9.738560 3.836182
10.513567 5.884618
7.556333 1.158396
8.028895 1.545314
8.625183 0.914181
8.354230 7.405986
9.701696 4.283575
10.353569 4.228856
12.246126 4.058616
11.023177 3.670874
13.910135 5.823591
14.504282 1.887915
15.410487 -1.854409
12.241158 5.938884
13.993903 6.105657
13.734935 4.546847
11.360855 4.243445
13.830130 4.669230
12.168710 3.725481
12.338099 4.086392
11.593410 7.792554
15.588968 2.491258
14.797055 2.550424
8.999036 5.284820
9.958956 4.222517
9.414403 5.679758
7.885966 3.234115
7.066863 2.561018
5.554553 1.243544
7.217054 0.833271
11.835537 -2.136580
11.607319 -4.420847
8.433228 0.285784
8.361843 2.049047
12.924525 4.859479
11.834661 5.181330
3.372153 -0.831928
3.260146 -1.022839
1.863174 -4.152763
2.183198 -2.508694
4.732258 -4.129637
11.441177 -6.657576
5.107862 -7.109721
5.213309 -0.353638
7.072029 1.019015
8.714327 2.174268
8.918654 2.058120
5.774883 3.182926
5.358079 3.110987
6.043574 2.122686
8.307727 0.866917
7.786623 1.470152
9.140347 5.802681
9.962070 3.965563
9.101899 4.508808
10.290840 4.498347
11.405037 5.180359
13.024420 3.589680
10.402650 4.715204
13.277270 3.495563
9.628705 3.506316
12.911889 5.659424
14.105505 6.698365
14.714354 -1.409030
14.750536 0.584243
15.931668 1.145275
15.763132 1.787644
14.627907 0.149707
12.818887 -6.751737
13.307095 -1.764142
17.147549 -1.276509
14.112551 -0.069690
15.225777 1.503030
13.554908 4.663619
10.122599 4.111736
10.445110 3.746519
11.826526 4.402173
12.360308 3.671321
15.132963 0.160792
16.091564 -0.868168
11.952934 -1.936689
11.734852 -3.108415
11.950821 -2.017934
13.088740 -2.110685
7.541615 0.633983
5.053137 1.007457
8.520289 0.412261
8.747746 1.926950
13.563273 -3.058766
16.033092 -1.143667
15.383604 -1.034282
14.889017 0.489825
13.836119 3.831101
8.187878 1.288017
8.481065 1.939559
4.366698 2.971353
6.272736 4.225140
7.914148 2.877179
8.861470 1.912592
7.826705 1.961541
7.555558 3.094981
10.492263 4.546976
12.137552 5.579777
10.658296 3.654628
9.296328 3.576299
9.403674 4.197772
13.971572 3.491361
11.155155 5.206559
11.465360 5.083549
12.077114 4.364609
15.262844 6.857819
15.467321 2.768884
14.190602 5.895868
12.524034 6.002591
10.000763 4.678136
7.902333 2.204279
8.423559 1.555733
7.029622 0.221483
9.684505 4.683396
10.430140 4.544344
9.850424 8.860545
7.494302 4.264603
8.933298 2.271337
8.649246 0.080972
8.394942 0.648423
6.455840 1.440297
8.816538 -0.117990
10.646305 -8.400083
11.669147 -8.079108
10.857059 -8.290780
13.594663 -10.053910
12.436594 -6.971962
9.021604 -9.451697
9.967497 -8.066788
11.546535 -8.277270
11.775684 -3.654333
11.699909 -2.117450
12.843302 -6.782812
12.808060 -5.982666
14.327075 -2.680019
