11.921251 -1.774218
11.929069 3.518662
11.920614 3.658109
11.929069 3.518661
11.920615 3.658108
11.929069 3.518663
11.920614 3.658110
11.929069 3.518662
11.920614 3.658109
11.929067 3.518662
11.920613 3.658109
11.929064 3.518666
11.920610 3.658112
11.929039 3.518709
11.920590 3.658149
11.928892 3.519053
11.920464 3.658451
11.928140 3.521585
11.919811 3.660713
11.925192 3.538128
11.930556 3.412354
11.922138 3.635402
11.929743 3.503178
11.921392 3.469441
11.915506 3.603357
11.919962 3.475570
11.914261 3.608647
11.919871 3.475872
11.914184 3.608909
11.919867 3.475886
11.914179 3.608921
11.919866 3.475888
11.914178 3.608923
11.919866 3.475888
11.914178 3.608923
11.919866 3.475888
11.914178 3.608923
11.919866 3.475888
11.914178 3.608923
11.919866 3.475888
11.914178 3.608923
11.919866 3.475888
11.914178 3.608923
11.507628 -2.522179
