6.304455 16.500282
3.694467 11.793889
-1.797200 9.531751
-1.383920 9.634896
-0.811429 9.750243
-1.780123 9.530338
-1.367149 9.631610
-0.790873 9.743791
-1.745833 9.517871
-1.333677 9.615001
-0.754902 9.719080
-1.685636 9.476369
-1.276761 9.562287
-0.697539 9.642862
-1.603987 9.370611
-1.200674 9.434074
-1.514410 9.119355
-1.115436 9.122005
-1.597302 8.579480
-1.117846 8.614407
-0.684765 8.070941
-1.173181 7.809871
-1.160320 7.052101
-0.838137 7.136386
-0.990362 6.308974
-0.765794 6.383747
-1.534827 5.342427
-1.587042 3.702661
-1.585428 2.677568
-1.732716 1.034527
-2.718780 1.041266
-9.057400 1.126632
-11.727182 -0.934193
