-11.144723 9.544138
-7.554840 7.072416
-5.648900 5.654978
-3.101098 3.050970
-1.003540 0.231215
0.081204 -1.623518
2.637425 -5.797301
4.651366 -7.355196
8.452709 -10.206039
8.262081 -10.113067
7.873258 -9.916386
8.452707 -10.206037
8.262079 -10.113063
7.873253 -9.916382
8.452697 -10.206029
8.262067 -10.113053
7.873235 -9.916368
8.452658 -10.205998
8.262020 -10.113014
7.873166 -9.916305
8.452507 -10.205862
8.261841 -10.112845
7.872905 -9.916037
8.451932 -10.205277
8.261171 -10.112115
7.871953 -9.914873
8.449856 -10.202741
8.258816 -10.108939
7.868750 -9.909772
8.442930 -10.191607
8.251381 -10.094834
7.859625 -9.886953
8.423573 -10.141748
8.233514 -10.031569
7.845804 -9.782918
8.399988 -9.917067
8.242709 -9.749739
7.952995 -9.296771
8.729506 -8.803859
11.830850 -9.302057
18.848927 -12.532356
