8.072151 -12.384923
8.329896 -10.346065
7.953889 -10.193126
8.232329 -10.192415
7.849264 -10.015545
8.203124 -10.178153
8.493384 -10.312444
8.336287 -10.212661
7.965993 -10.033813
8.225848 -10.182097
7.842269 -10.003488
8.201107 -10.177167
8.491592 -10.311580
8.335913 -10.212568
7.965579 -10.033725
8.225768 -10.182080
7.842176 -10.003472
8.201090 -10.177163
8.491576 -10.311578
8.335910 -10.212567
7.965576 -10.033724
4.450068 -7.445927
2.303235 -4.779562
0.575591 -2.111890
0.025384 2.636960
-0.959841 6.256860
-1.782451 9.711221
-2.772493 14.910820
