-19.671782 9.362039
-11.610438 5.349988
-8.657137 3.691982
-6.763837 1.616387
4.068302 -7.792784
8.259885 -10.217193
8.055741 -10.133955
8.259884 -10.217193
8.055738 -10.133956
8.259874 -10.217191
8.055727 -10.133952
8.259831 -10.217174
8.055676 -10.133931
8.259662 -10.217101
8.055476 -10.133836
8.259007 -10.216744
8.054716 -10.133376
8.256604 -10.215043
8.051992 -10.131196
8.248528 -10.206975
8.043249 -10.120916
8.225888 -10.169144
8.021344 -10.073118
8.195713 -9.996014
8.017955 -9.857603
8.423971 -9.207366
11.468419 -9.860767
