17.833549 -2.040321
14.485881 2.054511
13.389289 3.622096
13.389031 3.621920
13.388357 3.621525
13.386591 3.620660
13.381969 3.618807
13.369910 3.614980
13.338501 3.607488
13.256658 3.594423
13.042771 3.577253
12.732354 3.490447
12.039606 3.639055
11.194797 3.703232
10.942399 3.419155
9.903547 3.445868
10.145760 3.705137
10.214271 3.771587
10.011855 3.687453
9.771109 3.417389
9.802264 3.479763
10.087585 3.717639
10.180389 3.776179
9.994884 3.688051
9.766425 3.417057
9.800123 3.479258
10.086363 3.717151
10.179651 3.775825
9.994524 3.687827
9.766326 3.416972
9.800077 3.479208
10.086337 3.717118
10.179636 3.775804
9.994516 3.687815
9.766323 3.416968
9.800076 3.479206
10.086337 3.717116
10.179635 3.775803
8.966803 2.775948
7.757198 2.019876
2.932329 1.143953
1.667589 0.672971
1.667666 0.673016
1.667784 0.673111
1.667961 0.673324
1.668218 0.673832
1.668571 0.675097
1.669002 0.678339
1.669356 0.686805
1.669068 0.709311
1.666133 0.769532
1.654478 0.928629
0.369086 1.111421
-1.710379 2.310838
