11.935463 -10.262168
8.618067 -10.684353
7.999415 -10.840568
8.226319 -10.855579
8.032064 -11.092658
8.374506 -11.080079
8.059748 -11.109607
8.397697 -11.094871
8.065365 -11.109405
8.402293 -11.094730
8.066674 -11.108941
8.403356 -11.094344
8.066996 -11.108786
8.403616 -11.094214
8.067077 -11.108745
8.403681 -11.094180
8.067097 -11.108734
8.403697 -11.094171
8.067102 -11.108729
8.403702 -11.094167
8.067104 -11.108730
8.403703 -11.094167
2.646080 -11.877812
0.843686 -11.979253
-1.909451 -12.919868
-8.051248 -16.523335
