-5.480518 -18.903074
-1.616122 -10.300889
6.447044 2.920120
7.544204 3.481048
8.648360 3.356225
5.044864 2.972789
7.704017 3.297700
7.549561 2.375713
8.556912 1.511084
7.796847 0.936570
8.333908 5.018435
6.950444 3.158731
10.496003 3.616331
9.225011 3.739092
6.882594 2.290798
6.350227 2.600930
7.596323 1.876736
7.407928 4.654218
7.500717 3.288559
7.628331 2.407555
6.790053 2.212568
7.611639 1.651740
3.944573 -0.848987
3.046478 -1.809394
5.317782 -0.300568
9.167607 4.293293
7.385170 0.376983
8.819366 1.255438
8.216886 2.100173
8.843610 2.527228
6.774637 4.611773
9.823993 4.368396
9.247886 4.458729
9.403091 4.329751
9.471531 5.083457
6.148981 3.252288
3.694384 3.882081
6.151570 5.371669
6.422151 7.579940
4.923795 6.824033
6.511591 5.838540
3.512442 6.893612
6.521529 5.928416
6.617245 3.213413
9.225036 3.515433
8.108279 3.027711
8.957782 3.452276
7.018333 5.596196
6.721466 2.749365
9.570222 4.757843
11.800156 9.124992
11.616387 8.902905
12.593770 8.801789
13.546782 9.535168
9.443146 10.838601
9.900030 11.885449
5.543941 9.513463
5.027311 8.814605
7.967831 5.491897
9.015062 5.167391
13.700237 3.765227
13.433996 3.616450
16.212524 9.182378
15.793545 10.266503
14.464751 11.626367
14.886526 7.769526
16.235331 5.113582
14.975845 4.857221
16.453766 13.609469
11.725768 9.329354
8.236659 4.593740
5.730025 3.807801
5.112238 7.749549
4.437244 7.372806
4.114914 9.229762
5.844361 6.827813
8.194371 5.445922
9.201493 5.246337
8.099459 3.473415
7.748128 3.055570
8.950789 2.876981
9.060047 3.976219
9.089346 1.941094
10.727053 -3.514837
4.637826 -2.505607
3.869956 -1.089746
5.854361 0.957589
4.237709 0.831628
7.733505 0.332544
7.026441 0.385562
14.354458 2.025805
14.865009 2.305576
9.726715 5.622983
8.567873 1.695511
8.204739 3.757725
8.207526 5.044796
7.925885 4.512968
9.752972 4.897714
10.327176 3.462736
6.799823 4.537597
8.557884 2.715827
8.752159 0.670872
5.966344 5.367124
9.686235 4.105908
8.479932 3.545786
11.907431 3.435538
5.592860 3.032228
7.332104 4.615053
6.300006 7.584397
4.325576 8.159022
6.245395 5.774722
7.204135 5.598855
8.242683 5.165977
8.603066 1.425680
8.927489 3.939945
7.661767 3.313701
9.500845 4.281098
8.454892 4.362645
8.126138 0.625933
7.562857 1.649833
8.722108 0.654047
8.397628 0.927208
8.739760 4.534523
9.844778 5.577234
9.537469 3.897368
8.170169 5.522078
6.809766 1.840543
8.212431 1.187710
3.789296 1.151410
5.735840 3.376767
7.335112 5.140844
8.353050 3.222669
7.576632 3.381772
7.486730 4.133632
6.284745 4.722511
5.694665 5.589225
6.481269 7.584428
6.041077 8.949469
5.071837 10.832726
10.273133 13.265002
6.690232 10.830805
8.855399 12.840316
5.548258 11.431906
6.041050 9.065750
3.496949 8.961550
5.825231 7.748207
5.276115 8.759538
5.646008 10.736044
5.706042 9.684240
4.572827 7.538311
5.913860 5.742226
3.199490 9.332292
2.981704 8.548081
6.232460 9.838265
8.311818 4.575916
7.209745 2.852039
7.768873 2.759149
9.469133 5.567088
9.482460 4.912819
8.113927 3.705146
6.916854 4.073225
10.806708 10.833453
10.014908 11.080466
10.446730 11.446874
7.544357 12.227136
7.829245 13.574023
5.025005 7.516256
5.308625 8.831475
7.751081 3.176945
8.366820 3.692667
9.313842 4.763484
8.689633 2.019771
7.033401 1.538509
5.765672 2.931959
8.585234 5.447989
6.523183 3.955861
6.662366 4.274348
11.981249 9.456979
12.512413 12.139517
12.995911 10.284060
15.906993 8.052341
15.345762 7.308546
15.260826 6.905892
16.463230 3.458306
14.752760 2.523312
17.211523 5.529112
