-0.442933 -19.674036
-2.583079 -10.242741
-5.203681 -4.911326
-0.073268 2.400851
-0.458228 2.609516
-1.489619 2.826172
-1.052110 4.086350
-1.843880 5.721862
-2.237490 6.099345
0.417880 3.987830
-1.368417 5.238578
-2.163937 5.603559
-1.994270 9.125766
-3.886282 6.647025
-4.767871 6.903348
-4.339557 7.715597
-6.231443 7.820557
-4.996807 6.343090
-7.076659 7.712323
-7.297670 6.896770
-5.334718 8.396480
-6.651845 7.112669
-7.410254 7.865715
-7.912427 9.137124
-10.187673 9.708071
-10.642422 9.077727
-8.450010 8.897166
-9.844470 8.511350
-10.362741 8.597551
-15.268021 10.112243
-14.592764 8.431722
-12.076492 9.509145
-12.117710 9.530293
-10.626867 10.247594
-13.679594 9.479707
-14.185593 6.946885
-11.829631 11.223586
-14.071407 11.899991
-11.639734 9.214165
-10.150817 8.911857
-14.185574 9.227942
-10.532628 8.722986
-6.807957 8.679212
-4.457991 9.414958
-7.829051 7.471752
-4.275687 7.422359
-5.547974 7.517756
-6.700862 7.715228
-7.358456 6.588925
-5.690426 6.870578
-6.978981 7.294894
-7.727614 6.926957
-5.566948 7.327189
-4.822357 6.589197
-2.065605 8.104798
-2.177137 5.729872
-2.789232 6.957669
-3.589620 7.599286
-4.547025 6.416770
-6.610184 6.495012
-4.503217 7.465733
-4.740856 7.539842
-11.095310 10.844197
-13.263933 13.499009
