19.387882 -12.851834
13.846117 -8.971869
14.335938 -6.491647
11.236042 -1.804656
10.732873 -2.668159
7.414827 -0.160555
7.922936 -0.128773
5.848353 1.281556
5.644518 0.366136
7.258379 0.182171
9.099721 0.866490
8.150897 0.509355
8.384579 1.672755
7.647810 0.055320
5.549876 0.148172
4.294951 -1.583725
4.441020 -5.861676
6.164280 -5.345040
4.202372 -7.542243
2.335066 -7.449188
3.087643 -6.095465
4.840278 -7.223810
10.301588 -7.740650
11.291613 -4.262533
12.494583 -3.922569
14.361679 -2.088860
11.380690 -2.562829
7.692524 -7.080384
7.333585 -5.788981
4.402819 -6.335597
5.088410 -8.591624
4.325054 -8.495837
4.442935 -8.658078
6.358202 -7.245719
4.801494 -8.022291
5.270639 -3.475915
4.093985 -0.140756
4.474408 0.486555
6.019903 1.480004
7.484423 0.818868
8.341871 0.605740
8.974751 1.734434
7.061084 1.319470
8.944539 2.399010
9.031196 1.387035
6.672632 0.717698
3.739937 2.102264
4.239889 -1.909879
4.919047 -1.879512
4.550829 0.585120
8.195992 -0.111968
8.187491 -0.061459
11.753351 -5.434913
9.069442 -5.843974
11.345526 -5.459795
12.078047 -2.236333
10.841495 -1.992908
11.240292 -4.506252
10.686211 -4.247327
6.617669 -7.615696
5.413265 -5.974584
11.068677 -7.532566
9.993559 -5.473936
10.763988 -7.278136
13.484015 -2.954874
11.962440 -3.016931
16.346701 -4.847183
17.724670 0.720056
15.878626 3.000713
15.500445 5.801297
16.363619 5.211569
14.315663 -0.984657
14.598569 2.581511
7.028759 1.864457
9.060858 4.625512
10.696715 3.542586
8.266137 5.172987
6.129395 1.790846
5.432329 2.753700
6.592614 2.969445
8.568051 2.055624
8.409800 2.746052
9.064201 1.586589
5.884744 0.413423
5.221397 1.454713
8.525784 5.106428
10.752583 3.596360
8.242850 4.420553
8.308077 2.780900
8.599460 2.380621
8.309094 1.314735
4.123768 1.141187
6.445830 0.454050
7.279069 0.278977
7.887012 0.618592
9.044208 0.366812
8.091616 3.767096
9.314721 3.644965
9.017675 3.069467
8.789348 2.556742
7.458628 2.305790
8.388099 3.610371
8.560201 5.293363
13.982018 -3.334118
12.907249 -2.516683
8.946284 -7.120953
10.532490 -6.559019
11.199041 -5.500821
10.482364 3.437243
9.044695 1.697316
7.857690 1.557769
8.779164 3.160897
14.192950 3.435406
12.198868 3.759282
8.470119 3.492188
6.221432 1.121987
6.525008 1.413446
7.601527 1.955124
7.980049 -0.047210
7.209995 -0.060048
5.004812 -0.089063
5.508899 0.165568
3.015325 -2.715211
4.720195 -2.607156
4.856279 -1.549618
5.068884 -0.770302
5.569893 1.092985
7.895898 0.340059
8.506366 1.505369
7.821710 1.299212
7.768339 0.116492
5.165118 0.657350
4.091640 -1.398829
4.094090 -1.599313
4.882821 -4.976972
3.703208 -4.749947
4.577797 -4.030921
3.179056 -6.245089
4.650168 -3.933414
4.441116 -2.625432
3.800753 -1.910243
5.410342 -0.213057
7.830954 0.302310
8.792484 -0.195238
7.607500 0.530078
9.087640 1.489890
9.030430 0.831251
7.420604 0.513614
8.047805 1.242794
8.206656 1.529225
7.823120 1.728832
8.715305 3.138410
9.395460 3.633566
7.458934 2.771932
8.601205 2.033561
5.113220 -0.059114
11.114251 -2.077068
11.356965 -3.931038
10.512123 -2.948644
12.260578 -2.839063
10.735755 -2.534081
16.046326 -3.791062
15.895915 -5.917229
11.576972 -4.496319
10.848840 -5.049356
8.903982 -9.809531
7.077806 -6.751355
7.764073 -6.942864
8.988091 -0.107853
6.376817 1.669202
8.212458 0.583386
7.426906 0.958348
7.856087 -0.165718
7.020676 1.637509
8.416551 2.548241
7.549661 2.747137
8.898560 3.264710
9.019331 4.488839
9.041957 2.758337
15.415693 1.892707
18.174461 5.715348
15.162949 5.149735
15.836163 5.855602
9.233795 5.408782
12.639786 3.457098
10.160860 3.688593
9.066110 4.478052
13.718725 3.751822
12.802450 3.438469
13.500296 3.736619
15.464634 2.900909
8.865708 3.896477
7.898088 5.477845
7.740754 4.445372
3.877682 4.609026
6.356476 4.872698
7.675945 3.670719
6.170831 6.332633
5.944283 10.722711
12.708515 9.763141
14.788380 10.423744
8.913548 3.639863
7.637488 1.770488
9.280970 4.799752
8.324234 4.303319
9.532204 4.355788
8.757432 3.391241
8.426762 4.111682
7.830673 4.652298
7.059154 3.896294
8.221811 3.099441
7.703332 1.221943
7.687019 0.126240
7.054992 0.091056
5.403224 0.598542
6.479731 0.489346
6.524133 0.982134
8.660131 1.254787
13.413026 -7.160625
11.613525 -6.950532
12.275455 -6.041821
16.601618 -3.921113
13.396861 -3.375118
11.715239 -2.784814
14.397477 -1.503551
11.767234 -2.592819
4.568140 0.300775
4.472005 -2.134998
7.534242 1.551400
8.752334 3.625224
6.511820 2.225145
8.006683 0.342027
8.586254 1.026918
8.877877 -0.083970
11.365871 -1.634380
9.052387 0.746169
8.870242 2.372319
16.528090 1.747098
13.472645 3.426289
8.547872 3.743957
9.807017 3.788021
18.048496 5.254258
16.184385 2.352280
12.864847 3.440603
14.832131 9.249936
13.399920 11.104138
8.843740 1.141873
8.519665 1.418042
5.388124 -0.964978
6.439939 0.023646
6.779340 0.025289
10.653154 -3.202281
14.099497 -4.487974
11.345158 -1.657908
10.375936 -5.738500
13.796159 -6.113693
12.547560 -2.760380
12.789117 -5.333678
15.710688 -8.284464
14.865286 -4.326282
9.443207 -6.396436
7.662331 -5.420752
7.455272 -5.410039
11.511294 -7.220252
7.691010 -5.650727
14.225691 2.145473
11.190594 -2.418711
7.573172 0.452266
8.671849 1.081806
11.123799 -1.888048
12.754877 -2.475749
15.154137 1.727372
9.104579 3.306664
11.435747 -1.614647
10.826426 -3.265803
13.659771 -1.838128
4.743195 -2.492839
3.871937 -2.375303
6.090128 0.701090
6.559451 -0.200303
4.049890 0.550023
4.950611 -4.806002
5.094764 -3.144006
5.155967 -6.785131
2.511279 -4.141500
3.103986 -1.160649
2.661762 -1.699151
3.461329 -1.109112
3.962100 0.035616
8.050209 0.054235
8.306966 2.879257
7.544072 2.775379
8.312761 1.763403
8.520422 0.862290
8.981750 0.288278
8.951287 0.902271
8.304400 1.724026
8.179653 2.395969
5.478692 1.532910
5.017966 -0.090430
4.994093 1.113273
4.252147 0.450811
6.069666 1.340643
3.932087 -0.508839
3.252597 2.324925
11.354201 -2.335313
12.094562 -4.184415
10.876787 -2.172086
8.937773 0.125247
8.864174 1.991432
8.582659 -0.161090
5.183380 -4.742093
5.458248 -6.395930
6.592679 -5.676250
5.420911 -2.008863
5.425010 -0.385429
6.377852 -0.135393
5.841308 0.561224
7.872868 0.180951
8.186616 0.087420
8.141644 -0.046358
8.589340 2.320794
8.977289 1.231982
8.731066 2.713677
8.077884 0.855361
9.013304 0.445740
8.371737 2.301989
7.926580 5.273886
6.649025 2.160893
8.535645 0.807745
9.002187 -0.160060
16.135067 1.191639
14.372141 1.784551
17.063444 -2.864559
14.351757 0.054076
13.763351 -4.080358
12.376097 3.719396
8.706939 0.106662
8.514132 0.408624
8.643791 1.679493
8.767630 2.420942
7.949000 1.798585
15.022470 -0.580531
19.835196 -0.515070
11.498054 -1.690707
11.648358 -3.031763
11.681119 -2.669516
13.545864 -5.043234
10.766424 -3.806441
11.168142 -7.404823
8.590089 -8.304002
3.532301 -5.049227
7.307906 -5.528769
5.758755 -6.428596
4.563839 -2.178645
2.389141 -2.870701
4.909699 -1.520111
2.802517 -4.494961
5.061527 -2.519664
4.942444 -1.888805
4.501179 -1.026940
4.026119 -1.894387
5.807346 0.545471
7.799263 -0.146700
7.578453 -0.102043
8.109287 1.253753
6.793875 0.792056
6.565605 1.134821
6.334579 0.675219
8.239216 1.342580
9.762274 -8.569026
8.678067 -6.978038
9.640907 -8.522813
10.294922 -9.001515
6.599108 -5.685212
7.267141 -8.801179
8.811103 -9.098584
8.659648 -7.298898
12.643188 -9.261188
12.429724 -2.861954
14.274570 -1.723476
13.338755 -1.698497
13.273312 -2.754520
11.781219 -1.768643
11.613739 -7.377390
9.693310 -5.259533
6.841516 -5.362331
9.657082 -9.615973
6.951598 -7.836174
4.019509 -9.152282
10.102474 -5.254786
6.930736 -7.439307
5.249016 -7.316405
6.494305 -5.433573
6.596511 -5.686604
6.776306 1.518485
7.558434 2.445307
8.744308 0.710385
7.942808 0.030388
7.837962 0.781891
5.827442 2.010034
7.877802 0.033299
8.787760 3.093104
8.185315 4.882502
9.325479 3.517597
4.391735 -5.056613
4.750028 -5.692850
6.892078 -6.523234
10.607239 -1.592888
13.754541 -3.292428
12.967426 -2.588826
12.891634 -2.698552
13.640082 -4.426731
7.013460 -6.666944
8.363912 -5.275277
12.439636 -5.766199
12.589507 -2.269506
6.934696 3.143652
5.409606 2.020708
7.707220 0.893083
4.973182 -0.419012
5.215978 0.073533
8.378030 0.355251
8.396876 1.193558
8.227162 0.647590
8.497716 0.718004
8.541742 1.598681
4.378962 1.240696
4.678913 -1.173276
3.107042 0.958112
7.599209 1.014251
8.692111 2.978831
9.263537 5.530401
9.347048 5.403633
7.697161 2.626657
8.578756 3.200313
9.436973 4.584060
9.607544 3.455828
7.721495 0.226662
8.737222 0.371464
8.511748 1.132027
7.276709 0.394850
11.040715 -2.935950
11.896092 -2.518827
12.444210 -3.251251
10.703330 -2.102983
11.602131 3.491402
8.247934 3.722685
8.960865 0.295224
5.928356 1.109039
7.332598 0.965930
8.820180 0.154269
7.048130 -0.146112
6.760030 0.623733
5.543058 -0.138819
5.007864 -0.338605
5.244812 -1.099292
3.551271 -1.657414
4.863463 -0.862779
5.586178 -0.095502
7.524699 1.665576
8.213926 0.968232
7.823353 1.014528
8.431206 4.189682
7.339317 3.068131
8.492977 5.044068
6.130374 4.934723
5.416232 7.608721
8.433200 11.785092
12.569951 10.731926
14.382511 13.965940
11.932234 10.642297
9.060302 11.492284
14.499255 11.125198
16.534868 7.247018
12.842899 11.341008
9.809900 10.706861
9.865915 14.506383
12.510635 11.034665
8.969284 1.836514
8.819324 2.997624
10.328022 3.480588
7.972263 3.933179
9.107628 4.778100
8.827563 5.122007
9.487602 5.327435
8.460507 5.342873
9.735172 4.045044
6.676198 3.941994
11.844375 3.526537
11.798576 3.714202
7.754045 1.398839
6.860002 0.730477
5.152097 1.952952
8.522753 4.207348
8.470675 2.156352
7.575711 0.049098
7.608946 0.833550
8.603329 0.016764
3.004117 -0.417846
5.740719 0.142373
4.503959 -4.329009
10.551572 -2.886442
13.420559 -2.734658
8.540298 0.912240
7.104100 1.274726
8.667046 1.843040
8.643497 3.010843
7.696407 2.284888
8.374187 1.439852
8.157248 0.271871
5.379591 -1.555186
5.179101 0.471158
8.749885 1.190661
11.042595 -3.527530
8.747136 0.216774
5.222433 1.588813
8.463533 2.426365
8.727563 0.763862
9.729504 -5.901743
10.859913 -3.889059
10.905319 -4.531364
11.616466 -2.137320
10.587225 -2.388944
11.833029 -2.105093
5.450572 0.880836
6.974070 0.760986
7.502236 1.900567
7.604436 0.334212
7.908056 -0.070546
8.570846 0.891204
8.725201 1.165480
8.109761 0.523514
8.115528 3.675244
8.062600 -0.034383
5.558104 3.542972
8.698186 2.986010
9.519940 4.209342
7.485231 2.261635
8.948464 0.728208
8.882650 4.941648
7.943048 1.274658
8.571965 -0.208906
7.627324 1.608164
7.922190 0.482850
6.776868 0.648766
7.978547 1.153634
8.787148 0.914205
8.305431 2.035122
8.876073 0.927947
7.823279 1.196981
8.693522 2.116142
9.138416 3.672629
8.700109 0.181946
8.445322 0.887871
-1.124347 13.256858
0.258363 19.561325
