19.455076 0.992051
14.121696 2.398010
15.689137 -3.521143
15.509342 -4.164506
9.535602 -5.763192
8.063155 -8.954193
7.723974 -5.317219
6.490339 -5.960125
5.162038 -6.011519
6.870939 -8.357358
8.665682 -8.704267
2.389887 -7.924264
5.460751 -4.252734
4.750590 -4.731562
5.220331 -2.270670
5.470618 -1.128791
4.810262 -0.492626
6.410909 0.792091
6.439150 0.308821
8.850204 0.926824
7.063151 0.622815
8.897866 0.493196
8.982011 2.069070
8.582461 0.710774
8.152150 2.464032
6.954134 0.074420
7.381053 5.643129
6.810310 4.961228
9.846151 3.609643
8.823798 3.707347
9.218568 4.405550
9.258833 3.977421
9.229704 4.216586
9.484660 4.060602
8.151066 5.255716
14.270987 1.702109
16.075468 -0.358048
16.415234 -0.430641
16.285818 0.011654
15.723993 -0.746945
14.220806 2.949066
8.432323 4.856119
7.159458 3.076936
6.612491 5.516031
8.605513 2.352156
11.219320 3.476421
8.684638 0.688058
7.578145 2.281634
7.732044 2.809409
5.243677 -0.014443
7.339083 0.251263
8.206513 0.017464
6.969547 0.028645
12.636734 3.427764
15.303690 3.422130
14.216054 -0.296170
6.918028 4.435080
7.448671 1.465026
7.927512 2.938595
8.844809 5.113358
9.249856 3.683514
9.016739 2.387079
8.812295 0.946714
7.881444 4.253324
8.321145 3.046313
8.354784 0.500642
7.293157 2.177667
8.547907 1.612599
10.490231 -2.131002
14.904093 -3.082244
16.309910 2.329402
17.114628 1.288448
8.788557 5.023147
6.087481 4.613201
8.786450 2.610295
8.969461 3.795977
7.303391 4.985445
8.695414 3.157538
7.160724 3.127859
7.190902 4.145861
8.308327 2.323992
8.493869 1.276554
8.930142 1.148018
6.273458 0.012267
8.655516 0.999215
7.716839 1.637935
7.528088 3.907300
8.034297 2.542420
4.947773 1.725504
6.857475 2.453090
6.118805 2.361974
8.154404 2.523706
10.547565 3.459298
8.899615 2.021508
8.371388 4.958524
6.680736 5.454981
9.367146 3.893223
7.855735 5.426936
8.711200 1.983282
8.807848 0.478516
8.825894 2.989343
8.799807 3.721390
10.624491 3.742212
15.545073 6.023561
14.701054 8.951972
14.248100 10.603045
16.924109 4.315748
16.982449 8.284163
17.429373 4.816681
15.970276 2.501799
14.438723 3.362797
15.832204 0.802977
16.271885 -5.201576
11.589264 -3.278424
10.712228 -2.614703
12.724383 -4.386981
16.224655 -1.700637
15.881207 0.804581
14.601870 1.469055
18.193220 6.585036
17.414124 7.543689
10.935420 -3.736738
6.820412 1.689702
8.459436 2.815870
7.712786 0.833611
7.613353 4.515527
11.972636 3.740951
15.547541 3.681518
11.092775 3.739604
7.822853 2.167947
8.899940 2.617639
8.908843 0.348378
5.579027 2.043599
8.557196 3.509263
9.981762 3.693483
12.083698 3.721820
14.488625 -1.950508
12.956768 -2.385077
12.891429 -2.601077
11.464655 -2.588295
10.845181 -3.678879
9.081973 0.421614
7.684560 1.709774
9.321517 5.626506
18.709335 8.432254
16.620743 8.581470
15.589272 3.885794
14.130372 2.399409
11.212569 -2.094781
9.081614 0.998341
5.738218 0.350139
5.155020 -0.043790
5.640306 2.107196
6.903161 1.168185
7.364204 1.601035
9.947894 3.696351
10.296286 3.433894
12.274793 3.680834
8.560743 3.576552
6.146582 1.035140
6.301390 1.271183
8.042374 1.619601
4.966014 2.122403
4.111648 0.394004
4.829825 0.362536
7.986899 0.047339
6.657287 -0.154677
5.411596 0.102805
-3.676637 -3.967142
-6.989986 -4.051342
-6.997818 -4.461294
-7.964551 -7.650232
-9.760780 -3.770422
-11.480009 -2.519257
