-12.861328 13.940511
-4.933658 10.487207
-2.987520 9.860236
-0.016018 6.209797
9.317305 3.615934
11.139324 3.671486
9.365962 3.765199
5.112780 3.638015
7.247839 4.822564
6.243163 4.363645
8.096952 3.959302
10.964996 3.593668
10.786782 -1.595827
6.806957 -6.092745
7.153154 -6.379608
10.569576 -4.834460
8.997433 -7.515445
10.195163 -6.636406
8.172029 -5.605956
7.853263 -6.029240
13.940969 -4.724282
8.859131 -6.045847
9.692561 -6.554010
9.854033 -7.330144
12.980898 -6.586024
11.036228 -3.122419
11.994358 -2.291066
13.748260 -1.696705
10.997637 -4.114879
14.511262 -1.387694
18.224092 3.028404
15.678120 2.658432
14.403915 2.551692
15.621078 4.363997
12.592103 3.418022
15.092214 3.705581
14.331984 1.536158
13.013405 -2.139400
7.904680 1.643436
9.765813 4.540521
9.632486 3.946734
9.266020 3.461999
8.208527 5.339385
9.031775 5.183670
8.745430 1.651459
8.584414 2.968866
9.047067 3.683696
8.720906 5.355110
5.888277 5.074613
6.780700 5.241211
7.936391 4.654868
5.619217 6.001183
4.159676 4.758440
5.137219 3.616158
6.032933 5.142405
6.074285 8.240326
10.847784 12.522527
9.018979 11.094641
13.402681 12.164147
2.786493 6.072654
7.971693 4.730213
8.783633 1.723624
5.440148 0.923168
5.368754 -6.583762
5.544662 -6.536165
7.390787 -5.854906
4.844119 -4.202237
6.637129 -7.453342
10.554919 -5.930632
7.948146 -5.605098
14.361330 -0.788966
14.179086 -1.738199
14.968430 2.441049
9.370067 3.495775
4.769663 4.148814
7.217159 1.335164
9.092846 0.494198
11.755432 3.745659
8.092257 1.733039
8.240597 0.622430
8.688100 0.809066
4.327931 -1.758935
5.449268 -2.656062
5.157819 -2.574016
10.618770 -3.473479
8.243086 2.155148
6.545914 0.056232
5.848083 0.380594
8.008716 2.314611
10.699398 3.558123
11.207958 -1.903345
13.176233 -8.333409
11.925946 -5.748041
8.976797 -6.248716
9.808838 3.662348
8.989919 2.461951
5.226627 0.204771
5.645184 3.214828
8.908235 2.521490
8.123758 1.577503
6.231348 1.537861
6.321225 3.015399
7.000669 2.167442
6.076948 1.291987
4.778306 1.349172
4.866663 1.608580
8.108487 3.101067
9.430851 4.093275
9.013684 3.829574
8.549369 1.604059
9.034647 2.348106
9.102039 4.133108
9.752471 5.473102
10.996572 -4.929101
6.785119 -6.790948
6.525639 -6.368563
16.202972 5.465973
16.723005 5.565755
13.832180 3.624007
10.617412 3.584581
9.223412 3.998771
6.765103 1.405747
7.116655 3.186739
5.543755 0.788181
5.805882 1.350399
6.896837 2.550049
16.216711 9.088906
19.757195 6.800688
17.068798 7.137877
8.618695 5.016861
4.888529 3.958262
6.865200 2.947895
6.350238 5.777328
7.846373 5.153142
8.469194 0.875223
9.031773 0.071519
8.395689 2.149206
8.867501 2.108765
9.231442 3.900417
8.966986 4.615157
6.765022 4.663105
6.344755 5.818980
13.132814 3.713309
17.703604 3.116000
13.692970 3.648516
15.029435 3.770272
15.958410 -0.680749
16.489178 -2.124310
15.066459 -0.952758
16.770847 0.431834
15.090879 6.321998
8.650701 3.194580
6.371898 3.233498
8.908525 4.548331
9.416791 5.441523
9.144219 4.378356
6.001542 2.170671
9.055667 2.915798
14.236732 3.468669
11.438841 3.559466
10.526178 3.608847
9.735582 3.678537
9.086206 4.320878
9.728683 4.473344
10.486948 3.713481
12.206808 3.590734
10.939334 3.551459
10.799424 3.449392
11.544066 3.692839
15.399270 7.126437
8.890359 1.476537
8.107224 0.045944
8.437321 1.043312
8.185386 2.257310
7.577807 4.317954
9.717274 3.914415
6.589761 2.597115
7.884791 1.557010
8.883005 -0.090673
9.024240 4.407349
7.957704 4.334593
6.144303 4.438841
6.187209 5.161814
11.842910 10.448813
6.098159 7.623018
4.471578 4.411520
10.123830 3.757740
7.851513 4.537662
5.610493 4.978371
15.477970 3.192965
15.327454 1.538350
14.123167 2.888803
14.270157 -0.449574
15.759378 5.670695
17.130472 3.743957
15.020552 6.887663
9.418510 3.676120
11.518913 -3.708318
15.602498 -0.940095
9.010923 0.469190
10.005777 3.576918
14.289663 -0.145509
15.828588 -0.970595
18.902405 -2.204105
13.485065 3.502717
9.060137 3.524529
7.014430 1.907518
15.909966 3.478353
14.325182 -1.382980
17.366077 -0.312407
13.796056 -1.690933
15.801815 1.100374
14.907319 7.284069
12.653288 9.482844
18.558176 3.508919
15.815434 2.235772
15.880445 1.707941
8.234734 0.879834
4.279213 -2.763920
5.096349 -2.117855
8.708046 1.476587
8.900192 3.880401
12.333203 3.626948
11.877378 3.645310
15.001687 3.755170
13.779404 -5.619567
13.718731 -1.866390
10.498281 -2.794752
10.904284 -2.247822
11.432494 -3.870490
12.278295 -3.140778
11.860962 -2.944181
12.463731 -5.209558
6.893590 -9.218450
6.736902 -6.266270
5.743493 -6.820171
4.777858 -3.362367
4.865299 0.104005
5.138268 -0.134742
6.014482 0.370384
8.830904 0.380879
8.107676 0.114580
8.330530 1.933374
8.739281 0.708701
7.389731 0.730815
7.046928 1.090326
6.746528 0.014818
5.267928 0.668575
5.680405 0.355931
8.567766 -6.591609
9.579749 -8.053105
9.787179 -7.157925
10.641726 -9.674799
7.678535 -6.087119
6.589002 -6.831175
7.558990 -6.218828
12.268913 -9.249128
7.316663 -6.532197
2.459868 -6.942728
4.503692 -5.030653
4.836885 -1.712428
4.931370 -1.558794
5.335171 -3.047162
4.692444 -5.324203
8.378546 -5.778948
7.779692 -6.097400
9.404245 -6.677076
10.590689 -4.770263
5.870468 2.715502
4.441589 -0.823889
6.149148 0.137971
7.173563 0.238415
5.984399 0.843650
8.203705 1.695809
8.694788 1.206507
7.600579 0.954136
11.055824 -2.326288
12.707538 -1.678378
10.526547 -2.370488
11.101093 -1.823673
11.092966 -3.729777
12.105286 -3.755283
10.541064 -8.100595
11.048512 -3.419593
14.075344 -3.717396
12.107685 -2.720240
15.534923 7.252672
17.165415 8.568997
15.010483 6.150617
6.118256 5.758058
2.438834 8.245107
8.301718 4.306021
9.016758 3.960014
15.365829 3.334426
14.176100 0.251781
7.173236 -5.995697
7.208389 -5.240885
3.793046 -8.007069
4.627923 -4.595706
8.743068 -0.207480
9.021204 2.341905
8.842652 0.841955
7.145002 0.756337
7.405283 0.085723
6.008234 0.194187
4.472124 -0.963324
5.132661 -0.704106
3.779844 -2.609038
4.805610 -1.048500
6.499529 1.493816
8.299026 2.199626
7.736227 3.542013
8.298667 2.033547
8.341495 1.584550
8.397949 0.522161
15.886086 -0.249364
9.347425 4.417632
8.165923 3.841058
12.826910 3.467967
10.529631 3.746298
9.544232 3.726519
9.453460 4.906732
5.902846 5.001671
5.418141 8.041749
12.124619 9.562086
13.192246 11.257051
8.833356 10.791088
8.519056 11.885201
3.795285 9.282233
6.024610 9.447728
6.401419 7.272726
3.723546 8.483405
3.733693 8.420689
6.227908 4.918420
5.741281 6.034870
9.604004 4.116271
10.831552 3.756177
9.813068 4.617514
14.735684 2.221714
11.803901 3.570434
9.287985 4.906186
6.109246 5.133934
8.615310 1.420959
18.554760 -1.522413
19.465139 2.021987
16.939379 6.883033
14.471117 11.175869
11.980412 9.537681
9.048957 2.497703
7.534061 4.001914
10.866155 3.761442
11.057697 3.595516
9.237389 4.457230
8.214723 1.766514
7.595767 1.962167
8.103676 2.347331
8.740314 1.225949
8.695389 2.935574
8.874964 2.533333
8.482470 3.506817
9.004796 2.096105
8.150785 1.379604
5.614458 3.889114
9.945584 3.674817
5.668993 2.396806
9.753744 4.117163
8.709225 4.895023
7.093831 4.205411
8.469261 1.901814
8.592636 1.098950
9.088540 1.427737
9.090296 2.851876
6.619109 1.091587
8.932672 1.360191
8.801465 3.376879
8.989571 2.401077
7.789650 1.534604
7.848092 3.982172
9.684015 4.013238
9.718665 4.480028
6.906123 4.250985
8.148334 1.420952
6.871400 0.058362
8.382171 0.837650
6.130888 3.399170
5.973262 3.023867
10.731235 3.677238
8.357042 3.298064
6.421811 5.281300
10.043443 3.691185
8.854542 3.270880
7.974608 4.780961
12.567260 8.862920
8.316160 1.937630
7.052925 3.989294
7.630186 3.352874
8.203010 2.894229
9.111408 5.048221
9.618094 4.230933
8.370722 4.826643
9.316557 4.090367
7.933414 2.246882
8.192174 1.551208
7.084342 1.691004
6.210682 2.449712
6.326907 5.175528
6.199203 4.320681
9.851114 4.351364
8.104019 4.874466
8.876652 2.766914
10.508407 3.591606
10.791000 -4.479164
11.613780 -3.375722
8.005025 2.596997
9.109616 5.261139
13.166737 3.779190
11.287405 3.749258
7.363818 3.036299
8.975697 -0.098148
11.133138 -3.768237
3.875899 -5.756196
4.874531 -4.937108
4.318997 -1.060409
3.682962 -3.083522
5.162340 -1.343356
5.047913 -0.906633
3.625110 -2.060334
5.821599 -0.122476
10.581960 -1.789192
14.395778 2.809956
19.389767 4.343981
15.028854 1.623557
14.529504 2.145644
15.074213 -3.138191
12.226618 -1.769116
10.879210 -3.307975
10.656715 -3.658772
11.474339 -5.401990
9.043898 -6.403051
5.703835 -5.599665
3.309497 -4.598579
5.450302 -3.902819
5.225318 -6.298350
4.454757 -4.703731
3.287479 -6.306947
4.710264 -5.392648
6.878530 -5.488175
5.370135 -6.701910
5.001818 -2.372797
3.516092 -3.228769
3.254002 -0.214468
6.955354 -0.143126
7.344217 0.196029
8.178652 0.395556
7.251298 3.098206
8.173340 1.903562
7.397279 2.713728
8.665962 0.627585
8.495905 1.132345
8.861164 2.875212
6.318080 0.592778
9.010961 1.713387
11.903020 10.057260
6.099390 10.279160
6.321572 4.765487
7.721735 4.951384
9.315892 5.344435
8.321374 5.519125
9.686498 10.785135
11.909058 13.735703
12.638987 12.304467
13.697206 9.647977
11.866926 11.043428
18.265583 9.741006
14.878839 5.083240
15.502959 4.376719
16.669058 2.701276
14.800100 0.681389
8.904711 1.595868
13.748804 3.780412
13.200611 3.600551
12.908786 3.432101
10.561690 3.616212
11.794558 3.546924
8.115957 2.588643
7.337023 2.037360
8.411165 4.164018
8.216736 3.007898
8.202335 4.019914
8.016068 4.263173
8.294885 2.359183
9.537675 4.928580
6.844559 5.058157
8.401237 3.173192
8.453873 2.534496
6.025865 -0.149551
7.695232 0.260888
8.547428 1.094191
7.144831 2.080326
8.249675 0.259310
8.922230 0.326393
8.501661 4.212775
6.346991 7.879023
5.780155 6.797207
11.773455 3.724490
11.428591 3.618425
17.314503 6.727473
8.568950 13.101306
7.724020 4.575948
8.868349 10.707916
2.583777 7.447524
5.480732 5.754324
8.429937 4.739186
7.428565 5.150966
3.251734 8.477750
2.560207 8.877708
6.227362 10.291699
6.375560 6.830570
14.437521 9.054786
15.838287 5.067630
8.823574 3.284848
9.719095 4.232880
9.055546 2.433966
8.816870 2.573799
9.562154 5.252933
9.055441 4.686961
8.985449 2.695226
8.530139 3.366558
9.073662 1.243282
8.916744 3.425398
10.938766 3.707332
10.475876 3.518262
6.443339 0.233559
7.779634 2.193965
14.329750 1.473874
17.209579 -2.223163
14.170109 -1.744530
15.161655 5.412497
15.122784 6.395997
9.107835 2.629796
8.281053 1.912314
7.552185 0.982448
8.837700 4.549587
9.212750 4.309366
10.997484 3.546629
8.467619 1.679691
7.766203 1.303294
7.721353 1.130072
6.478505 0.715438
15.309605 2.252227
11.397261 3.512592
9.356354 3.728801
6.271279 0.253637
7.334671 1.938799
8.783465 2.127683
8.276192 3.354809
6.364823 1.881249
6.535741 6.487185
16.524590 3.969807
18.520491 5.397680
19.811195 3.552781
15.967167 4.488003
14.236647 0.579462
18.180950 -0.273766
14.262272 1.325782
14.785482 0.124869
17.200289 2.254525
16.379671 -0.219570
16.196945 7.591637
8.819029 1.578987
12.266417 3.662281
8.459497 2.575522
15.003392 2.673977
14.292479 1.185416
15.537705 3.160392
8.893199 4.674706
17.010664 7.106100
12.822733 3.565209
7.355210 3.653677
7.988625 3.890243
8.682722 4.147778
7.535863 2.423003
7.522601 3.391767
5.436233 1.481450
5.406896 3.562872
4.731296 -2.015926
4.732047 -0.120774
5.767240 0.172767
8.347501 1.382166
11.028813 -3.686312
13.620449 -3.480054
10.947152 -3.017598
11.822727 -3.159839
11.471563 -3.033166
11.635038 -1.998674
11.934351 -1.678947
11.990068 -3.307858
10.606537 -5.216100
12.670999 -5.386043
10.293781 -10.241248
9.802048 -11.710307
6.560793 -8.698554
3.671300 -2.300726
4.723651 -2.883840
4.071510 -0.259377
4.256963 -3.158974
4.224746 -0.335715
5.688342 0.643965
8.722971 0.036604
7.938778 -0.021802
8.618706 1.861993
7.601918 1.915407
9.007690 -0.080947
7.418129 0.519656
8.164718 2.347823
7.429183 5.219917
8.710670 5.331087
9.586837 3.497829
11.238793 3.726678
11.158777 3.637892
10.310125 3.622463
11.041189 3.527301
12.129604 3.721203
10.274011 3.628529
5.839918 2.887671
6.685460 1.323625
6.666419 2.644660
7.063719 4.665043
7.037589 1.164376
8.452827 2.135763
9.203363 4.784715
8.190523 4.479908
8.005423 3.669968
9.066067 5.512167
9.530735 5.141518
9.508162 5.022692
9.602459 5.209140
9.400080 4.079324
8.633576 2.960318
7.539453 4.221157
10.126855 3.658016
11.182786 3.412926
10.468669 3.710683
7.451851 3.086787
8.645516 2.671695
7.299636 3.030017
9.665616 4.986213
9.029813 3.939686
9.105135 3.179903
7.790195 5.623412
9.075995 3.196726
7.918414 0.912049
8.574547 1.199951
8.573752 0.745902
7.642323 2.457161
8.749808 2.877097
7.535188 5.530386
15.473265 11.580070
16.853889 7.863974
7.854809 5.143773
5.094752 4.786086
5.077463 6.260732
12.820695 3.537999
11.721050 3.454943
11.238654 3.548411
10.410809 3.549292
7.735158 3.354651
5.801037 2.432803
7.140905 0.830807
6.599176 2.051997
8.551605 4.655679
6.264787 4.326728
16.794165 9.277648
15.903592 4.822273
15.666239 4.726038
14.744102 1.731665
14.521910 1.349436
15.049860 4.259371
17.448488 5.578600
12.895926 10.840043
15.600176 9.368712
9.844244 4.722823
7.860419 3.433158
9.391399 5.029154
11.261808 3.509199
14.963801 1.744401
17.464222 1.800575
13.636166 -4.096677
15.676447 -4.581772
11.682184 -3.548192
11.572452 -3.112828
10.751292 -5.616795
8.586208 -5.414000
8.276277 -8.719750
8.337965 -5.444352
5.887907 -6.719478
4.373849 -1.765548
6.127920 1.545517
7.585114 1.384035
9.250729 5.587320
8.676858 4.008269
9.312514 5.460860
9.608074 4.731260
7.487449 5.494790
8.090879 1.721549
7.491019 3.739734
9.852337 4.466510
9.407092 5.159973
8.669788 5.424282
15.474385 6.316193
19.197914 9.706239
16.774956 6.127646
7.296521 3.336337
4.860707 4.041690
9.325083 4.519891
7.629024 2.979085
8.725244 2.217777
9.047232 2.972070
11.783736 11.900209
10.314321 11.311711
10.452099 13.481668
11.702278 9.618087
7.995822 5.346412
9.672153 5.529906
8.623457 4.086092
7.459531 3.116411
9.778111 5.551994
6.464033 7.402921
6.027908 7.918410
9.712482 4.284644
5.164132 8.602331
6.189310 7.134498
6.818529 11.999443
9.445773 5.500566
8.542514 4.361232
7.758568 2.710102
7.822627 4.850259
11.134521 3.727198
10.006596 3.615957
7.999480 5.230474
9.779370 4.640748
7.783103 2.194230
8.032093 1.180939
8.639972 1.287068
8.082923 0.199808
8.778952 0.624205
8.771890 1.247499
5.026543 0.000525
11.313283 -1.876566
11.558569 -2.716672
7.331143 2.965237
9.814435 4.614178
8.660864 3.631719
8.306947 1.431460
8.881285 -0.090984
6.965392 1.740227
7.598269 2.047856
6.835899 1.181587
6.648477 4.541298
9.029067 1.357588
8.398561 2.540033
8.868323 0.519174
8.796171 1.388955
7.591121 1.548278
10.690097 -1.983602
11.471331 -1.763353
12.059300 -2.575754
11.348727 -3.562905
15.038357 -4.253913
14.091717 -6.576743
13.568958 -4.010384
14.774140 -1.509408
14.594132 -0.456815
8.458051 3.242998
5.884071 1.011848
8.315742 1.752562
8.838900 0.180566
8.600842 0.666130
8.379320 0.418168
8.422821 1.767778
4.699870 0.915118
8.530862 1.203045
7.581791 1.913424
4.357224 -0.241970
7.452738 0.487162
8.928417 0.985969
8.768452 1.751976
9.017455 3.899004
9.217652 3.533068
8.699042 3.114875
5.773118 2.215445
16.189795 1.341576
17.656864 2.177573
15.214051 5.971685
16.613838 4.408030
13.892006 3.423488
6.698341 3.456142
8.432034 2.436009
8.201735 3.510825
9.775556 4.898839
9.110624 4.167252
9.240476 4.284011
8.554311 1.616048
7.147846 1.760363
8.372478 0.696919
5.268625 -0.031753
4.689049 -1.925003
6.642291 0.259264
4.998482 -4.218939
4.738885 -2.782793
5.214157 -1.680369
4.798720 -4.904026
4.225429 -5.664741
3.348858 -4.226098
6.339157 -5.814662
7.876766 -6.071576
10.292200 -6.101836
12.476168 -6.931343
11.224330 -4.108098
11.662086 -2.448421
10.693069 -5.283996
10.807178 -2.257551
10.491554 -3.796433
10.611306 -7.276120
6.017196 -6.271714
7.363801 -6.845567
7.326639 -7.011286
5.564579 -5.462269
6.075248 -5.853755
4.709695 -6.658651
4.795087 -2.777001
4.631962 -2.386350
3.579861 -4.104687
4.490780 -4.372323
4.540332 -6.167144
6.487689 -7.615403
3.773728 -4.017170
3.207657 -2.966484
6.350575 1.191866
6.985690 0.064518
4.989934 0.082195
4.316008 -0.489390
4.714320 1.472170
7.209982 0.503701
7.449349 0.435765
8.962384 0.659599
8.553906 4.112913
6.642513 4.597278
9.847533 3.999132
8.870498 5.584882
8.504891 0.998537
6.876748 1.931690
5.775141 1.930724
5.130000 2.404729
8.164394 2.699751
7.310044 -0.028215
7.847188 1.974573
8.103603 1.949476
8.697310 1.494597
5.461299 -6.161507
7.826353 -5.965561
8.448355 -5.615147
10.862787 -5.128016
4.817975 -8.320565
5.565613 -5.366353
3.357882 -1.107962
3.728082 0.498933
7.337754 2.404259
8.097363 0.722559
11.776884 -4.658617
9.944320 -8.587166
9.584542 -9.910362
15.670921 1.222185
14.663443 1.564892
14.171688 3.059789
14.403892 1.704111
15.911937 3.619261
11.504125 3.514846
8.944488 0.534128
7.516232 4.495287
9.596532 4.063711
7.409036 4.453149
8.724949 3.292323
9.162577 4.590565
7.724205 3.154625
8.932017 0.079332
8.711469 1.299958
11.952153 -1.953083
12.536891 -5.246824
13.727423 -2.756824
12.442914 -6.423262
8.711320 0.042678
9.495608 4.689785
7.409554 4.512816
10.094234 3.615679
12.591324 3.660596
9.070453 1.998556
8.961236 0.806076
7.646240 0.802173
7.793051 0.887852
13.147934 -2.479153
10.490755 -3.899311
10.964849 -1.745835
10.676482 -2.757857
10.020975 -9.398792
9.589455 -7.052663
8.668222 -5.759800
7.475993 -6.990173
5.414668 -7.080727
4.985829 -0.810234
5.351116 -2.542739
4.250748 -1.579902
5.275159 -2.123927
5.377082 -4.445579
5.146711 -4.535066
2.722839 -5.557005
4.666089 -5.269789
6.298888 -6.036423
12.953161 -5.514190
14.979399 0.175508
11.315653 -3.699543
11.115696 -2.393827
10.737808 -1.643454
7.619847 1.081937
6.060045 0.645350
8.013841 1.644170
9.015691 1.225595
6.845967 0.152049
8.133077 0.057321
3.039048 -0.372114
3.865760 0.176481
8.078122 3.428909
14.289245 3.428633
8.515922 2.836185
9.023849 5.434959
7.872290 5.018295
7.719278 4.263282
11.060601 10.974956
16.607868 10.650048
14.891481 1.623902
14.648581 1.628025
13.306409 -2.277037
15.856243 -7.266214
18.351711 3.239579
14.440537 -4.827218
14.701006 0.622467
16.671268 -0.176878
16.245045 5.036560
18.359411 3.482481
11.153989 3.501908
10.277855 3.533939
9.217916 3.864529
8.020952 4.930232
8.882188 3.434346
7.786150 5.005524
8.586164 2.262223
7.443467 0.577256
8.415342 0.175413
7.424319 1.402638
6.743308 0.911826
8.367076 0.166114
8.910217 2.898630
7.784750 3.627039
7.900671 0.517082
12.027454 3.559547
7.663281 3.364716
11.545775 3.609295
15.211215 4.522019
11.190352 3.467233
9.695962 5.193348
9.372762 4.138056
14.520555 1.269650
16.431234 4.225914
9.037177 1.577251
6.584410 0.956524
4.319771 -1.426863
5.479121 -1.993424
6.926225 0.843344
4.991800 2.212144
8.256186 0.270156
7.575852 -0.171712
7.823513 1.190910
7.726199 1.237985
9.832047 4.281505
6.560085 -0.078443
8.346223 0.518695
6.206302 2.637919
8.941161 2.822552
8.944930 1.066617
7.587735 -6.117824
8.903223 -6.142651
11.196495 -4.866123
12.832669 -4.191687
15.441739 -2.555931
13.567834 -2.897509
11.924599 -3.818682
11.461705 -2.496307
9.085018 -9.100911
3.298715 -8.702096
9.046505 0.880826
7.915377 2.559642
7.442369 1.484463
9.062620 0.630498
8.764542 2.998355
8.511758 -0.161052
3.716140 -0.202297
3.528748 0.816279
8.866724 0.856825
8.197264 -6.672825
3.700114 -7.235940
10.706373 -3.278967
11.546148 -5.653145
7.860874 -6.262621
10.734484 -6.278036
12.143948 -2.650113
15.639965 3.186493
15.007640 4.781128
18.295670 9.015805
14.650507 1.632923
8.854189 0.663120
7.652255 4.172344
9.563170 4.740980
12.242695 3.574723
9.022091 1.542726
6.087453 3.560093
9.007444 3.453339
10.535226 3.777953
10.760958 -2.206296
13.973582 -3.714949
12.942605 -2.331748
16.807226 -2.254104
13.235037 -4.164928
17.075439 0.639359
14.695200 3.679090
16.676048 0.123715
15.032152 8.196407
15.571940 11.682711
16.439478 9.244900
16.626165 5.214688
17.814407 5.741870
12.572622 11.450866
10.310061 3.520561
9.778300 3.728683
7.796278 0.492501
8.118134 4.450454
14.376322 3.063632
16.198364 7.088500
8.285960 2.049603
8.197430 4.313838
8.643267 4.755847
9.105074 0.153497
10.554524 -1.607836
14.221151 1.209131
14.282849 3.151106
12.793729 -2.932946
15.337424 -1.087254
12.587720 -2.457367
11.301853 -2.406848
12.596233 -2.019809
12.788887 -5.185861
11.209772 -6.482935
9.185026 -7.527476
6.473993 -5.321159
5.721335 -9.280114
5.581413 -6.046496
7.077859 -5.986035
6.589670 -7.031534
4.978987 -4.563451
4.325817 -4.796164
5.335336 -2.530586
7.725563 0.038140
6.515182 0.636929
7.820129 0.210990
7.988363 0.076829
4.828192 1.442196
7.212086 3.039363
6.298609 4.550548
7.453529 4.299697
7.606711 3.068745
8.394534 1.814720
6.338482 1.845319
7.792159 3.007190
7.107974 2.224186
7.385027 1.887549
7.670869 4.330305
8.488962 3.968660
6.002912 5.327855
10.470428 3.706651
7.405052 2.079540
8.463190 2.996835
8.998028 0.900409
16.542896 6.607820
11.245913 11.373693
5.238998 6.638345
6.490394 5.910603
9.489341 5.020466
9.782789 4.606761
12.275784 3.603115
18.228310 5.857626
17.483095 3.614468
12.003743 -2.132865
8.484923 1.202899
10.514776 -1.871822
11.915839 -1.782714
8.226950 -0.208091
7.649523 1.631022
5.541108 1.430098
5.883501 2.108643
10.845648 3.485853
8.666889 2.733664
7.191242 3.885378
10.182747 3.598081
11.854260 3.707556
11.329927 3.690320
10.493214 3.735856
10.941849 3.461380
10.206990 3.427902
7.706588 1.379195
6.924583 -0.067650
8.599287 2.166857
6.184248 0.860952
5.135448 2.238669
8.635911 0.884748
7.798285 0.905918
8.986050 3.073764
9.538985 5.253763
8.096570 4.483284
8.523173 2.900221
8.439303 2.828267
9.316288 4.684182
8.224569 4.493001
6.760579 4.286259
5.656831 7.342727
5.040345 8.075226
5.460869 7.137712
5.689416 3.832007
7.861876 5.631008
9.501366 4.217752
6.777732 4.672976
9.826416 4.788311
7.483624 1.823275
8.311681 2.321625
7.341722 3.380574
6.322630 3.105322
8.429579 1.108133
7.321815 2.657547
7.748017 2.148740
9.545098 3.909270
9.792162 5.035306
9.648521 5.601846
9.105651 4.520170
9.704840 5.417515
9.706862 4.446989
9.240529 4.960068
9.588280 5.603082
6.912305 3.152616
8.380282 3.084465
8.315748 4.859492
9.830072 5.562646
8.586120 5.020506
8.500479 2.641129
8.448886 1.111909
8.706233 2.876519
4.122061 -0.411774
4.401780 -1.587011
3.193323 -0.095646
6.571778 0.460961
7.816668 0.411388
7.972838 1.518069
11.672180 3.745172
8.432429 3.446524
8.221763 4.755123
8.888701 2.778002
13.712507 -3.064202
12.118833 -2.620988
11.314035 -1.597969
15.992002 2.524382
15.020393 2.012243
14.817160 -0.424189
12.608086 -1.604879
8.665512 3.397469
7.136313 -0.205660
8.702822 1.098540
8.846300 -0.142320
8.066133 2.119066
9.184319 3.736809
9.362745 4.755156
8.491085 5.276501
9.074970 5.460626
9.287532 4.296827
9.840257 5.445808
17.093517 2.822635
17.951496 7.569788
16.846352 4.884296
9.806073 3.814262
9.497321 5.234828
6.604019 4.399805
6.145916 8.204936
6.138910 6.750029
6.096822 3.638319
6.713568 4.434143
7.348220 3.979640
6.039186 1.182491
5.070767 1.532103
8.793832 4.224919
9.616589 3.692616
14.172334 3.590763
15.654556 -1.320059
11.968219 -3.841302
9.085405 3.507895
8.699131 2.348285
6.092526 2.628072
8.367631 2.683424
10.823606 -1.991261
16.460251 10.097109
15.144449 6.532399
14.863947 8.633073
13.561608 9.744197
13.278946 9.222567
8.585238 3.289205
7.415865 3.855671
8.039515 5.314321
9.246894 5.288513
8.198171 4.854563
8.262679 2.384446
8.811289 2.282104
8.583274 2.653103
9.300934 3.486498
9.073851 2.516646
6.371050 0.551394
11.040148 -3.423681
13.802382 -3.147159
14.131879 -0.521543
10.685697 -1.805573
10.504422 3.651468
8.775424 0.809114
3.789582 -3.427035
4.936232 -6.097304
10.672310 -2.783577
11.175997 3.420757
9.160471 3.462665
8.654162 3.446435
8.326184 5.064663
8.697971 5.528380
7.717808 4.245891
7.417002 5.091316
8.084176 2.029208
8.662208 4.126511
8.299301 4.169864
16.432693 5.169359
16.156862 1.328662
15.816277 6.139093
16.393227 6.938965
15.700686 0.908672
8.396484 1.462736
9.289667 -5.361854
6.273337 -7.204587
6.146299 -7.721809
2.497014 -7.484577
4.239297 0.070987
8.254959 0.512335
14.211344 1.562206
11.594419 3.494133
15.232471 6.240372
15.994595 9.037890
13.662533 9.533919
17.703094 8.629347
16.482046 7.816804
14.352072 3.355849
9.264247 4.321342
8.540319 3.754218
6.998013 2.496008
5.135104 1.166370
5.281749 -2.961910
9.302216 5.554623
10.127608 3.556869
9.220558 4.889719
6.143924 2.300096
9.042644 2.958003
12.679836 -2.198509
14.288371 0.234005
9.575091 -6.118525
9.171644 -8.419014
10.138012 -8.541275
15.356384 -5.034698
14.289143 0.619600
14.373159 2.753216
10.768196 3.614407
7.739187 2.397840
8.892089 3.857046
7.391026 5.425374
7.103607 4.427951
9.138442 3.706221
9.682779 4.703480
9.028498 5.452181
3.410400 5.414790
3.474127 3.455579
7.882562 4.109887
8.923198 5.190031
12.021858 8.794174
11.895758 9.007550
13.839637 8.891150
14.628002 12.322459
13.608775 11.259883
12.044703 12.218962
11.007843 12.823260
10.258186 11.511038
9.318293 5.542070
12.754675 11.102228
12.261452 12.451214
8.015253 12.879818
7.430484 10.798791
9.778242 11.209891
5.263054 9.332486
5.634768 8.008618
5.220281 8.668278
5.313879 3.516842
6.281144 5.871023
5.754859 3.720071
6.819287 5.571279
7.073757 3.837512
8.033075 1.825912
8.986004 3.273814
6.839193 2.028288
7.518094 -0.205733
6.047962 1.748155
9.725307 4.132743
9.576846 3.927442
7.807250 5.249962
6.546918 3.854359
6.290532 6.803798
5.869217 7.564425
5.636989 6.435710
3.977783 2.543392
5.213714 10.300845
8.237447 11.560262
8.744500 11.784166
5.623397 12.189214
5.812654 11.592696
11.597448 14.399131
9.794630 14.982693
8.951145 11.399569
8.082680 11.640185
7.253502 4.300415
4.852852 8.575271
4.461731 6.257353
6.077939 6.253292
6.188859 4.616113
4.271576 6.162127
4.061099 6.068921
6.268505 6.928121
6.293527 8.302173
5.757359 9.255086
6.811175 11.822501
8.471905 10.748325
8.062016 11.241168
6.380994 11.353561
4.965919 9.945580
6.508792 8.797956
4.601128 6.954865
6.771472 4.637636
8.699901 5.341795
9.655691 5.240948
9.380552 5.116745
8.367494 5.475257
16.655121 6.827949
14.905450 8.446094
7.256173 11.076085
5.444296 10.551660
5.239163 8.319083
6.083397 9.190423
6.727370 3.081725
5.410723 7.917865
4.852635 4.277749
7.191481 2.256475
8.173714 3.223938
2.787461 2.370893
5.778960 7.015069
7.793469 10.773847
7.989568 4.687717
7.333123 4.707356
11.582637 9.079544
13.012871 9.862642
11.745192 9.368487
12.166558 9.994534
15.152218 15.016923
8.661784 11.841315
10.036383 10.811222
6.897337 12.748448
4.454219 8.385327
4.898767 5.373757
9.729025 4.313069
9.846179 4.371540
9.809645 4.110344
7.265241 1.951454
7.463661 3.382443
8.552562 2.418972
7.717907 0.900464
9.341816 4.685309
9.100847 2.452768
8.328268 3.365281
11.016226 3.535501
8.331369 2.505203
7.788633 1.815681
10.628598 3.445718
7.411985 12.638150
9.483176 11.166551
5.803977 8.667694
4.789847 8.575854
4.768784 7.136700
3.249462 8.456126
6.442856 5.631509
7.700450 5.467570
5.235518 3.307887
5.669966 0.771730
7.349539 2.201288
8.490437 3.079575
9.221855 3.927973
9.463036 3.431265
14.639350 11.148616
12.128455 9.082948
6.905087 5.265338
8.428238 3.848660
8.697168 2.452418
7.716735 5.040196
8.852549 4.910092
9.285822 5.086556
7.682126 4.778188
5.281603 5.939700
3.891284 5.275032
6.444758 6.227578
6.425023 5.578488
5.926849 10.057479
6.484186 7.765343
3.299407 7.936620
4.457007 10.524308
9.534495 12.327083
11.780176 13.271596
8.119462 10.909692
5.191413 8.025324
6.361181 10.467879
4.428493 10.287985
5.667273 9.695818
5.350243 12.689384
9.925438 13.295804
10.631249 13.856294
11.556280 10.889775
11.903286 11.525712
12.573316 11.462428
13.751235 11.201465
12.708992 9.321164
13.318655 8.853063
13.233923 11.230128
13.338038 12.529483
15.496148 6.488453
15.969391 4.290311
16.308952 9.337557
16.280508 12.252589
15.741101 5.199397
16.155195 5.751089
16.150537 3.571398
12.753147 3.557119
12.187262 3.601773
9.419418 3.525480
8.994662 5.168063
8.959818 2.809597
7.283693 3.477577
9.746461 4.789802
8.170652 3.986024
8.235209 0.584198
8.859264 0.643110
7.366229 0.737833
9.009696 0.396023
7.065407 0.749987
7.922598 3.218273
7.604405 2.833563
8.513993 2.926672
8.802563 5.535579
9.601497 3.551750
6.133405 3.054274
8.532052 3.493365
9.956306 3.664967
7.100360 5.499045
8.274644 5.285676
8.938562 5.200253
8.353820 5.326587
5.701029 5.282562
7.018660 5.098708
5.742577 5.691055
5.709635 5.912439
4.452237 6.249003
3.027385 7.019201
2.096146 7.513167
2.346958 7.126032
3.380637 6.672871
4.573216 5.468540
6.185384 8.264990
4.001905 9.085198
6.397702 11.769193
9.454885 10.859987
12.512733 13.064278
11.136036 11.770555
7.403116 13.866284
11.400437 11.698592
12.976531 9.684002
11.698151 10.685484
14.894848 10.020062
13.111371 9.678100
19.356607 9.457540
15.130089 8.082978
12.100065 10.678506
10.992143 3.629004
16.120434 8.268545
12.137965 13.263078
7.814228 3.377940
7.524265 4.051257
9.329225 4.868436
9.326549 3.636212
7.797819 2.800471
8.159731 4.802963
8.923311 3.800772
6.688001 5.585428
5.209695 5.212072
6.497873 6.171067
4.623221 6.183799
3.654276 4.090454
8.223866 4.909791
8.108870 5.317420
9.028599 5.501012
7.402264 5.065814
6.920433 3.839062
6.941467 3.629262
8.246830 1.919238
7.303067 2.256845
8.613793 1.656288
6.728582 4.598998
7.827744 1.506429
8.555423 2.495018
6.394752 1.894964
8.237834 1.532894
8.189585 2.925939
8.018880 0.811936
7.509188 1.329048
6.475463 0.743550
5.146744 0.681110
13.372849 -5.702958
12.325596 -4.965067
11.894592 -1.717915
9.067087 4.341867
8.884081 2.129025
11.970119 3.611171
9.031806 2.872671
8.861537 3.869288
8.489580 2.635869
9.226186 4.659189
9.335885 3.496608
9.746538 3.829134
14.001263 3.709200
14.663746 0.405505
17.867916 -0.425570
18.045382 5.948342
14.885332 -0.560131
16.065512 0.907461
14.800333 -2.978566
11.973333 -2.315111
15.667642 -3.019714
16.193634 -3.254720
8.510492 1.300397
7.161771 0.656242
4.509930 0.687279
7.685002 0.695080
6.537766 0.286169
9.814660 4.555978
14.929047 4.657872
13.092484 8.960544
17.271658 -0.034043
16.908403 3.491292
12.638202 -4.316045
14.972242 -4.794312
9.651580 3.433692
9.647986 3.900213
8.257430 5.307427
9.700199 5.651144
15.605817 3.589063
16.036638 5.218097
14.931567 1.797343
14.187977 1.227465
9.767126 5.066454
8.753973 2.570231
8.265177 4.940606
8.302392 3.396305
7.829680 0.918694
11.772699 3.498427
8.073025 1.147778
6.311998 1.713555
7.514111 0.196521
7.477853 2.042958
8.873374 1.668856
7.867869 0.139089
5.657578 0.304216
7.462682 1.006676
7.563421 1.900479
8.085666 -0.097545
9.461615 3.445802
14.614033 2.951971
13.638187 -2.467589
11.426052 -2.148097
12.595701 3.648780
13.917400 3.493066
12.623116 3.675347
12.175656 3.493484
9.281432 3.451496
5.729434 3.230515
8.417323 5.002594
9.308389 4.191491
6.352115 5.251699
3.843510 6.733905
5.946963 8.107526
6.160580 12.380385
10.103352 12.330234
6.989158 12.490014
7.238449 12.402822
6.611018 13.031480
10.316524 11.662332
13.789273 9.547146
16.346294 12.256124
12.278872 11.089490
7.548786 3.780510
9.052727 5.065361
8.894606 4.558187
4.586000 5.304714
6.406878 6.336829
6.049738 5.118868
5.471094 4.657703
4.672732 4.621356
4.868136 7.333634
4.805530 4.568271
7.127581 4.502838
7.891952 3.491220
4.445690 6.269278
6.177382 3.843539
5.099478 5.486885
7.849523 3.912901
6.114716 5.874539
6.204928 9.733011
5.850340 6.291990
8.856935 2.712313
7.282241 4.906699
3.997367 4.668664
5.522714 5.360587
6.653048 2.850461
8.393514 3.579530
7.518610 2.570726
7.956387 2.668253
8.716563 3.543688
9.444253 4.862852
5.957695 4.338348
6.083981 5.919097
5.489150 8.526534
6.374815 9.079217
3.109956 6.609365
7.031106 5.412226
5.849728 5.202250
6.111554 6.637685
7.758158 5.364764
6.048838 6.721670
4.255769 4.706965
8.259060 11.336440
10.054804 11.455954
7.936077 12.436505
6.919117 10.827339
6.481044 5.833208
6.243596 6.355380
5.591199 5.740705
0.505881 9.618055
4.915118 10.362402
6.351151 10.478980
3.100556 7.218611
5.392890 10.054736
5.226548 7.208971
4.369130 4.269109
8.738691 5.049004
9.700924 5.517058
8.601041 5.167169
8.825433 3.487116
8.916167 3.228307
8.591292 5.585512
7.618088 4.883141
9.447369 5.290239
10.787703 3.719963
14.933535 3.561173
11.252785 3.783393
16.853136 2.235749
15.198486 1.587415
15.011436 5.334216
9.061872 3.947070
9.016080 4.514549
8.465927 1.162144
7.689287 3.257214
5.914267 5.341030
7.451989 4.748647
8.641430 1.859431
11.394323 3.530396
17.586664 3.373216
16.125919 4.079452
17.008924 0.640442
16.544941 0.708697
16.439707 2.694543
15.076657 5.234278
14.856843 9.520190
11.555382 9.069142
7.162780 11.043208
9.281435 14.689054
11.315781 11.829732
9.343432 11.941772
6.282042 14.203346
8.878769 10.689575
7.660840 3.365378
6.190085 4.827638
7.969149 4.488487
4.816133 6.409334
5.165613 5.002389
3.243911 5.684484
4.774180 6.765378
4.974889 3.616762
6.199705 6.982456
6.284227 7.242342
4.801470 8.575531
4.359303 9.987647
5.283523 8.751030
2.343153 11.439965
6.262269 11.764554
9.545217 11.400824
6.223680 5.147564
11.083311 3.513822
9.250666 3.898830
9.441404 5.337150
9.545452 4.492355
10.262002 3.590916
8.592956 4.030121
9.334207 3.971163
8.576462 5.239932
9.194963 5.301129
9.642935 5.388638
8.407535 3.277888
8.064325 0.891044
8.767670 3.929465
8.597427 1.937353
10.071035 3.769555
14.187756 0.642833
8.355634 2.842565
12.370184 -3.339318
8.438404 -0.198732
8.928199 0.456864
7.846500 2.320044
11.195711 3.459563
8.471517 1.437394
12.531123 3.639285
17.439005 2.535697
12.424805 -1.654834
7.799945 1.686567
8.671124 0.780534
10.249905 3.630452
10.028776 3.644996
7.643731 4.904150
8.144423 5.280003
9.071729 5.269696
8.142453 0.724876
9.026924 1.649118
8.813971 3.461335
10.560981 3.589185
10.669001 3.598124
11.385343 3.531731
8.102207 3.818763
9.749522 5.391394
9.041284 3.378419
7.229786 4.984416
5.213142 5.964160
6.464586 5.328926
5.467996 7.013019
4.681306 7.041475
8.248123 11.291240
10.026814 10.752223
13.446154 10.039126
12.059366 9.358623
13.308396 10.153235
12.284231 11.542722
13.136415 10.097329
13.787620 9.175807
13.190982 8.852314
14.400655 10.958758
14.441840 9.578900
12.956328 8.942191
5.816482 8.983937
5.600022 9.306075
9.609320 4.881876
7.474683 1.715058
6.494201 3.597286
7.504906 4.414163
8.631096 3.085660
7.243823 1.575787
8.428342 3.351499
9.683652 3.703386
9.369060 3.924628
7.356009 2.528010
9.587340 4.861051
8.598993 2.425917
8.123973 4.240550
9.596376 3.942760
4.499776 5.458476
4.585018 4.090740
6.055516 4.423296
4.983702 4.540223
6.324093 4.101969
9.083057 5.188107
8.562832 2.915490
7.342286 4.915343
9.791519 3.838201
9.787491 5.010720
7.582338 4.610722
9.024193 0.396078
7.293603 0.939189
8.881665 1.324116
5.636363 2.784303
8.819847 3.769953
11.035095 3.651508
6.376318 2.190033
7.649241 2.075498
6.636849 2.416415
8.274613 4.210499
7.727087 3.197592
6.649893 2.680642
9.769478 4.592996
4.887008 5.291707
4.519347 9.598420
3.338653 6.018289
5.891083 7.991250
5.161017 9.586067
4.283259 8.119485
5.835835 4.002864
8.231007 2.499052
8.701405 3.644509
9.426339 4.185584
5.846228 4.205444
5.663487 7.930313
5.827649 5.954185
8.484295 4.554149
7.416618 4.888999
7.732911 3.704677
8.436013 5.512879
11.781816 9.269370
14.842375 10.466718
17.476694 7.817666
18.025616 6.195250
19.647198 6.640003
14.862663 7.214577
16.329210 6.708080
13.739560 13.047887
19.096088 11.623136
16.895834 7.943660
19.214437 7.842394
