5.166798 -5.974750
2.201306 -4.844171
4.132452 -0.065698
8.242813 0.643619
7.713144 3.198546
8.688887 1.421056
5.952790 2.892607
9.364740 3.949620
5.590326 2.664804
6.504881 7.360765
5.963337 4.915402
6.356315 4.095317
6.944620 5.190891
7.410946 3.828245
5.617820 7.207057
6.461674 6.665206
6.506759 7.295452
5.485505 4.582836
8.366810 3.078304
7.651965 5.216561
8.976905 5.640766
9.638288 4.991988
7.066851 4.945453
9.437075 10.823168
5.353612 8.790250
6.232516 6.205982
14.877320 9.693446
16.068041 7.976511
16.642870 8.749302
14.705603 9.931787
3.994916 7.548946
5.396337 4.588716
7.569147 2.714036
7.131336 3.225866
9.158710 4.235517
7.096203 3.752316
10.753662 3.687673
11.368687 -3.351305
9.412933 4.640521
12.871419 3.700221
6.927151 3.997367
7.386446 0.531544
16.612629 1.343035
17.460293 4.070759
12.129801 -2.109626
10.907039 3.432416
14.385307 -3.670003
12.638128 -4.428635
5.389949 -2.604013
7.210723 -6.287499
4.402157 -5.139037
5.149856 -3.140288
3.920996 -2.251526
8.692549 3.174771
8.014996 3.491470
7.186173 2.814627
8.845357 4.591602
7.752096 4.245726
7.584809 4.687722
9.357760 3.767545
7.106101 3.576638
7.454631 4.618546
6.464416 4.853855
7.751627 11.137122
5.853535 9.138350
4.099242 10.330697
4.181033 4.797709
8.519629 10.705107
14.340228 10.929416
14.194754 9.793206
15.329656 9.283437
16.312006 6.936439
13.913238 11.906569
15.053022 13.636239
13.760154 12.276804
12.114796 9.438338
9.836592 5.364202
6.512227 5.255723
5.456886 6.632703
3.646647 6.728748
4.540071 7.805543
7.989380 5.362847
8.113523 3.945708
10.316538 3.433277
11.589203 3.503717
8.053733 1.369303
8.628782 4.255210
8.760465 3.346946
8.852617 5.118708
8.771173 1.691653
8.510198 0.179370
8.642386 1.162782
9.342361 -7.427624
14.660585 -7.848019
15.499523 -1.982220
16.232830 1.279342
14.313206 0.824496
15.658931 -2.869672
14.153298 2.773415
15.287163 1.836932
16.511749 2.468563
12.490310 11.089938
9.688554 4.046749
7.874488 4.537482
9.404181 5.601063
9.258548 4.008930
9.126470 4.200491
15.313326 7.560370
15.728447 9.211864
15.838314 5.310852
10.640750 3.523161
14.917374 4.250921
15.069411 4.727995
16.220848 4.917376
8.193578 1.133069
5.525412 1.450364
6.696888 1.683330
7.191459 2.600056
7.562230 1.783733
14.123084 -1.074600
14.639060 2.956125
15.594101 7.271991
14.858627 5.377852
15.109180 1.734063
13.524445 -3.350050
11.223662 -2.817971
11.619134 3.586491
10.681899 3.731563
8.749279 3.380069
4.372959 3.548194
6.288680 6.835400
6.478481 5.728913
5.162381 5.432479
5.879098 8.275106
8.543100 3.045720
8.878845 1.563719
7.900704 1.602126
8.762134 1.793187
8.974475 1.528505
8.514246 4.670652
8.454423 1.519488
8.306595 2.633321
7.845743 3.268936
8.496730 4.338568
9.093010 2.309302
5.511412 3.202548
11.484056 3.674193
14.881502 3.386799
5.718430 6.997212
6.501716 6.071796
6.915755 11.817034
6.739573 11.347762
3.160643 10.034170
6.882746 10.743777
10.211376 10.712534
5.612982 9.528775
2.738128 8.896809
3.853883 8.519979
2.582325 7.064704
7.126909 5.004039
7.877757 2.435994
8.890947 4.427458
9.655767 4.715973
8.505613 3.225031
9.100643 4.559166
8.553757 2.744989
8.809170 4.329105
9.628544 4.380231
8.283753 5.480687
6.930848 4.850120
6.513480 4.364396
4.945624 4.873539
8.999012 5.175494
5.277276 4.663956
3.666740 5.129679
6.634363 5.101202
5.202199 5.729628
6.305858 4.093713
12.428839 12.962343
8.613834 12.394427
8.372920 13.968074
8.363456 12.552064
12.704956 9.306175
8.942719 4.502477
8.854557 4.269075
6.102325 4.921057
9.527156 5.507725
8.541411 1.444741
8.459208 3.847049
8.809309 1.241565
7.193635 -0.092958
8.469332 -0.207862
5.845475 0.009809
6.269033 0.161555
6.725900 0.096442
6.619666 -0.061733
7.212685 0.092129
8.168807 -8.411271
12.141750 -4.077903
16.463745 -5.465974
16.366219 1.787832
16.113674 0.422205
14.608564 1.951921
18.137733 0.999282
16.063797 4.362235
14.221645 0.939337
6.593783 -0.035134
8.690499 1.180756
11.016164 -3.074339
11.464163 -2.406707
10.106884 -7.959349
6.400269 -6.147360
6.905933 -5.546958
4.423173 -5.090270
3.897800 -3.018877
5.405161 -3.362745
4.966165 0.140437
8.465771 1.454850
8.787817 3.258425
8.977069 2.261650
8.725719 1.200097
8.581742 1.303486
8.796506 4.383942
4.470639 -0.330136
5.131593 0.654727
7.897902 1.460819
8.205681 0.867395
8.982244 3.076467
9.128836 4.402421
9.801279 3.462420
9.902210 3.775016
10.041105 3.731115
14.702044 1.584847
13.846224 -2.234680
14.601923 -6.842259
8.453729 4.907499
9.419343 3.784816
9.827187 4.624340
9.531368 4.965573
9.101006 4.952432
8.861921 3.501316
8.138706 1.570403
8.131279 2.615428
8.803834 2.547629
9.057971 2.121036
7.012200 0.694424
6.801048 3.668246
8.728705 0.847872
8.003500 0.452871
5.695000 2.603232
6.862425 1.877777
6.129389 0.569347
14.164120 2.447307
16.682606 0.485608
19.063658 -0.746660
12.659274 -2.239393
13.808918 -6.629293
10.814866 -4.720072
13.774243 -4.995100
10.810910 -3.268206
10.710435 -2.548368
11.232638 -7.396159
17.002565 -0.254896
19.645294 5.371230
16.631460 5.693616
13.227932 3.676112
8.521021 0.802770
7.456098 2.605715
8.054940 2.517846
9.673803 4.927871
15.008508 8.916245
13.187028 11.244056
15.102973 8.721603
10.125585 3.632782
9.150293 4.437036
15.414438 -0.227514
14.955347 1.795061
8.488314 -0.117564
8.974525 1.208935
8.616786 4.651804
8.962465 3.419063
8.645007 2.900200
8.292027 0.499781
7.841559 -0.125541
9.012458 0.421728
8.996029 3.669709
19.189325 3.601050
16.173378 5.621936
8.107166 0.962640
7.455731 1.869843
8.073409 2.492903
8.911537 4.305076
9.419158 3.560806
8.621037 4.622589
5.452268 3.458753
3.586720 5.766752
11.881319 -2.210128
11.303424 -1.700571
12.395936 -3.888371
12.814314 -2.222571
9.072667 -0.044346
7.344085 0.380444
8.889122 1.580084
14.502196 1.827164
9.024299 1.068775
8.887015 0.089740
8.025662 2.506233
15.131112 9.354551
10.573330 3.662232
9.075266 3.645461
7.735615 4.730167
8.690346 5.026956
14.834408 3.232775
10.679377 -3.777264
11.337120 -7.099343
12.061880 -3.046798
11.692038 -2.382491
11.905890 -2.424734
8.474110 0.423121
6.251660 0.294144
4.901508 -0.822539
4.893132 -0.565894
5.485769 0.602252
5.646646 -0.083499
8.844717 1.767337
7.896049 1.658896
8.856181 0.148670
7.679882 1.355345
9.493516 4.000595
7.731109 2.568878
8.427948 1.759135
8.868166 3.031260
9.553576 4.533030
7.816538 2.450033
8.040880 2.775440
6.307952 2.988570
6.410515 1.375745
11.987694 3.609162
10.920018 3.720400
10.573781 3.768111
9.585908 3.596114
6.059824 4.915705
7.515576 1.838990
8.801382 2.205028
8.331349 4.206397
5.990034 2.353810
6.321727 3.284198
8.566255 5.416129
8.039210 4.634581
8.962996 2.476219
8.953906 3.665262
8.090176 5.092745
7.910954 5.634382
7.680922 5.245049
9.690383 4.852300
7.799718 4.912817
4.784576 2.529092
9.584888 5.618672
8.929516 2.264596
8.158387 4.609531
14.871324 5.090112
14.271039 1.784169
12.558335 3.754094
10.158502 3.701713
8.392306 2.836101
8.901224 1.944344
7.820740 1.368267
9.109119 1.901088
8.440726 3.007610
8.688981 0.815755
9.028805 1.447078
9.056931 2.311773
8.375738 4.502461
8.623875 5.487048
7.342017 5.266617
8.097282 4.409091
4.724394 2.787283
5.952056 6.811380
6.452480 7.144866
5.548804 10.218448
5.787482 6.197673
6.082365 6.129474
6.048464 7.281994
4.311919 8.443380
6.920486 12.656166
8.627680 11.027608
10.343788 11.670448
7.602710 13.501706
8.266620 15.053900
9.810155 16.723528
11.295821 14.459473
12.244448 11.051387
11.761013 10.187988
14.159285 11.354836
15.533638 10.946512
10.548387 12.026002
8.697850 2.990972
8.742615 1.605281
8.176088 0.976912
7.680445 1.708464
7.356183 4.056380
9.432058 4.379651
8.432182 4.115465
8.408125 2.253917
5.826302 3.408145
10.856611 3.475312
6.870888 2.406610
5.938705 4.291602
8.368250 4.006593
14.724041 2.818289
9.651402 4.384108
8.142003 4.809543
5.880083 5.732857
7.936891 3.287161
13.096042 3.448240
11.708649 3.724505
8.484543 3.567794
6.906995 5.518525
7.099598 3.921729
8.440544 5.068600
9.255235 4.275462
8.322446 5.390732
8.422529 4.265790
9.129718 4.921394
6.820078 10.753531
4.080366 9.223476
5.441957 6.846224
5.600336 9.032998
6.055111 7.202233
5.435729 10.784164
4.404099 9.418246
5.140203 7.297898
4.180211 8.300925
8.547077 14.332669
15.334812 14.356332
13.764708 11.322569
15.303290 8.985387
10.549704 11.096072
5.410694 11.381362
5.962688 7.680803
3.672700 8.489676
5.805840 11.056508
8.187653 14.261158
8.108553 10.864651
9.329235 4.956141
8.133664 2.244309
6.944283 4.124393
7.966184 4.609153
9.676844 4.361963
8.435219 5.139431
8.286382 0.440779
8.458773 2.557924
7.257312 0.498167
8.248967 2.893010
8.178240 0.308355
9.528561 5.621969
14.392271 3.371069
14.969730 2.125033
7.428717 4.035677
8.358330 5.507082
5.761753 5.410218
6.051003 4.939521
12.778346 9.166121
8.824807 4.923018
11.061663 -3.139709
10.650158 -4.188448
11.045693 -2.214692
14.741592 0.733069
15.737385 7.617914
8.416317 3.685625
7.797356 3.041557
10.101530 3.460829
8.040109 4.812779
6.792803 5.577974
6.076749 6.509871
7.113477 3.038675
6.438882 7.905039
5.728444 6.671793
3.922317 6.434093
4.040158 5.507278
9.202395 5.611678
8.065003 2.230810
8.875042 3.173287
9.657528 4.651717
10.165474 3.565457
9.982527 3.718489
12.979102 12.308668
10.115751 12.547462
9.897925 11.165555
15.011874 3.018168
12.934775 9.117326
15.847122 11.428050
13.523693 12.178498
6.320863 8.166987
7.700567 4.027185
7.425320 3.942238
9.807595 4.481984
11.292988 3.582905
14.269077 0.596864
14.275919 -2.597144
17.826334 -1.413330
15.359831 1.683793
10.524508 3.481717
4.971799 1.059002
3.825096 0.426423
6.309295 1.841088
6.099944 2.054334
6.651288 0.820280
7.775370 1.457875
17.228069 3.966435
15.014606 5.028042
14.166862 2.152665
8.000123 3.444679
7.036181 3.404296
11.050503 3.512524
9.168895 4.976160
11.285830 3.446109
13.871531 3.417540
15.037653 -0.484962
11.829119 -6.598999
8.139626 -5.731164
11.407651 -2.314551
15.564550 0.980929
15.656126 3.732050
15.826283 4.061257
6.397737 6.030075
6.437499 6.926871
4.718785 7.923463
5.919935 6.255795
8.233756 5.281147
8.590044 4.688875
7.928058 4.626920
8.015114 3.951946
8.325991 0.467327
7.989056 -0.078170
9.615286 3.519597
14.410181 1.852574
15.371545 -7.175445
11.473463 -2.326062
15.917652 0.648919
18.259333 6.561883
17.692226 4.521143
15.257274 7.450058
4.782715 9.848372
9.741899 12.309644
11.744933 3.775642
9.705747 5.531366
9.811001 4.513237
9.842738 4.724553
15.531161 0.483713
15.078626 3.985208
15.718292 4.379558
15.350163 6.589884
19.255915 -0.315752
16.135027 1.525271
15.621685 3.484156
7.751222 3.757222
10.525765 3.421685
8.769414 4.828975
7.349332 2.298612
8.233988 0.998256
6.629860 3.558203
8.842839 4.832026
6.389999 3.263495
8.796370 3.088618
13.105310 11.577885
10.632401 10.808846
11.979433 10.592052
5.927599 5.575340
5.505601 6.459878
5.466472 6.021425
4.689053 7.793031
5.282837 3.442705
3.255913 3.907369
2.275552 3.886383
4.933152 7.981963
3.287204 2.882708
5.808189 3.876098
6.117438 3.514403
12.393564 3.438302
15.359272 2.061632
7.068718 4.033102
7.155594 0.308124
8.829826 1.263906
8.633923 0.155131
14.186955 2.633427
14.397535 9.172527
13.586420 10.012586
3.786305 6.325871
6.444053 5.311415
10.716200 3.564522
14.318292 1.516719
15.858334 2.951791
10.620029 -3.484907
10.861907 -3.640898
12.220276 3.463670
11.905587 -2.454390
14.067863 -1.900940
11.855055 3.593974
9.758149 4.670714
8.675064 4.615834
9.888645 3.458175
8.755867 4.673826
8.697443 5.550406
7.048697 5.403572
9.670719 4.235715
8.215275 4.185596
8.160703 4.029920
8.943251 4.454366
9.448431 5.311569
5.016239 3.461485
6.465595 4.553788
8.304232 5.334373
8.964362 3.684459
10.942806 3.551339
8.363861 2.703764
7.019960 1.462786
12.703313 -3.236773
15.051083 -1.587078
15.266618 -1.530429
16.433809 6.131137
16.762230 4.671334
9.763817 5.565758
7.100374 3.832127
8.863502 4.095471
7.813748 4.753853
13.360185 -1.986747
14.487632 -3.626007
15.126207 3.780293
12.570149 3.620280
4.458352 -1.683164
5.177210 -2.312320
8.403993 0.651422
7.866330 1.440564
8.843999 2.087498
5.146385 0.448978
6.192525 0.428499
6.284169 3.128069
10.213202 3.572680
10.603641 3.739174
10.928931 3.430637
8.940320 2.053395
6.936293 2.362822
7.813943 2.822107
7.984538 -0.184189
5.048545 -0.158368
7.823032 0.224607
11.766138 -1.591448
14.570219 -4.524906
19.589571 -1.046414
15.730612 -2.827396
14.115441 0.001497
11.397214 -2.457047
5.157711 1.901595
6.299676 0.786766
4.773910 -0.269545
7.310400 0.851382
8.033068 1.840405
8.690691 2.880105
7.978500 -0.052832
7.766255 0.704688
8.535461 2.108812
6.527187 6.533412
12.595509 8.896335
8.490262 4.658260
9.098635 3.548390
7.926804 5.656921
13.220064 9.545700
14.969125 1.934098
15.753872 0.447267
16.741837 7.342076
14.172084 2.230782
15.402466 0.929159
17.291149 6.412167
8.796117 2.134594
8.723034 1.479486
8.933764 3.192768
9.812411 3.818464
12.732382 3.510492
11.058288 3.749329
11.462377 3.777417
10.778397 3.591579
8.448098 1.423435
9.626070 5.108444
7.973530 3.635378
14.345492 -0.255306
14.681458 9.577668
14.125571 8.957003
6.369731 4.920669
4.871089 3.903303
7.417490 4.099544
9.336835 3.682827
9.186327 4.816547
8.765833 1.736307
8.413892 2.880881
6.652218 0.751916
8.238482 4.747353
8.795597 4.650846
8.610385 5.499225
6.138820 7.087587
6.199817 5.327897
6.146792 5.992127
6.919020 3.149777
9.789618 4.295560
5.861699 4.004137
6.414132 8.476032
6.216078 6.763334
6.425527 4.366385
7.039101 3.832867
6.418931 8.178858
5.673415 6.409289
6.567212 11.432605
8.663147 14.697145
8.696832 10.916591
10.451979 11.033799
10.631898 10.690906
7.424184 13.193020
10.944768 12.761931
11.841263 8.908087
12.364507 10.606324
8.689212 11.197984
6.859264 11.413843
5.257189 9.784099
6.387080 4.496725
5.258532 5.447990
7.607503 4.454264
7.014502 4.215165
6.082608 5.518160
8.132645 3.036044
9.125603 3.621818
8.852759 4.152675
5.808310 4.730172
6.074118 4.381000
7.998696 4.949163
9.363672 3.717397
7.208694 3.036910
7.257964 4.378268
6.812101 4.720836
8.866561 1.571227
6.259007 0.490914
6.204521 0.284499
4.174581 -0.263642
4.574071 -2.067581
4.117813 -9.688201
5.241765 -9.750318
7.793514 -8.915007
8.678382 -5.913987
9.585692 -5.427823
7.658279 -6.025413
7.308312 -7.093817
4.714870 -9.917188
5.639667 -9.106883
7.779762 -8.361911
10.876532 -4.769033
11.278120 -3.509706
13.045697 -2.135956
11.271874 -3.563065
10.570041 -5.405008
11.536942 -3.556455
9.631601 -5.872308
5.592787 -6.799699
5.272527 -7.983288
4.146649 -8.362473
4.645285 -8.660514
6.578208 -5.918198
8.748065 0.257506
8.476420 0.509217
8.635967 1.044925
9.054697 2.193394
5.056224 4.561478
4.946774 8.425000
9.716159 4.375349
9.520017 3.715973
6.095288 2.084599
9.611148 4.213838
5.798661 3.482189
6.880121 2.818738
5.715201 7.838662
6.146656 8.229562
6.423566 5.977131
7.498045 1.955866
8.392372 3.059012
6.560393 3.026829
9.646294 4.474762
9.829601 5.537570
8.755774 5.205085
11.006089 3.425021
11.354795 3.599478
15.098164 5.552446
14.390707 -0.689543
11.716442 -2.385676
11.568400 -2.096274
10.743682 3.780591
9.577853 3.952970
8.314659 3.083336
8.089073 1.570327
8.965706 1.187083
8.215911 3.742534
6.826750 2.617339
6.239758 0.399240
6.404390 -0.021950
5.221362 0.311741
5.876008 2.116981
5.199733 -0.500936
5.448553 -3.461064
7.102399 0.118914
5.285310 0.902289
3.271072 -0.166075
8.496401 2.021375
8.207641 -5.632379
7.638396 -7.102163
8.819222 -6.175650
9.020188 -5.595479
11.447186 -7.661400
8.991709 -8.569261
9.080951 -5.293931
5.654717 -6.581812
4.307717 -0.221019
4.466620 -0.709029
3.843368 0.635024
6.144161 -0.046042
7.804194 -0.044120
7.502894 1.698458
8.507462 1.364383
9.342224 3.896620
9.058043 2.981617
8.861259 -0.024071
11.409268 -3.520447
3.404003 -4.105547
4.906564 -6.968059
10.799190 -2.926577
9.762628 -5.732477
6.542149 -7.728419
9.040851 -7.564010
12.071922 -8.790523
12.367374 -7.852598
11.119414 -7.019521
6.933796 -6.460561
3.527613 -0.202158
3.872379 0.487888
7.840747 0.722851
5.299803 0.143965
8.436248 0.259331
5.397185 0.021732
5.155114 -6.607646
11.402905 -8.624246
10.431658 -5.740272
12.987432 -3.272148
11.851803 -2.516389
9.536210 -7.533497
10.013178 -10.153255
5.457102 -4.955927
3.270592 -6.943083
6.629174 -5.576146
8.246476 -7.156434
8.552999 -6.130486
6.463704 -6.838320
6.170292 -9.555285
4.554880 -3.592263
5.931081 -7.821389
5.179149 -7.317273
5.249400 -3.183745
5.356593 -4.252021
4.622960 -1.581522
3.678657 -1.770934
7.644491 0.785321
7.932812 2.436611
8.561976 0.952688
7.553760 1.043968
8.541510 0.717382
8.861753 3.231936
7.362637 0.293416
8.713979 0.529464
8.693588 1.764880
8.485929 3.796741
8.957168 1.224513
8.664334 1.918487
6.186376 1.452343
5.879642 1.133197
7.422401 0.291830
7.104258 0.473738
4.543530 -0.584738
2.447333 -2.663929
4.479229 -2.120417
5.469247 -3.427921
3.822245 -1.857471
4.265166 -1.192256
5.343051 -0.478805
4.779097 -2.672624
5.400058 -0.665283
4.256747 -0.426360
6.163920 0.201854
8.453939 -0.110516
7.488384 1.331243
8.296253 2.878444
8.841858 4.087944
7.255147 5.041339
7.666204 2.549015
9.480750 4.886184
9.173516 5.207888
7.703818 3.179178
9.192108 3.948895
6.529487 3.419675
9.555075 4.800062
6.499584 3.681378
3.203000 3.637436
6.067973 11.059764
8.980430 12.925847
15.986329 12.173371
14.748905 10.260486
13.060017 12.659818
15.703320 7.868961
8.402489 4.549587
6.787775 3.095724
10.838430 3.634350
8.325657 4.029132
7.585567 5.148873
10.702526 3.727995
8.100360 4.365947
8.170698 3.395081
7.276490 3.709497
14.535036 8.875269
12.593328 9.100379
14.583023 12.923671
14.514127 13.808223
12.232189 9.522332
12.507548 8.919080
8.754272 5.589066
9.019241 3.090206
7.381472 2.208240
8.417341 1.011004
7.486432 1.240854
8.820047 2.450996
11.650507 3.760199
11.259920 3.587839
16.565090 7.133221
14.726886 10.119905
14.884581 4.160391
8.134316 5.208269
9.302184 4.065047
7.690439 5.555831
11.846104 9.456193
14.529016 2.272795
14.614458 1.169222
16.747292 4.811541
15.028434 7.510423
15.804375 5.471400
8.289162 4.041640
7.831963 1.159721
5.920282 4.507475
6.558266 4.098476
5.811098 5.761177
3.176551 7.056643
3.590472 7.299217
9.360978 10.705084
8.779987 4.676511
7.679662 3.308618
6.754827 5.332391
7.287957 3.849967
13.048456 3.582158
16.532749 6.849548
16.523935 6.851562
17.218037 4.528479
16.632080 9.296669
15.702806 5.351110
17.519255 5.438770
14.992529 13.500187
15.590008 7.982230
9.261058 3.542161
15.817382 6.632735
15.025890 7.320572
8.049311 1.459943
7.958615 0.627221
5.845057 0.988874
8.747116 1.739250
7.923575 1.375077
7.953361 0.884396
4.377239 0.786273
12.947578 3.661989
10.780746 3.496384
12.143132 3.595348
12.544067 3.509153
7.508410 0.897858
8.773904 3.506841
8.934350 2.325302
7.616458 2.044771
5.693815 1.711826
7.967262 1.360731
8.162269 -0.196200
6.383612 4.385700
7.622999 4.517840
9.384275 5.371636
9.535194 5.612471
9.080599 5.212585
9.098665 0.768274
8.772114 0.128763
8.730760 -0.121581
6.218421 0.977604
8.568121 0.892435
11.163157 -8.367264
10.875496 -2.940735
10.853335 -1.987260
13.575798 3.570903
15.191556 2.860476
16.847212 -0.090922
16.978235 6.570709
8.040088 4.483901
9.015748 3.239984
9.345668 5.030894
15.878893 0.018722
16.685402 10.019799
12.116566 10.455098
6.822774 0.913292
7.734895 1.955760
11.487410 3.685257
8.479136 3.306397
8.915133 3.490062
15.147632 6.217682
11.152655 -1.752520
10.834847 -5.218999
12.666056 -4.639943
11.875116 -7.411041
9.268787 -8.361097
5.313792 -8.945774
8.720358 2.261873
8.125218 0.980999
8.163318 0.608418
8.128441 0.190091
8.850504 1.182686
6.500029 3.180750
6.680586 4.505571
9.088127 5.220617
8.199155 3.670117
10.173669 3.574013
6.956347 4.059642
9.466902 3.439325
10.877682 -1.924216
15.398141 2.118605
6.346525 6.662930
5.896713 5.944247
8.685918 2.559000
8.992758 1.378750
8.733321 0.683849
8.692503 2.524175
9.574009 4.839915
8.442413 2.207312
8.258033 2.089547
7.546984 -0.001549
7.622729 0.629703
8.836200 3.341621
9.882376 3.614402
9.558125 4.036596
9.651875 3.435692
13.547957 3.735882
12.166875 3.555525
9.091345 3.806395
7.405329 2.580418
8.199274 -0.067854
6.187536 -0.195822
7.542978 0.183697
7.035863 2.677941
9.093398 4.025821
8.597220 3.638481
9.323802 4.238696
8.934528 4.520129
8.906751 3.842423
6.919748 2.189247
6.990939 3.222328
11.071908 3.701131
9.721169 3.986588
12.129131 8.910266
9.021235 5.132897
9.233699 4.039703
11.039123 3.487122
15.978735 3.393256
14.587764 2.194861
17.980633 5.062969
15.394688 5.805799
14.919231 -1.291154
19.800444 5.437211
16.043959 -5.320257
10.819175 -3.362803
10.760073 -2.481223
12.248775 3.691664
8.130005 4.710205
7.111126 2.371416
7.755758 2.065706
8.906811 0.542374
8.857060 1.300891
8.103351 3.387224
9.569806 3.933594
7.919016 3.221955
9.544070 4.117340
8.877473 1.758319
8.953613 4.343839
8.401891 3.731744
9.040262 3.222693
16.608250 0.942424
16.390980 1.514288
7.821702 3.638590
8.290230 1.466694
9.804304 3.817961
8.468747 3.250053
11.938854 -2.694191
16.838215 4.745176
19.391298 5.623893
14.869923 6.563830
17.216459 7.063554
16.794519 4.393328
15.488181 5.161510
14.429655 2.209480
16.203571 -4.389295
15.766742 5.304325
16.415710 4.697272
8.887608 -0.198922
11.149715 -2.917199
13.338134 -3.354510
11.424159 -2.809140
14.349904 3.435950
9.606314 4.436730
8.165206 3.126215
6.779800 0.588103
5.288363 3.622676
8.105810 4.112229
8.212053 4.408844
8.298869 5.279931
7.889855 3.484164
7.753943 4.054967
9.953248 3.620818
7.962673 2.530936
8.685123 4.353346
9.089390 3.123671
8.860146 0.706743
3.830578 -0.993924
4.233040 -4.018297
10.498995 3.671260
10.837370 3.659796
8.789585 3.631354
5.903878 1.718388
4.747219 7.733076
4.816890 7.563330
4.876499 8.756365
4.184725 12.469878
8.809173 11.030433
3.830146 13.723588
2.472761 6.031311
4.537806 2.574628
7.027884 3.872538
9.261098 4.066438
6.905451 0.984269
9.054530 1.782087
8.952404 3.011210
7.371483 1.124841
7.516673 3.155149
9.240117 3.436837
8.741820 5.298474
9.279225 4.592117
8.664804 3.065794
8.028100 3.857169
9.256443 5.264649
9.573105 3.911409
9.105622 4.213763
8.331207 3.326812
13.331920 3.759840
16.569759 0.462148
17.692139 7.148502
16.831388 3.991543
14.966357 3.643776
14.591160 1.968763
12.066732 -1.669078
14.130054 -2.123033
15.846352 -1.420942
15.900647 -0.808083
14.185641 1.273020
4.574236 0.234525
5.452428 -0.091351
6.416903 -0.155499
5.219660 1.411450
8.821081 1.871084
8.385018 2.689032
8.876880 0.848319
8.317978 -0.145532
5.246842 4.137412
3.287596 5.626101
3.947020 6.367603
4.131855 5.406498
8.550796 5.455938
8.844626 3.853129
11.868543 3.487859
11.527515 3.551520
8.609506 4.049231
5.480754 3.499178
9.376342 4.188193
8.966433 3.135390
8.611800 1.649637
7.608813 2.192632
8.284952 2.238332
8.472345 2.939033
6.030353 0.892624
4.544584 -1.969021
5.029293 -1.200454
6.186970 0.857086
8.277079 0.911948
7.362495 -0.201467
12.037621 3.412089
9.855568 3.560092
9.373116 3.689537
6.714062 4.020191
7.126566 5.117861
7.058756 2.969162
9.045273 5.454645
6.379387 6.716956
8.255404 11.622540
9.089996 12.003493
8.710357 12.397344
11.127499 13.445615
12.050259 9.593586
15.378221 11.992206
15.415665 5.814468
14.985149 3.960068
15.354637 1.592412
16.242283 4.465051
6.786906 5.445934
4.749637 5.104619
4.591833 2.948755
5.168397 1.496037
8.070778 0.465508
8.966830 3.665385
7.653422 0.806078
4.073383 0.036450
4.601214 -1.072582
4.668169 -1.390962
5.367104 -3.288180
4.878527 -0.496874
4.034420 -0.998731
8.035100 -0.192427
9.291264 -5.631855
12.542012 -2.654743
12.157507 -1.917638
11.269101 -4.076764
9.582136 4.674764
11.507740 3.561642
10.757554 3.497451
8.960633 2.376186
7.925516 1.559634
8.326637 0.254276
3.526943 1.057506
5.315728 -0.889366
7.180169 1.415401
8.545210 0.674854
8.585424 0.545654
8.854817 2.270280
8.410341 1.189163
9.004022 2.082736
8.114330 3.073033
9.008929 2.870746
8.765047 0.761447
8.850718 0.024864
7.780415 2.208700
7.583243 0.492184
8.023206 3.380466
9.091597 4.092922
8.983146 2.374132
7.886961 2.146358
8.426292 1.886319
5.189329 -0.092798
7.964181 2.133905
6.625336 0.405297
13.055915 3.711977
15.816694 0.226103
16.892887 3.242214
17.269640 1.257938
14.258368 0.036510
15.091971 2.661950
14.143311 3.005321
9.918344 3.447200
8.612340 2.984504
7.604034 5.644035
7.826661 5.366354
9.042892 3.864519
6.760904 2.964879
5.618274 3.456862
5.415960 5.236964
7.807106 2.935588
6.254805 2.636294
5.286479 2.935524
4.999963 2.825586
8.704368 1.465909
8.629862 2.764189
6.961622 3.680932
8.703684 3.717180
12.237720 3.608256
6.758887 0.949569
7.862092 3.343493
8.917749 4.818348
7.887709 5.502857
8.803724 2.114673
8.415081 2.006750
4.962445 3.922821
8.967089 4.389653
13.361097 8.813848
10.551876 11.402114
8.943243 11.505578
7.289894 4.903926
8.902645 5.077991
6.515796 5.522402
5.774419 7.571561
6.382444 8.341920
6.485571 7.493670
7.218129 4.582787
8.186054 5.316154
8.584956 3.613850
7.301306 4.264477
7.468129 2.048975
8.947294 0.341809
7.505484 1.072809
8.722289 1.602561
7.709486 2.361110
8.239573 4.199054
9.699578 4.125502
4.614941 4.868768
6.020002 5.380471
8.262006 5.021122
7.399379 4.873500
14.666577 9.109718
17.982758 -0.708651
17.815472 3.250512
15.811062 2.941911
17.908461 4.866878
10.137516 11.490325
11.020436 10.776471
17.254017 13.011798
12.637842 10.066289
14.836865 8.921826
12.344876 3.591558
9.593569 4.338655
9.334572 4.852517
15.255981 5.278579
16.669847 7.341347
14.912177 7.347477
16.170387 4.361734
17.051554 5.434841
15.914944 5.381344
18.295448 3.218534
14.472815 2.666013
18.972298 0.507206
