-4.145306 0.700684
-2.022865 2.438593
-0.963475 4.387837
-1.829036 8.886722
-1.737444 11.520434
-1.091351 14.000930
-1.184183 13.789709
-1.651048 13.280735
-1.017484 14.468287
-1.503287 13.532165
-1.937511 13.043363
-1.182696 14.321599
-1.612771 13.442080
-2.028508 12.960538
-1.233652 14.271438
-1.645077 13.411528
-2.054861 12.933602
-1.248982 14.255280
-1.654819 13.401823
-2.062705 12.925189
-1.253633 14.250262
-1.657792 13.398820
-2.065103 12.922595
-1.255059 14.248717
-1.658704 13.397898
-2.065839 12.921800
-1.255497 14.248242
-1.658983 13.397614
-2.066064 12.921555
-1.255631 14.248096
-1.659070 13.397527
-2.066135 12.921477
1.646093 19.563541
