-15.940817 -11.045881
-9.358134 -8.051187
-9.294844 -8.087060
-9.260468 -8.086199
-9.318327 -8.047272
-9.274009 -8.078353
-9.333506 -8.038522
-9.279076 -8.075458
-9.339173 -8.035314
-9.280962 -8.074380
-9.341283 -8.034122
-9.281666 -8.073978
-9.342073 -8.033676
-9.281933 -8.073829
-9.342373 -8.033509
-9.282031 -8.073770
-9.342484 -8.033446
-9.282066 -8.073750
-9.342525 -8.033423
-9.282082 -8.073742
-9.342542 -8.033414
-10.309592 -2.299328
-9.812508 0.412732
-9.661762 1.573955
-9.158857 2.234063
-8.518641 3.183856
-7.663131 6.517758
-7.774621 6.315926
-7.944105 5.916667
-7.912547 5.974341
-7.876047 6.008137
-7.831767 6.090109
-7.787779 6.137981
-7.737564 6.251776
-7.695084 6.324190
-7.661813 6.519295
-7.773355 6.317430
-7.942798 5.918311
-7.910931 5.976347
-7.874158 6.010385
-7.829452 6.092822
-7.785030 6.140993
-7.734149 6.255389
-7.690966 6.328381
-7.656547 6.524896
-7.768097 6.322931
-7.937112 5.924174
-7.903256 5.983255
-7.864184 6.018131
-7.815137 6.100928
-7.864151 5.872833
-7.890553 5.405205
-7.607227 5.262983
-6.908144 5.963027
-5.990936 7.499963
-4.903610 10.674079
-2.527767 18.355034
