1.624456 -8.447420
-0.787768 -6.408634
-2.342555 -3.993549
-3.357348 -2.064003
-3.969398 -1.201008
-4.158369 -0.854761
-4.516486 -0.670510
-8.322062 1.231083
-8.126768 1.123906
-8.555799 1.346033
-8.326756 1.220578
-8.436573 1.278349
-8.192343 1.143681
-8.405506 1.234054
-8.649969 1.366737
-8.099037 1.109365
-8.444695 1.285309
-8.475511 1.293033
-8.210847 1.147204
-8.300220 1.203987
-8.585987 1.352493
-8.366091 1.257927
-8.167696 1.147997
-8.574844 1.360036
-8.396137 1.256994
-8.718041 1.306391
-8.890487 1.341385
-8.916909 1.250025
-9.674242 1.402488
-11.793921 1.740708
