4.424827 9.680181
2.040378 5.563538
1.905891 5.216282
1.594257 4.884303
1.832310 5.146827
2.168869 5.712220
1.891778 5.632114
1.697029 5.305325
1.300093 4.993325
1.497106 5.268601
1.787364 5.838463
1.390746 5.762722
0.940489 5.481643
0.192296 5.184988
0.201612 5.458876
0.164933 5.896287
-0.897528 5.676335
-0.805618 5.924370
-1.346847 6.594337
-1.060924 6.773952
-0.848546 7.610435
-1.513511 7.574508
-1.154106 8.595205
-0.926844 8.899199
-1.218668 10.129292
-4.252687 12.267505
-9.138702 17.274345
