-16.261768 -9.684318
-8.987885 -8.083117
-8.984784 -8.031278
-8.718524 -8.069123
-8.744450 -8.115088
-8.693060 -8.076696
-8.725216 -8.120013
-8.691083 -8.077199
-8.723732 -8.120330
-8.690932 -8.077234
-8.723619 -8.120354
-8.690922 -8.077237
-8.723610 -8.120356
-8.690921 -8.077238
-8.723610 -8.120357
-8.690922 -8.077237
-8.723611 -8.120357
-8.690921 -8.077238
-8.723610 -8.120357
-8.690922 -8.077237
-8.723611 -8.120357
-7.789985 -6.153718
-6.354466 -4.606766
-4.578066 -2.537536
-4.474016 -2.317740
-4.318012 -2.110008
-4.430758 -2.263513
-4.553887 -2.497178
-4.445179 -2.267140
-4.278986 -2.042135
-4.392017 -2.194215
-4.496337 -2.408792
-4.374397 -2.153131
-4.179598 -1.889420
-4.293083 -2.025777
-4.503256 -2.378726
-4.355385 -2.193136
-4.465926 -2.349030
-4.595636 -2.611535
-4.488237 -2.417686
-4.327487 -2.256881
-4.426634 -2.428630
-4.486745 -2.778880
-4.300863 -2.682687
-4.020113 -2.669031
5.721702 5.476444
7.917667 8.141353
10.271427 11.219184
18.121965 18.449276
