-19.304062 -17.162334
-14.814060 -11.633080
-13.587294 -10.298388
-13.946478 -10.743904
-14.815640 -11.635396
-13.590700 -10.303705
-13.951072 -10.751375
-14.822570 -11.647725
-13.605156 -10.332278
-13.970152 -10.791703
-14.851141 -11.714268
-13.661082 -10.485023
-14.036867 -11.011263
-14.951897 -12.078935
-13.809299 -11.337459
-10.966362 -9.802871
-8.879806 -8.243806
-8.414676 -8.045196
-8.443674 -8.102464
-8.406213 -8.128544
-8.223236 -8.017905
-8.349543 -8.092816
-8.358604 -8.121100
-8.204402 -8.016397
-8.340148 -8.092160
-8.353855 -8.120515
-8.202519 -8.016290
-8.339210 -8.092111
-8.353382 -8.120463
-8.202332 -8.016282
-8.339116 -8.092107
-8.353333 -8.120460
-8.202312 -8.016282
-8.339107 -8.092107
-8.353330 -8.120459
-8.202311 -8.016282
-8.339106 -8.092107
-8.353329 -8.120460
-8.202311 -8.016282
-8.339106 -8.092107
-8.353329 -8.120460
-8.202311 -8.016282
-8.339106 -8.092107
-8.353329 -8.120460
-8.202311 -8.016282
-8.339106 -8.092107
-8.353329 -8.120460
-7.381980 -7.678183
-6.158711 -6.757603
1.926621 -0.724180
5.172309 0.353141
8.106549 1.504081
