-5.205297 13.509557
-2.558616 10.675891
-1.417196 9.512799
-1.658040 8.968362
-1.874406 8.630020
-1.128852 7.201934
-1.491197 7.016243
-0.799133 5.534572
-0.644114 5.740351
0.917686 5.414385
0.788338 5.075787
1.800153 5.699045
2.040099 5.626124
2.103423 5.704920
2.421968 5.309326
2.156688 5.007153
2.701365 5.709013
2.728486 5.605193
2.655716 5.718885
2.707078 5.333285
2.440267 5.037893
2.889606 5.736257
2.878717 5.623260
2.785168 5.744231
2.784074 5.353323
2.520280 5.057333
2.943053 5.750855
2.922115 5.633730
2.823510 5.756781
4.348364 9.181116
