-14.020715 -7.701983
-12.276364 -8.409780
-6.801441 -9.292764
-1.351530 -11.099814
2.195811 -7.998785
2.445235 -12.930384
0.104340 -11.891191
0.306527 -8.537469
-0.818467 -8.201041
-0.718444 -8.179872
1.590971 -8.242697
1.728270 -9.400115
2.776272 -7.692428
2.405747 -8.237743
2.419180 -3.557348
5.196465 -8.195482
3.759977 -7.699442
0.179727 -9.127706
-0.789484 -10.437865
2.645924 -10.658179
1.813460 -9.565043
0.112046 -12.899941
4.169146 -15.631551
5.674989 -13.345144
5.564091 -14.281774
12.592010 -13.393403
8.309889 -8.582242
8.128848 -9.215144
5.909532 -7.330090
6.734947 -7.853002
11.267124 -6.774187
8.578010 -11.262164
10.331157 -8.847385
9.949887 -10.683784
9.681768 -7.894799
8.209479 -8.500380
2.642938 -8.796141
6.102673 -7.734909
5.565278 -7.071916
5.055931 -7.398019
5.221523 -7.112225
8.086246 -9.510696
8.090384 -9.923223
4.273240 -16.440779
8.999937 -14.929154
1.561648 -11.019151
1.756967 -8.686836
7.947073 -11.342081
4.646657 -7.436481
4.639380 -7.738506
2.801402 -11.101974
2.806673 -5.765375
5.189236 -7.708138
2.683988 -8.959052
2.407272 -8.698269
2.280515 -11.329852
8.418433 -10.490264
7.842038 -9.130819
2.701003 -8.064636
2.158134 -6.567896
5.826286 -6.662710
1.376381 -8.023335
1.436651 -8.626418
4.475261 -5.857843
4.943666 -7.628965
5.993330 -7.536327
4.837518 -13.705823
1.583202 -13.594245
2.459066 -11.979877
0.973679 -9.260594
1.627198 -9.807652
-1.605163 -10.769186
-1.116031 -10.647371
2.812740 -12.855191
1.745141 -12.148253
2.532596 -10.441967
2.729512 -9.802224
8.923593 -10.156119
9.241879 -9.099530
3.591916 -7.759968
12.132434 -8.348126
8.497716 -8.247062
7.439771 -8.149904
9.347025 -12.404191
12.243229 -11.378895
8.751911 -8.146469
7.358038 -8.053554
7.148038 -8.059648
5.111643 -13.685331
5.897960 -13.283360
8.140057 -10.420575
8.503566 -10.941939
9.112239 -9.756360
12.034647 -12.089824
9.683741 -7.886987
8.101782 -8.226899
8.079475 -10.046497
8.258297 -10.045511
7.972459 -8.178887
6.721481 -7.997774
8.654595 -8.085166
9.265949 -7.900430
12.070267 -9.754151
8.803185 -10.948176
12.560102 -11.755635
8.268857 -12.948265
12.245958 -12.242023
7.882650 -10.186835
8.392938 -11.639459
9.200335 -12.653363
8.020975 -10.080142
10.114376 -13.707510
17.340118 -17.612074
