16.042250 -5.635809
13.636451 -6.016519
10.831556 -10.215299
8.193326 -9.206309
7.930540 -13.543744
9.030363 -16.827333
8.716631 -10.244893
9.445848 -11.467671
12.123932 -7.809915
12.055661 -6.898515
12.535338 -7.969146
9.637908 -8.506534
11.791695 -9.624839
9.171062 -9.076456
8.620017 -11.165770
9.162826 -15.408323
8.661821 -17.108576
4.727869 -7.343188
4.439952 -5.866794
3.813978 -3.843997
5.357413 -0.751003
4.621818 -0.789151
4.483338 -7.532317
4.818154 -6.354249
5.679256 -5.291995
5.266748 -4.191657
8.801783 -0.098817
10.712502 0.003682
10.486630 3.530713
9.446828 1.741663
6.317538 -0.118184
7.014959 0.215074
2.832064 0.651875
4.658747 -1.214429
3.679399 -1.572365
5.885822 -6.583537
4.387746 -5.153803
4.891888 -7.030999
3.364103 -8.061133
5.261869 -7.582091
8.272881 -8.586143
9.375443 -8.333894
8.001406 -9.732158
-0.360605 -12.614136
1.390773 -12.166615
1.821956 -6.690054
4.394565 -5.773006
4.985092 -7.486108
4.321797 -6.636147
9.404678 -10.056041
0.376363 -11.394628
0.981455 -8.958343
2.274763 -8.625247
1.192719 -10.752620
0.896828 -10.281062
2.335143 -10.755429
2.723923 -8.487420
2.306849 -10.956235
1.199893 -10.351852
1.900518 -11.338052
1.416695 -8.724908
2.099334 -7.972694
6.128721 -7.667922
6.064169 -7.891695
5.415453 -6.463745
4.388474 -5.351514
8.517383 -10.256721
9.869767 -9.726543
11.631287 -11.385718
2.706268 -16.909769
5.621602 -14.745157
7.934237 -13.159730
10.920197 -11.499336
13.002464 -7.497766
11.932405 -9.556890
8.516663 -9.103904
5.956989 -7.064829
4.049419 -8.161164
5.618632 -6.975940
5.447281 -6.720863
3.145506 -4.734237
2.305340 -9.353146
1.966657 -5.931255
4.496502 -6.369771
0.305097 -7.056909
2.058024 -9.587043
1.571109 -10.258569
2.058621 -10.481130
2.483937 -8.926052
2.506818 -8.692676
-1.761865 -9.419223
0.345846 -7.514033
4.328474 -7.931040
3.272984 -8.201550
4.444037 -7.997828
2.401210 -6.922965
5.130403 -8.092590
2.872744 -7.092755
1.735156 -10.710917
-0.234040 -10.221736
-2.202872 -10.412390
-4.092401 -10.800328
-17.090721 -17.591164
