-7.267116 -15.692627
1.808168 -16.155722
8.853502 -13.276752
9.450945 -9.539626
8.461540 -9.600682
7.940265 -10.096354
4.821410 -6.324154
5.387145 -5.520660
3.617935 -6.179262
1.295118 -9.573554
1.397323 -10.709020
1.625491 -11.187125
2.488594 -7.368083
0.361365 -10.627587
2.003388 -10.057647
2.820435 -11.141664
8.046710 -12.757246
9.834336 -9.897120
7.896513 -11.134545
8.209703 -9.479023
8.517898 -11.627542
8.607498 -9.886989
8.735737 -7.954204
7.735205 -7.981265
5.761461 -7.944788
4.337771 -7.417857
5.490468 -5.414768
4.780124 -7.543757
2.218055 -7.466523
1.934261 -7.884148
2.268395 -9.083539
1.671926 -8.115690
4.011511 -7.134614
-0.364817 -9.057330
1.626543 -9.077540
1.739621 -9.035161
-0.859118 -10.431950
0.340791 -9.993720
1.805454 -9.715137
-0.495679 -13.827991
3.190120 -13.995335
1.425643 -10.304945
2.444312 -9.569773
2.834571 -11.045299
2.790955 -9.575709
2.171133 -10.332389
1.325847 -11.034183
0.144711 -11.956538
2.649022 -10.956420
6.084085 -7.588089
4.948970 -7.372808
2.592456 -9.819324
2.449468 -9.619723
7.853265 -11.033391
8.507300 -10.709407
10.480579 -10.132074
8.484612 -11.252307
8.067652 -10.573423
2.015721 -11.013347
1.230422 -7.859499
2.012702 -6.591947
1.328143 -8.463418
1.327013 -10.579747
-0.037862 -10.299152
2.135039 -10.015779
1.807330 -4.346610
2.354476 -6.123767
4.725736 -7.223763
4.877354 -7.379783
4.307847 -6.893341
4.282203 -7.908670
4.713412 -5.969566
2.139440 -6.096663
1.207017 -10.847045
2.178241 -9.764879
1.958772 -9.608188
2.379084 -8.869204
1.138875 -10.978852
2.257847 -8.152164
3.710588 -7.222040
4.376726 -7.240489
4.492158 -8.162314
-0.131917 -8.156339
0.105254 -11.068720
1.686792 -10.765510
1.432886 -12.672647
1.756425 -9.808202
2.366899 -7.204671
5.818808 -8.084760
4.700643 -7.725006
5.298975 -6.191500
5.662779 -5.544695
5.988500 -7.713487
1.055655 -6.882596
5.057801 -5.986936
8.213426 -8.378523
9.616323 -12.937411
8.060330 -12.676082
10.604876 -12.729157
11.154846 -17.137899
10.541178 -10.383756
10.394449 -10.935911
8.303473 -9.020579
10.391045 -10.396804
12.057669 -8.064479
12.506024 -12.081608
11.339254 -13.033715
8.887136 -12.536160
10.189749 -10.203172
8.098052 -10.085313
11.614471 -13.405105
4.945030 -15.697091
8.598753 -16.506620
9.438251 -10.045037
8.119849 -8.502981
8.907159 -8.990336
8.138114 -8.586025
10.375961 -10.737153
10.629667 -8.772380
13.379428 -10.457438
12.368534 -6.875403
2.771554 -2.792998
3.837198 -3.147975
5.140821 -4.248283
5.022271 -7.196891
5.694172 -6.623343
4.715014 -7.683302
11.222970 -8.718867
9.973110 -8.634786
10.945988 -8.034354
9.178837 -8.252271
7.194888 -7.955642
2.065050 -8.223026
4.484121 -7.437941
5.201708 -2.825758
5.657865 -7.045803
5.605224 -5.523587
3.591327 -6.491737
3.710662 -7.960321
7.467962 -7.906198
5.674669 -7.728916
8.565094 -9.645432
10.952687 -10.650391
8.995118 -10.968371
8.650928 -8.618380
5.783057 -7.919892
4.302585 -7.604599
3.324140 -6.928454
3.562145 -6.411657
2.063726 -9.343193
7.872808 -8.370150
8.324559 -11.769441
7.943227 -16.084795
8.700694 -9.924737
9.965861 -11.365186
11.840944 -12.041604
8.185812 -10.241595
9.014357 -9.998942
9.196530 -8.727050
8.499546 -11.841226
11.889984 -11.493011
8.755041 -11.964969
8.233849 -10.735805
7.860658 -11.173688
9.290735 -8.839216
7.712111 -7.856635
11.209564 -12.353765
6.497852 -14.985665
9.768052 -11.594310
8.972584 -14.362847
10.666858 -13.459630
4.267035 -14.336354
0.221558 -13.658016
0.939002 -11.540921
1.460791 -10.928883
2.722054 -11.283973
2.565360 -7.916146
4.666325 -8.103850
0.828283 -10.100297
-1.320373 -11.353587
0.943442 -9.201643
0.288021 -10.192475
2.703381 -9.518864
0.817894 -10.458467
-0.031068 -8.629640
1.314795 -9.377185
3.284948 -7.666443
5.968376 -7.205581
6.142892 -7.105402
5.263137 -6.738369
5.187869 -7.854013
5.225451 -5.183579
6.030563 -7.120975
5.153278 -5.252809
5.373884 -5.773779
3.456245 -6.737021
5.728481 -6.562762
5.483183 -7.363955
5.069503 -6.280682
3.932233 -5.606391
2.715552 -8.371517
1.240075 -8.751863
2.211077 -8.818835
1.693433 -7.022213
2.455560 -6.835091
5.997950 -6.471503
5.032057 -7.373308
5.714950 -5.707771
3.791849 -5.350232
5.091728 -7.915112
3.425999 -14.362176
7.296288 -13.993204
7.319629 -15.679445
8.035852 -12.802458
7.855500 -9.572858
8.048879 -9.260868
8.958033 -11.550932
8.002629 -11.825040
10.198164 -11.749505
14.638243 -12.018292
8.878675 -10.299323
14.610125 -7.926936
9.219704 -9.885095
12.578973 -9.595453
10.232253 -11.916354
12.971407 -11.168949
8.020702 -8.402268
10.698331 -11.984209
12.326406 -4.308185
4.552286 -7.692085
3.986275 -5.869680
5.941697 -6.140634
4.102664 -7.790473
3.854217 -13.504766
-1.427570 -11.857632
2.128637 -11.052125
2.150755 -12.167319
3.042278 -7.311881
4.421754 -7.494478
6.187438 -8.199048
5.741342 -8.002094
4.135673 -5.406029
3.898964 -3.363205
2.394793 -3.352591
3.376191 -2.604631
4.870612 -0.789431
5.374979 -5.561206
3.552314 -5.663270
0.677136 -11.033299
2.828834 -12.497016
2.121102 -12.194864
1.666338 -11.308241
0.119720 -10.198285
0.859564 -12.825256
6.743237 -14.562032
5.114523 -13.967094
5.170819 -14.614618
10.503983 -15.961297
4.466965 -13.547301
8.712608 -14.719425
10.140679 -12.764339
7.906090 -8.816162
8.095214 -10.858668
9.788202 -11.503404
8.240957 -11.910750
8.386312 -11.961314
8.192904 -12.127337
10.321108 -15.151697
6.109623 -14.198897
7.422956 -13.719126
2.987453 -14.476927
0.299761 -10.533168
0.357831 -10.228463
1.590833 -10.085983
0.836805 -11.237504
0.839854 -11.356854
0.348229 -10.466396
0.333243 -11.337782
0.928522 -9.086238
4.589360 -6.203333
5.268607 -4.894384
3.403351 -7.060467
0.232277 -9.542848
1.890493 -8.160218
1.613345 -7.437274
3.271803 -7.071823
3.300866 -6.526789
1.142148 -7.853306
5.439950 -4.387753
3.455304 -8.122296
3.161320 -8.017491
5.195860 -5.384088
3.862350 -8.098448
2.897051 -7.689599
4.742387 -8.170821
2.193229 -4.809372
2.735027 -10.282449
2.562814 -5.040892
5.989750 -6.905630
5.776151 -6.920996
2.745975 -8.088845
1.380864 -9.024189
1.842209 -13.479011
4.821339 -15.209370
2.567350 -10.940959
2.264258 -9.815677
3.816824 -8.129856
3.058832 -8.052546
5.139302 -8.077415
8.906935 -10.544983
8.773480 -11.437690
7.857644 -9.117028
8.046964 -8.965707
10.584016 -9.914786
9.843974 -8.174115
10.601729 -10.194984
12.431628 -5.861437
11.195013 -7.351929
12.474248 -4.444658
12.711295 -5.180825
14.441616 -8.365351
8.415493 -8.518087
10.460972 -8.982368
9.865364 -10.752955
10.674998 -10.028391
8.663611 -7.847322
6.114475 -7.881537
5.513905 -8.073699
5.929230 -6.977507
5.556788 -6.628775
5.457719 -6.238612
4.407051 -4.512010
2.471863 -5.840103
1.839535 -7.060015
2.040620 -8.500062
2.793294 -7.606959
1.566068 -11.711737
-0.886522 -10.022936
4.885961 -6.148167
2.924223 -8.138679
5.315619 -7.503031
5.237915 -4.303286
5.497612 -6.496001
4.551081 -7.390544
4.505653 -5.240281
5.397758 -3.737987
4.084230 -4.443722
3.728389 -4.219812
5.608776 -7.340729
0.691501 -8.032786
1.257896 -6.413095
-1.441195 -9.977622
5.869983 -13.617314
6.791732 -13.597867
4.493668 -14.891066
1.643992 -9.533662
1.287077 -11.559254
1.528772 -9.722552
2.301189 -11.055796
-2.150180 -9.197536
4.424412 -6.940238
0.987858 -8.518729
2.157504 -10.915413
3.548564 -15.013979
-0.445554 -12.902340
9.047557 -10.081261
8.998161 -8.400100
11.701622 -13.164158
8.926847 -9.421248
10.126167 -8.319900
8.115746 -8.916630
11.422734 -8.699462
10.229492 -8.931813
11.805843 -11.911876
8.317395 -8.755493
8.237722 -10.514123
8.059819 -11.263383
7.979238 -10.157955
9.004205 -10.965373
8.529551 -11.526752
8.429264 -8.548993
9.034154 -11.430074
12.201948 -9.268586
10.396933 -12.004270
8.521511 -11.841760
7.876362 -12.907717
8.918498 -12.165511
6.849585 -8.175943
6.912526 1.219074
4.638564 1.018693
4.807710 -2.062314
3.985978 -2.111659
5.457737 -3.462416
6.925532 -13.639014
8.179897 -13.663149
9.726396 -10.652916
5.302620 -6.242118
2.696187 -6.916807
4.020967 -7.216708
5.138407 -6.556294
4.800540 -7.210089
7.923293 -8.605165
3.416756 -5.056962
4.712510 -6.538212
5.266558 -4.704234
2.673355 -8.295793
6.666483 -8.137647
13.345151 -15.298853
6.143405 -16.373932
3.305098 -16.528330
2.612146 -12.712779
0.724255 -9.248127
-2.033464 -9.925828
0.866273 -8.735152
2.709120 -13.123430
7.499693 -18.154024
6.089644 -14.330425
5.468139 -14.522008
2.534711 -13.196225
5.957068 -13.635098
14.515604 -19.468525
9.519484 -12.384785
8.436143 -11.876170
7.882443 -13.192641
8.158350 -9.738723
11.776313 -7.816375
9.014071 -13.048943
12.373260 -11.778584
9.050380 -10.561833
7.878868 -7.927260
5.531796 -8.197446
4.571208 -13.505347
0.357285 -8.759091
0.458069 -10.087983
4.900298 -7.740249
3.427569 -13.962450
2.799237 -8.551478
1.913036 -8.727879
4.909265 -7.793836
4.277663 -7.907241
5.454486 -7.160537
4.979212 -3.544215
4.425541 -4.012301
4.606430 -4.260460
4.448228 -1.258773
5.164486 -1.042004
3.039167 -3.050414
3.582627 -0.894969
5.699695 -0.092608
7.280463 0.329151
10.073145 1.518317
7.498627 0.412326
5.200431 0.740232
5.467449 -2.384058
3.545735 -4.383399
5.885883 -8.058705
4.099768 -6.930144
3.501201 -6.212676
5.186010 -3.980816
4.049255 -5.011020
2.234002 -6.914454
2.365977 -9.486215
2.425461 -11.448173
2.203798 -5.995265
4.803898 -8.189596
4.148802 -7.515192
1.083082 -8.082591
0.809449 -15.877113
1.217758 -12.058906
2.839568 -9.618951
2.703693 -11.243681
0.771105 -8.714798
1.399553 -12.025520
2.079125 -12.380010
2.021666 -6.475717
-0.084685 -10.434731
5.242467 -13.877002
8.635879 -14.442704
8.755125 -11.204654
9.583042 -10.107390
11.749427 -8.393130
10.962599 -8.153629
10.205610 -13.104932
9.218676 -12.127580
7.909229 -10.378432
8.198874 -9.662036
8.377152 -9.548157
7.946745 -11.472857
9.393410 -9.352274
11.307402 -13.029888
6.548953 -7.862463
6.723121 -8.079338
2.471864 -9.679662
7.185072 -7.994830
9.653766 -8.624171
7.707068 -7.969068
8.336538 -8.794964
2.048958 -10.160559
2.295647 -12.973359
0.843559 -13.482413
0.181620 -10.863780
7.746330 -8.188585
4.487429 -8.051477
5.535201 -7.452877
5.190468 -6.840122
3.589949 -6.737973
3.088284 -8.138314
3.726498 -8.071372
4.339940 -7.799446
0.574214 -7.876027
1.258500 -9.815455
2.025227 -6.822320
2.028845 -5.725072
0.409880 -9.852881
1.512896 -9.262750
1.623035 -8.135543
1.712329 -9.666704
0.420136 -7.995785
2.557146 -8.058295
4.910010 -7.714920
5.648970 -5.859048
5.780324 -6.895919
2.011331 -8.070786
2.018543 -10.810853
2.482629 -9.151073
-3.352904 -13.292744
-3.975278 -15.171914
1.480158 -13.884339
3.957236 -16.051624
5.820355 -15.569059
0.736563 -13.668551
2.560950 -12.195512
-0.896902 -10.327905
-1.176757 -9.984400
-2.823550 -11.292520
-1.263445 -9.632004
0.084557 -8.948651
2.019357 -13.172915
3.930487 -13.264478
8.312372 -13.872041
9.304548 -12.249928
8.621389 -10.018876
10.151096 -12.052397
4.315930 -16.715771
8.064144 -13.975781
8.827321 -10.482426
8.750531 -11.577470
9.131871 -8.461017
16.904732 -12.976664
