10.298652 -15.957783
9.005734 -13.188107
9.539639 -13.965053
6.783156 -16.243044
1.994170 -13.574841
0.764874 -15.138150
1.553872 -13.357825
-0.616196 -8.620214
-0.288312 -8.470916
0.169502 -9.511739
-0.256390 -9.206188
2.206498 -9.746059
2.434342 -8.346277
3.119285 -4.962401
3.253880 -8.174236
3.404663 -7.856238
0.288676 -8.222333
2.243637 -9.012517
-0.674074 -9.490443
2.137856 -10.700671
2.656490 -10.272066
2.514030 -10.715133
2.746041 -7.511924
6.135007 -6.270147
2.963237 -7.833954
3.578056 -6.039853
12.480822 -6.577376
9.043407 -10.347039
10.757042 -11.824230
7.888949 -11.636637
9.832228 -8.847406
9.729553 -8.733772
7.855273 -9.918147
2.328734 -6.593359
3.969024 -6.323336
9.056111 -10.071025
6.000045 -14.199994
9.444208 -10.840575
12.374439 -13.247603
11.019284 -13.050141
8.240536 -10.721185
4.916056 -7.584986
5.240562 -13.530212
10.863748 -7.821249
12.312987 -3.708395
13.733652 -3.902290
10.611011 0.252617
6.006134 1.556487
6.791751 1.717209
8.913374 0.165274
4.308374 -2.945553
4.600373 -3.489396
2.779857 -5.160745
2.162319 -11.229785
8.658934 -10.681273
2.189919 -10.184810
2.668417 -11.711867
0.962779 -9.598086
9.403490 -8.609959
10.277105 -16.106707
9.529219 -11.496337
8.045567 -9.204728
5.105545 -7.486793
6.495573 -8.149728
2.623643 -9.828264
2.232841 -10.029223
1.277751 -7.489031
3.209898 -8.147838
5.268907 -8.055045
5.363627 -8.040835
0.635666 -11.641768
2.652667 -13.272122
2.943954 -16.427090
9.873869 -14.977904
8.455142 -10.465369
12.061689 -9.731917
8.112664 -10.741339
8.105486 -9.661891
9.082929 -11.269847
8.142612 -11.189201
9.741111 -9.240714
13.611507 -8.502338
13.009102 -8.769625
9.393226 -9.984813
7.908086 -9.578482
9.404249 -9.465751
8.856230 -9.443147
9.209854 -11.474655
10.333837 -11.911077
9.508276 -9.249813
10.251328 -11.368558
7.957684 -9.280284
8.258875 -8.763391
8.955103 -12.274003
5.693379 -7.022253
6.007356 -7.992759
6.082262 -7.459541
0.864715 -8.479033
2.633337 -14.353505
2.050280 -11.676337
0.899016 -10.509637
0.596607 -10.230082
2.718288 -12.116580
2.010962 -8.082972
5.072543 -6.836987
4.519590 -4.788048
4.883387 -0.900804
9.798531 4.744089
7.377461 5.271131
9.238372 3.244545
8.185227 5.631598
3.602259 3.714270
6.265820 9.410328
4.345543 6.889141
5.408851 6.977114
7.613876 3.437961
5.079967 3.880162
3.280637 3.066123
2.979991 9.568706
8.630556 14.037185
8.555109 14.145968
8.224297 11.385392
8.353251 13.404065
4.964140 11.012100
5.707899 9.452793
4.548319 9.614633
5.663203 11.406698
11.351890 12.542031
15.472235 14.517903
