1.970907 10.783676
0.679721 8.996684
-1.749414 8.006376
-5.762166 4.979062
-5.341684 1.663877
-4.573117 1.232525
-3.347950 -0.606106
-3.327760 -0.414509
-3.858367 -3.039584
-4.262357 0.763816
-2.988823 -0.768843
-3.200631 -3.175692
-4.389156 -3.524241
-3.923357 -3.631796
-3.739138 -3.336947
-4.447503 1.761656
-3.941295 3.008370
-4.707546 -6.070300
-10.890054 -5.984885
-7.319294 -4.826603
-5.918196 -4.953092
-8.457645 -4.752390
-5.732030 -4.120059
-10.268967 -4.556973
-10.233866 0.009260
-11.075565 -1.431667
-13.946150 -7.221190
