-0.202018 13.844650
2.796461 7.954571
4.790589 8.559030
6.056531 5.461341
5.229951 -2.672910
5.021491 -7.092229
5.594781 -5.251666
4.972484 -8.053009
5.213785 -7.846409
3.672265 -6.311673
4.522974 -7.546834
4.396382 -7.501492
2.913332 -6.103251
1.275652 -10.048651
1.836939 -10.887881
-1.337517 -10.884492
2.891501 -17.711679
2.622395 -18.569181
4.601656 -13.533488
5.710481 -14.220101
2.738018 -16.066353
1.061186 -11.712674
-1.655190 -12.957452
9.179544 -11.729206
8.211439 -10.856280
8.397808 -11.115333
7.879630 -10.679770
8.672628 -9.281756
8.774483 -8.539131
8.082567 -8.951461
5.408772 -8.200203
5.755473 -8.010995
5.354782 -7.492228
5.709619 -7.431111
4.375227 -6.112646
4.810534 -2.023169
5.284806 -0.744006
4.976687 -1.900156
4.237198 -5.240151
3.691471 -6.869199
2.060696 -7.616779
2.737469 -9.431440
6.721963 -14.222340
5.772095 -16.366022
4.367652 -16.068369
2.541678 -10.694366
1.274311 -9.296076
8.387197 -10.809186
10.540483 -13.009209
9.114796 -13.205952
7.736085 -14.337159
11.630623 -13.405948
7.204660 -15.001166
2.744992 -9.004779
0.646458 -11.244401
1.193847 -10.507170
2.419398 -11.811896
7.069146 -18.237631
3.796139 -15.313001
1.380604 -15.462749
-0.292682 -11.412072
1.636764 -11.575130
1.712529 -13.792957
2.704784 -13.450594
2.425633 -9.441882
1.010386 -10.088037
2.475852 -8.663976
2.643569 -8.176782
0.928075 -6.538055
5.007434 -3.035635
4.397186 -7.013212
5.362535 -7.848561
3.233420 -6.088322
5.441227 -5.953664
4.252687 -3.606543
5.287954 -0.568037
5.323396 0.248732
6.597548 0.666951
7.458903 -0.020372
7.323041 -0.078121
4.745687 0.288872
1.366899 -0.956597
2.835717 -3.059385
2.949638 -2.111978
4.980800 -0.448881
4.686130 -0.054203
10.053107 0.893974
11.319828 -0.317088
7.959476 0.187842
5.832970 0.804700
5.717066 1.484672
9.687901 0.004471
9.652177 1.316711
8.548651 0.926108
13.940819 -1.299682
13.396748 -1.979433
13.866608 -4.996583
16.846014 -1.712389
11.584536 -1.781916
14.533669 -6.544538
13.171393 -8.856040
16.421675 -19.248785
