-14.569992 19.143150
-9.994568 9.724325
-8.472147 6.690743
-8.259608 5.634939
-8.208324 5.276962
-8.266844 1.352285
-8.413244 1.234475
-8.380719 1.006322
-8.479383 1.000776
-8.559111 1.014957
-8.556866 1.010954
-8.597174 1.024824
-8.573589 1.016777
-8.605506 1.028116
-8.577274 1.018530
-8.607353 1.028994
-8.578095 1.018989
-8.607766 1.029212
-8.578281 1.019101
-8.607861 1.029264
-8.578322 1.019128
-8.607881 1.029276
-8.578332 1.019134
-8.607886 1.029279
-8.578335 1.019135
-7.863274 0.923272
-7.033021 0.929368
-6.308366 -0.558917
