-12.427758 16.850466
-7.892205 9.413474
-6.154869 6.726536
-8.373094 3.484237
-8.292002 3.498243
-8.418882 1.496347
-8.641142 1.431165
-7.624707 0.715273
-6.831476 0.516633
-6.023459 0.684453
-5.886433 0.326750
-5.161471 0.858150
-4.901428 0.232172
-4.635509 0.116957
-4.732517 0.409590
-4.251805 0.854952
-3.975491 0.168785
-3.707741 0.614662
-3.664016 0.685458
-3.223928 0.031236
-3.307670 0.304760
-3.062682 0.888003
-3.068039 0.986525
-2.448270 0.420178
-2.524449 0.748301
-2.334751 1.284999
1.741827 -6.523549
3.732300 -9.065784
5.301215 -11.900953
9.582976 -18.815903
