-11.092993 -7.350803
-9.322152 -3.523041
-7.682287 -0.321388
-8.272243 0.996976
-8.254413 2.187711
-8.222235 5.222242
-8.203247 5.220695
-7.809927 5.948098
-7.792980 5.972353
-7.809136 5.949160
-7.792128 5.973499
-7.808241 5.950358
-7.791162 5.974796
-7.807188 5.951693
-7.790038 5.976250
-7.805565 5.953042
-7.788420 5.977762
-7.799190 5.953095
-7.782470 5.978717
-7.740544 6.002030
-7.744875 5.981046
-7.735112 5.956356
-7.592607 6.095101
-7.458461 6.346642
-7.419310 6.409154
-7.435914 6.379727
-7.448275 6.347823
-7.396090 6.407691
-7.402369 6.374759
-7.385434 6.332806
-7.148782 6.537872
-7.016744 6.562026
-6.583620 6.805580
-4.940993 7.867015
-3.540942 11.380433
-1.053307 19.150946
