-18.987921 -5.046182
-14.854708 -8.281816
-12.217247 -12.007565
-11.147217 -12.031059
-11.328100 -13.599011
-11.294618 -13.822251
-11.195844 -14.128794
-11.245295 -14.159155
-11.200620 -14.283931
-11.259815 -14.248646
-11.215658 -14.326246
-11.271408 -14.272433
-11.223487 -14.337745
-11.276590 -14.278809
-11.226613 -14.340894
-11.278545 -14.280534
-11.227735 -14.341764
-11.279228 -14.281004
-11.228114 -14.342006
-11.279455 -14.281133
-11.228237 -14.342073
-11.279529 -14.281168
-11.228277 -14.342093
-12.123522 -17.876675
