13.461131 -1.051661
11.575040 -1.747712
11.402943 -2.709101
11.280391 -3.735219
9.354973 -8.986256
9.373095 -8.914350
9.354703 -8.985960
9.372711 -8.913941
9.354018 -8.985130
9.371744 -8.912790
9.352333 -8.982759
9.369398 -8.909471
9.348415 -8.975814
9.364076 -8.899629
9.340311 -8.954919
9.353598 -8.869468
9.328323 -8.889876
9.341538 -8.772667
9.338222 -8.669488
9.387094 -8.418782
9.506494 -7.931273
9.160440 -8.366962
9.172039 -8.103774
8.581570 -8.003251
8.409855 -7.905833
6.581060 -8.574929
6.186055 -8.369032
5.174089 -8.298789
3.721457 -9.552807
1.863607 -12.260900
