-1.341603 -6.915945
-3.043746 -2.797397
-3.667553 -0.471401
-4.675853 0.750720
-6.976446 0.692824
-7.130207 0.609373
-8.807285 1.096995
-8.807696 1.142506
-8.746675 1.326116
-8.714021 1.490864
-8.590389 2.068014
-8.473963 2.566283
-8.230816 3.857278
-8.402427 4.072834
-7.801427 5.966527
-7.818778 5.942977
-7.798224 5.970853
-7.815718 5.947097
-7.795956 5.973921
-7.813550 5.950015
-7.794302 5.976146
-7.812024 5.952068
-7.793150 5.977697
-7.810961 5.953497
-7.792508 5.978836
-7.810413 5.954567
-7.816494 5.946237
-7.799009 5.969941
-7.808841 5.956539
-7.790830 5.980986
-7.804166 5.964052
-7.821589 5.940698
-8.065243 6.146791
-10.618221 8.577377
-16.629116 16.078547
