0.945438 19.662029
-2.861967 14.831507
-1.713138 12.519673
-2.019159 13.994608
-1.192207 10.164006
-2.970555 7.856521
1.359647 3.270924
5.673878 6.737992
4.939639 6.722367
5.432526 5.895233
6.592130 5.621950
6.899729 7.409471
5.701723 9.842759
5.158398 13.010554
4.941729 13.805017
5.468212 10.526107
6.098677 7.785648
3.378497 3.968663
3.030451 5.572890
-0.071494 5.641187
-1.315623 5.619757
-2.525501 7.390544
-0.911733 6.953217
-0.747399 7.391732
-0.684708 7.299500
-0.938917 8.532634
-1.866712 9.160739
-1.273582 12.356264
-3.926230 11.834390
-0.733240 9.261563
-3.319904 7.461543
-1.257828 7.722246
-3.987164 7.865723
-4.454567 9.653685
-0.550087 11.000641
-1.804907 10.751893
-2.380934 7.148755
-3.180011 10.628087
-2.172179 10.151881
-3.775876 8.009752
-1.097540 9.184140
-1.289396 9.484565
-2.932966 7.991852
-10.237116 -5.945298
-13.574882 -11.786066
