15.522681 -19.917061
8.470778 -12.427754
4.906595 -18.462477
4.096731 -17.518923
1.093534 -12.599053
1.075691 -15.545352
0.978927 -13.359068
0.967041 -13.447965
1.699294 -14.160879
2.048498 -10.465255
1.294883 -10.749166
1.184060 -9.528068
1.105396 -11.867745
1.348750 -13.001716
2.652028 -10.560716
2.587548 -12.062860
-1.669240 -8.295902
0.316873 -8.776796
5.223186 -6.909654
5.805675 -7.419166
8.524881 -7.661525
4.094355 -7.820970
0.726471 -7.732278
1.715568 -11.319493
2.324216 -11.357053
0.226556 -11.961522
0.104884 -12.203383
0.415084 -10.277597
-0.935490 -11.568236
2.707655 -11.025790
1.792130 -10.213240
1.560477 -9.119277
3.892239 -7.424101
5.673060 -7.305089
7.891337 -7.803195
4.120617 -6.277746
6.732721 -8.120965
5.577585 -8.183889
10.218996 -7.604020
7.906350 -6.793538
8.671895 -8.099301
8.244838 -6.365242
8.720942 -5.894371
6.543200 -5.011376
9.882957 -5.665243
7.861969 -11.504603
9.287854 -14.478313
7.441219 -13.414031
11.634632 -13.515817
5.567945 -15.833312
5.792151 -13.254690
3.199008 -13.792133
-0.981678 -10.796471
0.065972 -10.019388
2.162705 -13.298289
0.434381 -9.462840
1.910038 -10.094087
0.387491 -13.400996
6.510672 -13.714349
5.617268 -13.954795
9.689642 -15.029827
8.443643 -12.202629
8.433506 -10.836057
8.312030 -9.486709
9.106889 -12.200904
8.085141 -6.922473
9.362148 -9.798692
6.573006 -5.007284
9.440230 -5.764198
10.686218 -7.299459
10.253021 -7.603234
8.742495 -6.473631
9.288962 -11.504482
8.935355 -13.565497
11.388914 -14.559608
10.074366 -13.987107
11.732992 -17.412453
15.186306 -11.173717
16.195082 -13.770362
14.630209 -9.282659
14.886727 -11.194514
14.914263 -11.600557
15.130045 -15.056846
13.171919 -13.646538
12.422094 -15.167269
5.945921 -13.520768
2.286869 -13.287152
2.044019 -8.741075
1.924255 -8.232480
0.944372 -8.277551
-0.283726 -10.184905
1.172293 -9.033416
2.502313 -8.138758
1.634128 -8.138997
1.776013 -9.712678
-0.031233 -8.234223
0.234044 -8.205419
1.857165 -8.482520
5.299661 -6.753531
6.876771 -7.600296
6.127284 -8.121079
9.413267 -7.459051
8.072974 -9.855645
8.979259 -10.278523
8.813459 -10.983667
8.272144 -12.154406
7.968765 -9.486390
9.124715 -12.896695
8.303820 -11.458356
8.884544 -11.650403
8.788951 -8.447317
8.425501 -7.124868
8.538770 -8.144664
8.991467 -14.852759
5.539968 -13.442834
7.210685 -5.699456
2.789506 -8.974856
14.619734 -10.488709
16.403980 -13.353424
12.386528 -12.829467
7.438943 -5.565782
9.708636 -7.064975
6.721426 -7.855145
11.007236 -5.987924
11.927332 -7.007025
9.463896 -7.386191
12.803541 -7.464946
11.948483 -13.567780
10.941734 -15.007180
10.941507 -14.095727
5.554221 -13.215663
3.377258 -13.978702
5.012280 -15.521474
9.135638 -9.927181
8.396135 -7.308476
2.797083 -9.558084
2.416134 -14.307577
6.146477 -15.011717
8.428324 -7.629580
9.889961 -5.251221
8.873789 -7.920903
8.458419 -9.007151
6.932843 -6.722016
7.497734 -7.960874
6.762542 -7.768308
3.747981 -7.242245
2.764503 -8.512862
2.707016 -7.838610
1.415539 -9.686008
1.778819 -9.490188
1.262032 -9.907076
8.725451 -10.726572
7.887284 -10.502928
8.106545 -8.360319
8.587124 -7.854672
4.742027 -7.446358
1.433234 -7.443963
2.713181 -9.785047
1.828935 -12.005775
2.194353 -8.821008
1.973097 -9.883572
2.424946 -9.386463
2.755045 -9.811343
-0.805379 -14.472081
3.038882 -15.678521
3.592075 -14.714092
3.097643 -14.039390
0.896781 -12.960217
2.431489 -10.871228
1.177695 -11.806881
2.081830 -9.584260
1.940298 -9.785186
2.469109 -7.634361
5.182621 -7.729646
5.880353 -4.578919
4.616109 -7.853721
6.768081 -7.943375
4.806081 -6.727074
-0.949735 -10.521234
2.554493 -7.682323
7.837941 -3.885373
9.451869 -13.878564
10.974913 -13.242101
10.089827 -14.289244
8.363265 -14.788818
0.221295 -12.600805
2.100509 -12.498708
1.979852 -10.239548
2.107153 -7.141298
-5.516061 2.644958
-8.746636 4.638968
-10.952446 7.983201
