-4.065520 -14.313168
-0.355371 -11.657831
-1.639285 -10.157268
-1.058268 -7.349563
3.944105 -7.810883
2.275926 -8.391215
2.829047 -7.427090
4.608953 -6.708042
4.552305 -7.715855
7.550422 -4.724326
9.201396 -11.866894
8.398826 -10.426517
9.393253 -12.976869
7.902741 -11.766210
7.819321 -4.748528
4.908032 -7.351656
0.768833 -8.819369
2.177232 -11.188737
2.696023 -10.642268
1.519289 -12.849549
2.039994 -10.304013
1.290518 -11.393759
1.863379 -14.016688
3.029600 -13.676219
0.605309 -9.488784
5.500152 -6.663650
2.830660 -6.410991
3.328449 -8.140318
1.898261 -7.950682
1.764010 -8.318608
4.679010 -7.761460
9.705055 -7.789541
8.196554 -7.892582
9.096539 -15.125262
7.197546 -15.314200
4.952380 -13.230137
1.195245 -9.544555
4.087340 -5.486619
6.576499 -2.231143
5.859567 -5.241876
5.468293 -7.374845
4.267151 -8.003777
4.381766 -3.824788
6.887105 -7.880267
4.036534 -7.659653
9.232949 -7.771433
8.007545 -11.562461
8.939192 -11.816527
9.062126 -15.188659
10.058055 -13.422011
8.944605 -12.757726
8.974162 -12.007277
8.942217 -10.254065
8.481538 -11.008728
5.652882 -7.484366
6.499627 -8.126814
8.527269 -9.261485
7.242011 -7.490512
3.422723 -7.067612
5.081140 -7.887807
8.498403 -7.536530
6.938872 -7.880970
2.362138 -13.676866
0.886266 -11.379930
1.123761 -7.420999
1.982321 -9.067462
2.333957 -8.562476
5.892263 -7.657874
2.125834 -5.152765
7.820310 -7.301486
8.023800 -5.838505
3.658050 -7.807565
2.303768 -11.126653
0.226187 -11.977593
1.319262 -12.593807
1.263077 -11.435367
2.027323 -11.322474
0.840648 -12.058879
2.042789 -10.599666
2.198975 -11.219040
2.713372 -10.574398
2.850464 -7.772306
1.065175 -6.898757
4.847620 -5.243963
4.625103 -6.754812
5.718301 -7.784255
2.771139 -7.735511
3.963872 -8.001028
0.181945 -8.097850
0.801728 -8.620147
9.423035 -12.972787
2.448140 -14.672217
8.526200 -8.326190
10.938502 -5.827620
8.146588 -9.788242
8.647148 -7.734488
7.060842 -5.487433
8.054761 -11.264097
8.091536 -9.892298
7.817359 -7.781478
2.485941 -4.591784
0.447640 -12.175101
0.483338 -9.239621
1.498408 -12.140784
0.737025 -14.037314
4.326538 -13.270687
5.247769 -14.963597
4.340345 -13.604524
0.072236 -13.589471
2.657391 -12.717425
2.028286 -13.121907
0.407792 -11.324927
5.308595 -16.425932
3.655529 -13.654271
2.839613 -13.523394
2.688640 -12.859572
-1.214218 -10.239423
1.743281 -10.107926
-0.113003 -10.391103
-2.375728 -10.505467
2.455523 -12.305895
2.270133 -13.128243
0.186785 -13.103727
7.748965 -13.736573
4.813157 -13.283105
5.540796 -16.313782
2.170405 -13.164341
2.479035 -13.058059
1.762127 -10.762515
0.999426 -10.262769
-0.060265 -10.819809
4.123758 -6.336035
3.411888 -5.512701
4.089019 -6.401987
2.479388 -7.554875
1.970140 -10.389310
2.495155 -11.740918
1.186737 -8.577888
2.305440 -6.453851
1.656756 -10.641032
1.961050 -12.237019
2.668958 -9.858275
2.629143 -9.095052
1.209128 -7.557497
2.706352 -9.100185
1.098902 -10.436875
2.447218 -8.624921
3.959275 -4.547102
6.487802 -4.319906
6.623422 -8.077836
9.686996 -6.991178
9.210071 -7.977011
7.818933 -8.073947
11.326221 -6.346178
14.783104 -7.806487
12.926842 -7.167908
18.201159 -9.205836
15.817389 -12.603822
15.295341 -9.943898
17.754990 -16.879892
15.546558 -10.538473
15.529598 -10.905248
15.553888 -8.495648
10.308499 -7.448045
14.239697 -6.941518
10.072128 -5.490309
9.920345 -7.357708
11.352500 -6.612017
10.850854 -7.282537
6.559821 -7.770859
6.880522 -7.466676
5.854401 -5.778784
8.245151 -7.708322
9.608231 -13.674716
9.529910 -15.079890
8.353869 -9.914949
8.445086 -14.464120
11.175161 -13.428415
12.239006 -14.783455
11.248175 -12.967219
12.543536 -14.394895
15.534817 -15.385218
13.646347 -14.916208
9.986009 -15.466063
8.511660 -17.597857
8.264894 -11.971052
9.211834 -10.532325
8.101711 -9.976583
7.942848 -10.491363
10.344848 -14.609390
7.373434 -14.426738
3.429811 -15.133476
5.115157 -13.269231
4.747292 -15.250284
9.550640 -12.867671
8.323991 -10.959828
8.944232 -12.003461
8.137236 -11.238738
8.588419 -9.952986
7.694135 -7.490192
4.642446 -8.135644
-1.044292 -7.520919
0.182072 -14.878652
4.949477 -14.476995
6.854848 -15.622243
7.265234 -13.249412
4.889240 -15.060664
7.219554 -13.370057
4.634706 -13.854223
4.752129 -15.880052
2.089466 -12.207148
2.950275 -13.642428
3.280365 -14.960509
0.923467 -13.229151
2.806361 -12.515441
2.562778 -10.013857
8.995207 -14.918595
6.632675 -13.389020
4.636984 -7.908051
2.248706 -12.120594
1.314598 -11.912602
1.810076 -9.461972
4.387666 -7.191268
8.588839 -7.959602
8.014503 -9.738578
9.164803 -13.120640
10.145471 -13.125154
8.408707 -13.014428
8.458215 -10.286304
8.060264 -6.649220
9.122092 -9.797860
8.447651 -9.486550
8.094471 -13.372072
11.799719 -14.890122
8.583839 -12.337980
8.355951 -8.314875
8.031265 -12.577061
9.776482 -5.075429
6.715171 -6.606561
8.891554 -9.348065
8.370258 -8.003757
5.708262 -8.186495
2.669465 -7.957662
1.096627 -11.370028
-1.791486 -12.305512
0.214481 -12.017269
1.894188 -11.003434
2.713953 -9.591082
1.935688 -8.864989
0.864289 -8.151087
5.298453 -7.755932
5.006429 -6.825797
1.193982 -6.749457
3.732610 -6.760260
6.857828 -7.977916
9.896961 -15.335361
8.937192 -15.651664
4.823717 -13.662101
5.488004 -15.035966
4.203263 -13.884439
1.462800 -11.230539
2.696806 -9.941625
2.730666 -10.493014
-0.475509 -10.719621
1.701542 -11.431930
-0.079422 -10.381467
2.364874 -9.309043
8.533041 -12.455930
10.358521 -13.783761
4.930957 -15.657511
4.676696 -13.249534
7.797623 -14.801613
8.344851 -12.116860
8.241529 -10.771805
8.322680 -10.879965
8.563063 -10.028678
8.476625 -10.344576
8.475529 -12.785137
1.696229 -10.229391
2.565444 -7.337325
5.305226 -14.080722
6.677483 -14.701383
5.733605 -17.854324
5.473353 -14.683031
7.810327 -7.383106
2.511593 -12.778993
-0.280474 -11.827769
0.536143 -11.172386
2.666033 -11.934873
0.085913 -13.884521
5.224247 -15.408288
12.352518 -14.931890
16.356892 -11.226146
14.903864 -9.627864
13.356231 -3.461359
13.047044 -5.404103
14.243269 -6.635194
15.192312 -8.794465
16.059427 -11.588798
17.388668 -11.041300
18.509659 -11.507564
12.172497 -13.967034
10.566917 -13.380958
12.531740 -15.386024
10.560189 -19.019100
8.292913 -9.855806
8.477440 -8.493574
8.643612 -9.201104
10.263587 -4.783280
10.977006 -7.587370
10.172732 -7.248365
9.178203 -4.003773
8.671160 -11.452462
8.670404 -10.079755
7.980614 -13.066010
12.090705 -17.300503
7.871065 -11.988818
8.657083 -9.559261
7.858726 -9.618114
15.928391 -8.703128
14.331156 -14.721251
12.702003 -18.040714
11.945786 -13.507695
17.717615 -14.392177
15.946670 -8.563776
14.171665 -7.695018
10.616210 -4.919928
9.722637 -6.214843
8.828774 -8.908736
8.003460 -8.866991
9.857311 -18.517555
11.658412 -19.309896
10.405446 -14.297830
9.152827 -13.565290
8.557158 -11.886882
9.344064 -13.223484
12.718448 -13.624816
13.746155 -12.842299
15.520666 -12.250617
14.825824 -9.828506
14.915881 -6.830042
15.932224 -9.350016
15.712368 -9.263441
17.675837 -8.970547
4.965064 -7.232505
8.779566 -8.292076
10.635468 -14.984262
17.023663 -12.103410
16.660528 -8.992304
15.426153 -10.378627
8.632402 -11.879421
8.089575 -11.271590
9.003089 -11.525634
9.751261 -14.393714
8.485785 -9.195179
9.697588 -7.723921
-0.520680 -14.179246
1.159387 -11.561083
4.976299 -17.394762
8.161501 -16.607552
7.960982 -14.923226
8.122964 -11.325414
7.878418 -12.743382
8.556902 -9.349267
8.913015 -10.867839
8.635156 -9.833939
8.895607 -11.838124
9.862038 -18.297201
13.784910 -16.690031
12.204423 -14.972273
13.857487 -13.031599
8.367794 -12.897472
7.777607 -16.346725
15.589128 -10.049867
8.383026 -13.673461
8.624937 -13.623393
8.632510 -10.090388
9.422167 -14.737400
2.978796 -14.440508
5.350343 -13.388211
8.181705 -12.166663
8.167329 -10.742501
9.135481 -13.240899
5.790467 -16.086420
8.850933 -9.202673
2.764697 -12.140210
-1.115494 -12.618526
1.786097 -9.734107
10.955936 -7.136687
11.290365 -6.226849
10.210351 -7.481462
9.660494 -4.517340
7.849946 -12.806158
13.659528 -13.633808
10.771606 -14.592165
10.863894 -14.308189
8.587379 -13.823874
8.288536 -9.086053
9.813055 -5.544060
10.398897 -6.309887
7.698152 -7.301744
9.162722 -8.439999
9.504463 -5.175967
14.735793 -7.503484
13.347152 -4.811941
14.801528 -7.305274
14.875556 -14.294140
14.107277 -13.462819
13.940131 -13.566853
13.257033 -13.588466
10.557490 -13.753838
7.911292 -12.814752
8.772764 -7.710544
11.492990 -5.764651
10.057817 -4.747808
8.657490 -6.496817
9.157140 -8.408470
9.571305 -7.133217
3.557261 -8.005831
8.194113 -7.056172
8.220423 -9.345687
8.105638 -9.199700
9.039310 -5.807570
7.897960 -9.056969
8.373333 -10.302321
8.202593 -8.305688
8.804296 -8.755988
8.356148 -11.694774
8.673900 -9.261212
7.899678 -16.671774
5.664855 -13.776046
9.634192 -14.231894
8.028741 -11.802715
9.157951 -12.132730
8.191146 -13.336965
13.721546 -17.498760
5.189828 -13.328215
4.678593 -13.322150
5.266066 -13.745173
4.542237 -3.985458
3.659053 -7.599062
1.747745 -10.065818
1.382619 -11.246572
2.558775 -12.886230
-0.393260 -10.838874
-0.809835 -10.715514
0.681923 -10.193947
0.598081 -11.052167
1.579864 -11.924539
2.599904 -10.138543
1.988094 -10.311696
3.629783 -8.103980
6.484517 -8.122446
7.145711 -14.324978
6.046057 -13.655631
1.145225 -13.098302
0.729277 -12.366946
-1.232246 -8.866448
1.629985 -8.332651
1.616054 -10.625569
2.726748 -8.738799
2.621774 -10.053016
3.888148 -7.431144
3.298941 -6.424138
6.638873 -7.878996
6.504521 -7.931453
9.312901 -6.467455
8.447269 -5.173888
8.925456 -8.961435
8.896372 -10.409397
8.688038 -10.863537
7.896149 -9.730990
9.271910 -12.190348
7.933886 -11.061238
8.142624 -10.092604
9.004000 -8.276324
8.240340 -10.252606
9.084518 -9.938330
8.119615 -10.317808
10.435684 -13.299615
10.867884 -13.434493
9.678537 -14.151942
8.073380 -16.614897
3.484907 -15.546453
4.423852 -14.394126
0.356650 -11.927482
1.519918 -10.274837
1.853635 -9.839861
2.507033 -9.709690
2.682644 -10.327513
-1.098057 -10.950706
-0.609380 -8.228345
3.066175 -8.105690
0.730625 -8.519737
-1.121739 -10.788241
0.198926 -12.203835
0.271782 -9.726156
2.508765 -10.753997
2.483852 -10.511218
0.893887 -10.403591
1.524142 -10.237681
-0.221396 -9.630471
1.027792 -10.397923
0.544824 -8.757372
1.106010 -7.867245
1.819233 -10.692372
2.568426 -11.235252
0.089713 -10.024500
2.073572 -9.509889
2.663024 -9.007134
1.774033 -4.885055
3.485619 -8.147916
5.984455 -8.133508
5.040561 -8.059922
5.514526 -7.927467
2.720322 -6.695042
2.410448 -10.195972
2.675279 -9.014144
0.960971 -7.134190
0.813946 -7.349851
0.474457 -11.182181
0.686239 -12.018043
3.600262 -14.143111
1.989751 -15.434438
5.015497 -13.654031
3.745879 -7.862654
2.040099 -8.494834
2.765162 -10.205262
2.830775 -9.301822
2.065374 -8.247991
7.852292 -5.978423
7.863359 -9.143056
8.812710 -9.180577
6.659626 -6.372056
4.323366 -6.006672
2.061955 -6.498540
2.393978 -7.817673
3.331593 -7.683234
1.379890 -9.586635
2.614022 -11.783490
-0.231131 -16.780924
7.179955 -14.667298
9.294024 -13.277330
10.290670 -13.364554
5.761004 -18.612589
7.811326 -15.377944
9.114266 -11.584967
7.822284 -8.058419
7.388367 -5.729572
8.329072 -7.879105
7.874210 -10.726363
7.994253 -8.389684
8.708054 -12.274961
7.414514 -14.199305
0.941067 -11.085416
0.776045 -8.304140
8.486572 -11.153995
1.165199 -12.297009
1.170303 -9.032049
2.490213 -8.713820
2.166459 -7.151338
4.179585 -8.080041
6.061946 -7.847517
5.761001 -6.616123
0.571449 -8.606705
0.759925 -9.763096
0.898174 -9.719135
1.513439 -14.255202
5.243866 -13.391887
4.967438 -13.216458
7.452625 -15.949779
4.593336 -13.271227
2.347736 -11.907678
-1.914782 -10.439473
-0.511764 -8.208104
1.083871 -12.158304
-0.740485 -13.266371
4.468170 -13.714122
6.880249 -13.436250
8.431709 -13.875273
7.473321 -13.825883
9.869192 -16.142473
8.242144 -11.543077
8.816747 -7.092829
3.032511 -4.137764
1.219492 -10.685236
0.033509 -10.346959
0.458430 -9.775448
2.296235 -10.712164
2.201200 -8.763496
-1.724446 -12.535317
3.125407 -13.253501
6.410006 -14.316030
4.517582 -14.033103
3.787244 -14.647254
4.767794 -18.021074
9.017711 -16.593782
3.558090 -13.828151
-0.433469 -12.753928
0.196840 -9.025296
1.177046 -10.793561
2.715299 -12.730569
2.556897 -11.497132
2.348374 -7.450068
2.604260 -8.955643
0.878410 -11.195601
0.101622 -11.660653
0.618670 -8.106568
4.909355 -6.838654
5.173454 -7.685143
7.804241 -8.016568
8.231169 -9.519278
8.923100 -8.388693
9.013443 -10.881539
8.145756 -11.691269
8.637992 -11.989818
8.071983 -10.336801
7.427114 -6.966716
4.590287 -5.538907
1.171557 -9.775310
1.647168 -10.199395
2.419153 -11.559457
1.984223 -9.422421
1.316585 -11.602474
-0.297279 -10.729450
0.263812 -11.249694
1.997428 -9.238142
-0.575816 -11.279967
2.487259 -9.004209
2.800864 -9.962120
1.937089 -14.175857
2.227295 -12.623450
2.582176 -10.808051
2.680953 -7.469465
-0.497989 -9.517474
3.496171 -7.806771
5.872154 -7.166402
4.868873 -7.046846
6.110086 -5.741619
4.722903 -7.675371
0.124255 -7.203610
1.565885 -9.214412
2.818895 -9.773622
-0.085633 -9.670523
1.072799 -10.580065
0.160005 -12.531344
2.165473 -7.721981
1.255688 -8.937272
1.720307 -10.418235
0.042490 -12.466930
-0.968448 -10.844821
-0.301561 -11.134303
-2.121764 -9.612859
0.659783 -8.991675
1.359424 -10.343630
2.730424 -13.196693
-0.184544 -10.273679
1.751530 -10.442275
2.751102 -11.517131
2.628769 -9.682535
2.342078 -8.779170
0.881640 -6.581717
3.117169 -7.014966
3.106831 -7.910685
9.224696 -7.775174
5.022480 -7.644085
3.901714 -6.181477
1.790006 -7.571329
1.485127 -5.140350
2.181151 -8.308178
0.133249 -6.284160
-0.124026 -5.517815
2.486013 -11.092875
5.798529 -13.204957
7.753833 -14.058926
4.714246 -15.446548
2.837137 -18.228422
5.241497 -18.104616
8.461859 -12.069552
8.530619 -15.645085
8.159456 -9.863269
8.763367 -12.305283
9.077454 -10.117630
8.431027 -10.361265
10.426193 -4.206978
10.281302 -5.505279
8.969252 -8.176229
6.109355 -7.597871
7.416151 -2.635368
8.232339 -5.192353
7.943807 -4.224116
9.617212 -5.219021
15.774543 -1.512042
15.866903 -12.194350
16.429874 -11.611238
15.829622 -5.899702
16.912987 -12.230165
19.096085 -13.146186
18.469225 -12.628871
13.905726 -15.328558
12.818903 -16.484301
14.791273 -17.115730
13.858792 -13.373736
12.621928 -6.610716
13.880811 -3.194165
9.007797 -7.215563
5.642174 -8.142023
8.568403 -7.683205
7.925484 -9.729299
9.195045 -8.376880
6.899521 -7.937319
4.472881 -6.798747
2.399567 -8.253129
4.735932 -7.927129
6.653076 -7.938035
4.174307 -7.504200
2.434503 -9.477242
1.482062 -9.893085
4.951478 -14.414176
4.605090 -13.968177
2.381142 -14.097679
11.679187 -12.876336
13.432724 -6.343176
10.761243 -7.547434
9.376094 -10.211812
10.109249 -7.448360
12.207675 -6.056997
9.079231 -7.387586
9.534266 -7.124132
8.006957 -10.424019
7.737085 -13.945677
8.247402 -16.580086
2.431608 -13.007628
11.368340 -14.719186
2.169259 -10.889543
-0.327230 -9.245379
2.242735 -10.458806
7.451991 -7.449266
8.899723 -11.028211
8.191242 -10.661264
2.437484 -8.862449
2.000024 -9.124467
3.599659 -6.244120
0.580630 -7.593415
2.554836 -9.010736
0.321447 -10.342139
1.044211 -10.442424
-1.069070 -12.056437
3.031882 -14.865791
7.816748 -13.962852
8.776527 -13.594226
8.430321 -8.766501
9.756425 -5.527607
12.854962 -5.986861
12.235303 -6.913145
12.555244 -7.335269
7.297183 -7.293558
1.578387 -8.886284
4.793846 -7.362200
5.701382 -7.035897
8.067934 -9.837676
2.645014 -10.424546
6.892007 -13.735471
4.893633 -13.271308
1.209272 -10.057349
4.723990 -7.704955
2.674029 -10.306767
1.495843 -9.728070
1.908026 -7.602346
8.494772 -9.128824
7.880224 -9.506628
6.465311 -7.833729
5.561764 -7.059021
6.287318 -7.001005
1.190442 -11.114304
1.434090 -9.913108
2.168892 -8.223554
3.381990 -7.972087
3.486448 -7.562237
7.950359 -11.782839
9.015491 -7.322485
9.098387 -12.172532
11.015479 -15.308145
11.524946 -13.682995
13.960794 -15.101646
13.799313 -13.216187
12.693214 -15.011754
8.489721 -10.760320
9.011713 -8.272985
8.353475 -9.444184
9.161753 -10.388051
7.690288 -6.102272
5.678737 -4.955332
7.293435 -7.168868
2.572052 -9.791802
-2.376831 -15.850852
-0.567577 -13.748618
1.300852 -11.745742
1.491411 -10.289075
2.253192 -9.517268
2.064970 -12.293347
5.537381 -15.990365
8.731047 -12.787224
7.923007 -9.117661
8.448029 -7.336533
7.934233 -9.392768
15.579154 -12.988460
17.004559 -14.157164
4.541277 -13.334771
1.006338 -17.831779
0.674521 -10.890559
1.274078 -12.078101
2.411828 -10.780313
2.441889 -8.576556
2.440180 -6.546628
4.902309 -7.001777
6.547480 -6.873686
6.612532 -7.588359
7.071581 -7.173989
11.758872 -6.800117
8.317964 -8.143287
8.388807 -11.302986
9.133874 -10.800339
8.997058 -8.383798
2.945346 -5.514262
0.692883 -8.935978
0.214367 -9.487822
4.141976 -6.385068
7.237394 -8.104279
4.120389 -5.388078
2.303550 -8.556432
1.214902 -8.528308
2.831572 -7.932632
3.452759 -8.160720
5.730561 -8.147642
4.731557 -6.368279
1.742196 -7.928008
3.342598 -8.055682
5.250346 -6.617238
6.960443 -7.229352
6.230990 -7.975763
4.446493 -5.774450
3.967578 -3.279267
1.619840 -6.776969
0.841326 -10.269555
2.762958 -8.854882
2.319262 -10.561550
1.643902 -9.818419
1.036029 -9.130295
1.567319 -8.773755
4.551697 -6.019674
2.633128 -8.300798
2.997493 -7.487586
4.324722 -7.900946
3.724932 -6.536205
0.921828 -8.667062
-0.588661 -9.829536
0.014048 -9.396397
2.994170 -13.848774
1.611811 -12.515492
-0.146872 -10.361172
2.070442 -9.534482
1.206612 -10.227139
-0.297269 -9.093541
0.715112 -9.151231
3.313336 -7.902009
3.692111 -6.775246
7.912855 -6.160482
8.714396 -10.158811
7.311221 -15.484998
8.354031 -13.946202
8.852773 -10.190926
8.131821 -9.139574
7.375877 -6.545556
7.333604 -2.561330
1.704245 -8.843058
2.040472 -11.052149
1.750302 -5.083431
2.338924 -8.432199
1.601595 -7.440073
5.066456 -6.624286
4.680697 -7.849241
5.857535 -13.403551
8.901395 -13.192508
8.409670 -11.441192
9.074071 -10.853867
8.587090 -11.694562
6.201114 -19.475500
8.562008 -18.654146
12.529446 -13.644452
15.283644 -12.791885
15.389587 -10.864850
