7.963640 -5.504663
7.619672 -3.800132
8.117800 -4.262781
5.247001 -3.404884
6.373410 -0.414315
6.878909 0.636155
8.873954 2.815010
10.373854 2.116812
7.168244 3.051448
10.745274 1.713947
8.256758 2.519716
11.827728 2.289795
9.515134 3.235204
6.457834 0.270460
6.702847 0.383045
5.560752 -1.768565
7.049119 -0.357509
5.665041 -0.542847
6.683584 -1.537538
6.445067 -5.942401
9.690481 -5.981980
9.277025 -8.224584
5.493536 -7.133869
9.926757 -7.509696
12.304548 -5.434507
12.954408 -4.798313
15.748240 -4.005220
13.019092 2.923424
9.995597 1.613272
8.718411 1.470541
10.092433 2.807904
11.749741 2.179938
10.886984 3.634218
11.327332 3.608321
12.742245 2.539525
13.883291 -2.215708
12.869579 -1.982064
12.471465 -5.707649
9.024664 -7.429632
8.744317 -4.755555
8.371532 -4.131154
10.756947 -5.964332
11.462446 -3.930011
13.619183 -4.446535
13.092729 -3.645483
10.558838 1.393241
10.783049 1.919849
10.776653 1.594924
10.449290 1.459476
8.167794 2.621504
7.246436 1.782186
6.338625 0.384751
6.724467 1.141367
5.609272 0.392295
6.749806 -1.335529
6.891266 0.060712
6.746246 -0.493070
6.618118 -0.802549
5.880154 -1.894631
13.425524 1.112844
13.670038 1.404764
15.106327 1.306147
19.186367 -0.972323
16.121449 -0.545811
13.744808 -2.522156
13.999677 -2.538673
13.957930 0.756813
13.153837 -4.050422
12.793494 -3.498342
17.397863 -11.498588
15.185630 -18.406076
6.937155 -14.087637
6.518566 -14.548247
9.415659 -14.704339
9.229383 -7.129786
7.713488 -13.800494
4.563425 -13.628104
11.621513 -15.690223
19.179054 -14.126874
18.902065 -6.648983
13.517823 -4.460895
11.749266 -3.940513
9.598532 -5.717792
8.281742 -6.229508
6.233249 -4.617873
13.544723 -5.012868
8.329382 -5.369096
7.233046 -3.714302
13.915099 -6.498869
13.342253 -2.068352
12.631257 -0.772519
13.807934 0.788111
12.304289 3.615453
14.456220 -1.230690
14.409164 -4.788569
10.155673 -6.074219
9.971357 -5.072794
9.883394 -7.050993
14.568777 -4.852190
7.083587 -5.060064
3.964015 -4.005899
6.843960 -0.636182
6.335160 -1.339444
7.498683 -2.253211
6.513520 -0.847351
7.487880 0.535755
6.810167 0.466230
7.306148 0.382044
8.344104 2.713125
9.063057 2.524246
10.840151 1.783042
9.711020 1.489546
12.148261 -3.771210
6.967129 -6.039273
10.482183 -4.039194
13.617146 -5.741807
12.054645 -4.150160
6.612930 -3.836994
7.434049 0.268858
5.380891 1.132687
5.775424 1.433517
9.264578 1.942009
14.030302 2.081567
10.586845 3.507006
8.738789 3.466728
11.299803 3.053734
11.954703 3.042214
11.151090 3.754150
9.590730 2.774529
8.999667 3.772995
6.007743 1.118238
7.303113 2.027282
9.518791 1.600510
4.628884 1.445897
5.793571 0.938614
5.219599 0.146729
5.815680 1.149849
6.992331 -0.314079
8.617120 -5.497492
7.275901 -4.460036
10.740615 -5.019667
9.282110 -6.100917
10.469483 -4.675612
13.091147 -2.753276
12.796814 -2.634449
11.082579 -4.315114
4.049526 -3.463149
2.195597 -9.602502
1.961025 -12.744880
-1.368461 -14.051972
2.704473 -9.135260
2.823677 -7.458946
4.228633 -4.603420
7.506789 -8.051808
10.424126 -4.397751
11.235178 -4.157012
8.145986 -3.847794
11.269660 -3.980069
8.827156 -3.798762
12.340481 -3.814517
8.768744 -3.755981
7.163500 -4.603128
12.143845 -4.918870
14.784184 -2.951974
13.902609 -4.018801
16.733137 0.356042
13.907455 1.880799
9.685055 2.114542
9.775996 2.462991
8.146913 2.361071
9.813936 2.060059
7.542289 2.059134
5.398152 -1.029654
4.491091 0.840066
6.788719 1.290958
8.436651 2.250404
7.025975 0.813430
7.362769 -0.165842
6.724461 -0.755474
6.197025 2.838313
10.785400 1.768051
19.279831 -0.405171
14.182309 -2.756509
12.546138 -0.577644
13.286232 -0.914296
13.543018 -5.588984
8.958724 -6.799584
7.499662 -5.643956
10.381741 -5.380862
10.635674 -5.055343
7.608643 -6.742549
6.060261 -1.723900
4.180290 0.021339
6.808966 -0.909504
7.519796 -5.888278
9.868914 -4.169214
14.889471 -3.876101
12.901689 -1.359854
12.932463 -2.323359
13.064240 -2.033206
12.561290 0.430323
14.339532 -0.920983
8.315335 -3.879354
6.371761 0.022308
8.524894 1.912638
10.048379 2.639778
10.437490 1.451921
8.669224 1.720577
7.432487 0.304528
6.698287 -1.069665
7.145719 -3.919378
7.012656 -8.009616
8.978027 -10.862131
9.272703 -9.017694
10.381128 -7.718432
11.207031 -5.478975
11.709837 -4.201596
13.083724 1.064761
12.699353 -1.112250
12.980608 2.413398
12.562703 -1.698167
6.323255 -5.908370
7.027808 -4.010330
6.581476 -1.635966
10.474645 1.307965
7.740549 2.595943
4.954852 0.072319
9.641191 1.826609
11.006927 -6.152558
9.965589 -6.952401
7.361553 -3.588576
4.041532 -2.376791
4.809107 -3.183986
6.148854 -4.986751
7.892299 -3.745745
6.447119 -4.118749
7.113503 -2.127650
6.808045 -2.120285
5.240036 -3.271778
6.683151 -0.684059
6.971180 0.156688
6.180070 -3.215358
7.131498 -1.871281
6.265084 0.403109
7.209558 -0.141957
7.470470 1.299630
9.179540 1.977106
8.616671 1.826609
7.699339 2.269014
6.655965 -2.518778
5.782024 -1.124084
5.820630 0.176857
6.514573 0.360044
4.800819 -2.411155
6.196518 -3.711679
10.443415 -4.566074
9.422741 -5.071165
14.661705 -4.890026
13.081111 0.798588
11.448442 3.486625
9.756374 3.204720
7.867951 3.469804
8.249961 2.113450
7.843443 3.331103
6.860912 1.722159
5.294621 0.146227
6.548194 1.766069
6.565279 2.227077
9.186833 2.777454
12.796061 2.731488
11.508292 1.377893
13.783272 -0.757530
12.818657 -4.997031
10.700278 -5.339298
11.321962 -6.720273
7.805379 -4.775910
6.506666 -0.984716
6.968976 -2.735930
4.281217 -1.253119
6.738203 -1.407223
7.220124 0.834124
10.148819 1.290154
10.051621 1.390456
8.538082 4.821404
8.697577 1.704789
12.204892 2.710636
9.360923 1.853997
10.634371 2.116555
10.530109 3.005351
9.099305 3.711687
9.384994 5.432395
9.239567 8.000029
9.321529 8.991060
9.280165 6.387810
8.176290 6.457428
9.167183 4.207415
9.274517 3.774126
5.932239 2.251332
12.296867 2.840029
14.656681 1.161082
15.770654 6.744099
17.730122 3.018737
13.600451 0.427020
13.631486 0.333993
16.192677 0.631973
9.932974 3.223480
7.878177 5.245741
5.759051 7.723636
10.314773 10.284617
9.113559 9.984971
8.309599 17.104670
