8.426043 16.810404
4.305653 15.247801
4.729243 5.151715
2.574167 5.187601
1.089885 5.719450
0.259582 3.976406
1.777015 5.621908
0.100280 4.308865
-2.056591 7.876472
-2.470942 7.967194
-0.846646 10.407454
-0.743081 11.004655
-1.620314 9.556819
-3.417574 9.864552
-4.207345 13.300640
-2.890381 10.459609
-2.707195 8.590539
-2.009776 7.488257
-3.584956 6.511300
-2.185642 8.297896
-3.348668 11.682061
-3.144079 8.470025
-3.651698 9.266026
-2.282883 8.341882
-3.812936 11.478099
-5.342052 12.877692
-8.505867 15.738359
