19.506723 0.494513
12.694200 -0.778185
11.520683 1.859216
11.494097 1.905431
11.519571 1.858325
11.492343 1.903974
11.516542 1.855991
11.487554 1.900188
11.508284 1.849981
11.474481 1.890572
11.485768 1.834803
11.438348 1.866515
11.424099 1.798585
11.339120 1.811064
11.254022 1.718868
11.062498 1.701739
10.779154 1.571702
10.240479 1.528443
9.554249 1.487074
9.102894 1.349704
8.453524 1.310261
8.239040 1.409783
7.983577 1.412073
7.214607 1.290493
7.166316 1.103015
7.139448 0.711965
5.769665 0.218045
4.821784 -0.532219
3.634148 -1.409025
-3.196007 -7.331577
-5.129454 -8.956957
-7.817488 -11.725110
-9.457247 -12.305400
-10.072536 -11.646916
-10.490300 -11.282302
-11.409456 -12.083867
-11.416225 -11.419051
-11.410561 -11.137660
-12.077740 -12.017796
-11.865725 -11.361796
-11.718430 -11.108615
-12.299891 -12.009912
-12.008649 -11.354536
-11.817754 -11.108276
-12.370409 -12.014237
-12.054361 -11.356592
-11.850180 -11.110984
-12.393717 -12.017612
-12.069654 -11.358452
-11.861212 -11.112627
-12.401709 -12.019288
-12.074941 -11.359413
-11.865063 -11.113399
-12.404510 -12.020024
-12.076805 -11.359843
-11.866425 -11.113730
-12.405502 -12.020329
-12.077469 -11.360023
-11.866915 -11.113866
-12.405866 -12.020451
-12.077715 -11.360095
-11.867096 -11.113921
-15.729212 -19.183605
