-16.138481 -18.645935
-11.341784 -10.311749
-11.309427 -10.247655
-11.343968 -10.312516
-11.312538 -10.248768
-11.348470 -10.314401
-11.318893 -10.251560
-11.357578 -10.319100
-11.331627 -10.258668
-11.375477 -10.330937
-11.356226 -10.276872
-11.409158 -10.361186
-11.401194 -10.324189
-11.467937 -10.439660
-11.474949 -10.448911
-11.555584 -10.645843
-11.570936 -10.778045
-11.631861 -11.193967
-11.589014 -11.629951
-11.123348 -10.934251
-11.533929 -12.554243
-8.702149 -10.887083
-6.309635 -8.248371
9.331446 2.521244
12.097069 3.639953
17.689447 5.320876
