-14.446553 1.263356
-7.875572 6.529844
-7.933212 6.463033
-7.882277 6.522057
-7.939863 6.455058
-7.889432 6.513630
-7.946962 6.446457
-7.896748 6.505019
-7.954269 6.437601
-7.904633 6.495759
-7.846481 6.562410
-7.913351 6.485511
-7.855404 6.552231
-7.922591 6.474643
-7.864894 6.541336
-7.932818 6.462619
-7.875264 6.529469
-7.948923 6.450398
-7.890788 6.517276
-7.875706 6.788043
-7.794516 6.834104
-7.893648 7.837792
-7.768680 7.806275
-7.898840 7.934511
-7.768500 7.864570
-7.899788 7.940023
-7.768995 7.867883
-7.899961 7.940331
-7.769110 7.868064
-7.899992 7.940348
-7.769131 7.868072
-7.899996 7.940348
-7.769135 7.868073
-7.899997 7.940349
-7.769135 7.868073
-7.899997 7.940349
-7.769135 7.868073
-7.899997 7.940349
-7.769135 7.868073
-9.385851 9.115235
-9.408194 11.147545
-9.628021 18.729288
