16.059790 0.736189
12.626307 1.945029
9.471080 1.273418
9.519966 1.432137
9.407697 1.432798
9.351528 1.276983
9.378607 1.390230
9.435733 1.531816
9.407123 1.460582
9.350155 1.309548
9.380569 1.398726
9.437744 1.539510
9.407933 1.462548
9.350973 1.311870
9.380809 1.399336
9.437984 1.540067
9.408000 1.462686
9.351041 1.312034
9.380826 1.399378
9.438000 1.540106
9.408005 1.462695
9.351046 1.312045
8.350183 -5.865892
7.316051 -7.072287
6.852845 -7.575970
6.014561 -8.238219
4.753988 -9.897214
2.855323 -13.367700
