12.996716 7.849719
9.798315 5.814085
-10.102921 -9.196855
-11.196617 -9.913159
-12.999233 -11.021171
-13.436296 -11.283403
-13.973347 -11.699205
-14.066236 -11.751851
-14.274324 -11.940761
-14.252991 -11.910255
-14.364969 -12.020707
-14.308339 -11.961779
-14.392156 -12.046421
-14.324882 -11.978252
-14.400346 -12.054568
-14.329885 -11.983455
-14.402834 -12.057128
-14.331409 -11.985085
-14.403595 -12.057931
-14.331877 -11.985596
-14.403829 -12.058179
-14.332020 -11.985753
-14.403900 -12.058255
-16.843512 -15.529608
