-16.392424 -2.834368
-14.910110 -0.246208
-10.823336 1.138813
-8.216702 5.193438
-8.351917 7.284437
-5.101181 7.517606
-1.700728 6.334078
-3.150892 7.177473
-3.706363 6.459910
-5.259238 7.596347
-2.386568 7.399368
-3.856820 6.564972
-2.639959 7.194444
-1.754841 4.903675
-2.351465 6.861878
-1.562690 4.552724
-0.165542 3.817403
0.005861 3.046120
-0.081003 4.163871
2.115860 5.132921
1.589476 5.636776
2.039115 4.560797
1.643641 4.810602
2.697633 4.730087
0.292458 4.034758
1.027851 4.866513
2.421689 3.566651
2.887026 3.627423
3.540565 4.745246
4.749051 4.605203
5.124840 9.180725
5.825138 12.733649
