-15.193505 19.683859
-11.520494 10.561950
-10.146635 9.790810
-7.627237 9.023383
-6.248151 7.259400
-6.685215 6.953097
-8.349022 6.618846
-7.644608 4.289085
-9.354286 2.887222
-8.795209 1.105130
-7.609299 0.894301
-7.817698 1.675225
-9.556936 3.519532
-7.714320 4.557833
-6.114855 8.361503
-4.987387 8.844031
-6.829971 6.398106
-6.768695 6.440364
-5.336022 8.718152
-3.805356 6.694320
-3.396492 6.696053
-3.530101 7.345684
-3.816255 6.862615
0.046848 5.313052
-2.297979 5.719670
-1.104044 2.038474
-2.205975 -0.725823
-3.518318 0.918332
-2.229239 -0.141236
-4.454920 0.504207
-4.758436 0.189624
-6.318641 1.185844
-3.833274 0.554409
-4.318443 0.693941
-1.995776 1.038537
-1.718478 1.669340
-2.469069 3.739596
-2.177489 3.051551
-1.967981 2.110040
-2.191730 3.512333
-1.391915 6.494977
-0.895060 4.841914
-2.373695 2.869690
-8.088060 5.722706
-8.522317 5.925481
-8.995117 4.810063
-7.825402 6.627298
-5.971704 7.061985
-3.240448 6.734645
-1.864343 8.052339
-2.345766 5.408464
-2.475614 2.094956
-2.320601 1.397943
-0.963979 4.836103
-1.139143 3.273452
-1.928165 2.247653
0.994797 3.588986
0.041095 2.870193
0.412781 4.153611
-1.874296 2.037643
-2.078742 2.034857
-2.618538 0.118358
-4.905843 0.356175
-3.751006 -0.250046
-3.054487 0.965241
-3.802304 0.666556
-3.409188 0.212986
-6.248144 0.449488
-6.548661 0.477886
-3.140299 -1.803549
-5.542775 1.229884
-4.890157 0.850162
-5.233166 -0.821310
-4.296199 0.806677
-1.579503 0.382868
-0.444505 0.137361
-8.014375 4.784759
-7.876504 5.024223
-4.212530 0.118709
-5.899804 0.841074
-5.693125 0.598352
-8.155723 1.551103
-7.102803 -1.551607
-3.944701 0.261565
-5.222839 6.590320
-6.035878 7.132533
-5.693475 6.452726
-8.036788 6.153760
-9.892920 6.208987
-8.778137 6.192627
-8.377504 4.060532
-9.248547 3.210469
-9.188647 2.114083
-9.425202 3.636760
-7.556967 4.506346
-7.519854 2.184099
-7.625783 -0.261071
-6.343350 0.913528
-3.829854 -0.494174
-5.525542 -2.143886
-6.000411 1.034240
-2.932120 -0.585413
-2.879159 0.579762
-2.309049 0.962121
-1.398506 2.148038
-1.004630 0.780875
-5.622921 1.096226
-4.780531 -1.767907
-6.369165 0.644712
-4.703305 -0.348048
-2.685612 -0.218909
-8.905376 1.242928
-0.016734 0.531941
-2.061976 0.140773
-1.343680 -1.334955
-0.317725 -2.709424
2.028335 -4.779706
2.520249 -9.898615
6.673311 -11.916080
13.966985 -16.128820
