5.569273 -14.629854
1.411166 -8.614745
-0.641013 -7.924072
-2.975956 -6.260005
-4.985666 0.497080
-1.234420 1.269741
-2.179860 2.701994
-2.409117 5.476414
-2.280452 6.911181
-3.266524 6.334585
-2.999287 7.229161
-2.864277 7.760702
-5.584907 6.365972
-3.836691 7.134112
-4.649369 7.337707
-5.627752 7.616972
-4.650249 7.584282
-5.903496 6.725438
-6.558446 6.748829
-5.428802 6.622031
-5.696735 7.707587
-6.501568 8.877440
-7.416355 9.426899
-3.867841 6.460163
-1.951477 7.425641
-2.426176 6.033879
-1.873338 4.972829
-1.648212 2.442493
-2.108218 3.150345
-1.837098 2.998410
-2.195690 3.331306
-0.870187 -0.257835
-2.291251 -0.293254
-2.013836 2.370726
-1.993726 2.185862
-2.046582 2.783467
-2.579670 0.966998
-1.184563 2.236022
-0.360170 1.360231
-6.069378 0.792669
-3.093301 1.297771
-4.292669 1.137624
-2.997535 1.036561
-3.514293 -0.345064
-0.275851 3.732181
-1.388212 6.261520
-4.423780 7.137147
-5.455545 6.768079
-6.186829 7.063784
-7.306621 8.346036
-8.650862 8.190346
-14.674841 14.089403
