15.814486 -18.063101
14.401179 -12.767319
14.271667 -17.938660
6.950593 -11.883357
9.414177 -14.189052
10.058946 -13.685043
10.370941 -14.005952
12.741764 -17.920401
8.228588 -16.340450
9.276492 -11.380990
6.484461 -8.654177
3.104989 -9.213159
6.008309 -2.281209
6.129128 -3.579875
4.301258 -8.013349
9.169671 -7.888426
8.952076 -8.749448
8.081978 -9.757548
9.036934 -12.338448
8.856208 -12.650775
4.719705 -8.565290
11.172077 -15.248717
14.143246 -15.977973
10.888841 -13.600301
6.246177 -11.746369
9.382660 -8.444124
4.581753 -10.306929
7.189826 -10.652879
6.927880 -10.204184
8.927507 -9.767318
11.501915 -7.816390
11.957200 -6.941956
12.817907 -6.533604
11.559015 -7.321958
12.105328 -4.070272
15.587868 -8.301905
11.239523 -5.786841
11.507645 -7.184900
14.273786 -13.122952
16.269890 -9.738711
15.064137 -2.262615
10.487602 1.422554
9.917622 -0.376378
9.296571 -1.430097
9.070831 0.779137
7.647392 1.458455
5.559422 -4.207863
4.825868 -7.257551
3.934139 -6.747043
9.358184 -12.279803
18.014336 -12.260708
15.852015 -14.680621
11.774671 -14.255432
10.523843 -14.824155
7.339590 -11.168555
6.894724 -7.927651
7.038081 -8.945596
8.861588 -8.568542
7.090224 -8.164743
3.641803 -7.493601
11.390833 -5.321737
14.422639 -5.531913
14.505491 -4.662383
11.060266 -2.483345
10.980918 -1.011516
11.844206 -6.728502
7.481458 -9.477919
7.483229 -10.911300
6.259103 -9.861795
5.933490 -10.606820
5.342875 -9.584442
6.726169 -9.931975
8.484507 -11.100168
7.027433 -9.174120
7.539337 -7.857431
6.445585 -8.967435
5.609237 -6.573202
6.082955 -3.970101
4.288058 -6.913346
9.111011 -12.789176
9.162235 -8.354568
7.303471 -8.700738
7.423255 -9.363717
9.334237 -7.929514
7.598422 -10.012588
8.745549 -9.795943
6.488871 -8.007045
6.593225 -8.330823
5.319323 -9.341653
3.562606 -3.675962
6.132544 -4.891672
3.123888 -5.553691
6.909759 -1.006530
6.755393 -1.151981
15.702319 2.248855
15.851525 -9.565862
15.584320 -9.073530
14.982914 -11.958428
14.618856 -10.197644
15.398619 -13.221928
14.917536 -4.204050
11.178854 -5.710228
11.376028 -3.456072
14.156630 -5.662832
12.637117 -4.148606
12.256994 -7.132905
12.777145 -5.174745
11.925608 -4.777999
17.338802 -9.102860
16.168995 -10.035841
13.353855 -14.964005
12.773154 -14.768275
6.804823 -11.772731
6.309345 -9.454522
8.704556 -11.060272
9.365371 -8.147697
7.677698 -9.357104
7.549987 -10.786078
8.450172 -9.839763
9.195461 -12.445247
7.876076 -14.115673
9.651922 -12.908629
12.183598 -14.861596
14.406065 -13.105651
11.311223 -13.880595
19.656727 -13.618932
10.875664 -14.214973
13.745624 -15.063276
17.118771 -10.178271
15.214995 -9.262577
16.889072 -8.334331
18.042105 -11.258538
9.276987 -15.204123
9.377983 -14.722585
11.699991 -13.449045
6.757139 -13.845504
10.003820 -14.518114
13.796306 -13.178707
11.649445 -12.911159
9.612343 -13.700925
8.545517 -11.180133
9.199448 -10.387191
9.140684 -10.092917
9.014870 -8.617087
3.922046 -9.086739
2.158378 -6.257105
5.152997 -0.846637
10.666495 2.995067
11.932030 1.194495
