11.470984 1.683018
9.317060 4.458048
6.506186 2.738175
4.172254 1.935256
-0.246515 2.521048
-2.122383 3.767885
-2.116670 4.395060
-2.421178 4.633654
-1.513232 3.054542
-2.434045 5.975687
-1.946715 5.971942
-0.783072 6.720820
-4.369952 7.241542
-5.966085 7.672505
-3.098852 7.531914
-5.242410 6.547295
-3.425627 7.257479
-2.797957 7.459472
-3.804338 6.984459
-5.276339 7.219008
-5.725707 7.236495
-6.052498 6.403772
-5.643423 7.667434
-6.245535 8.670686
-4.027239 6.851469
-7.213683 6.710289
-7.640635 6.515550
-9.186516 3.840930
-11.943220 3.828741
