-2.318959 -14.722553
-0.730774 -10.998782
-0.098090 -9.021279
1.312623 -9.812395
0.420291 -6.117761
7.295348 -1.763448
13.135609 0.436742
13.293112 1.364250
13.719172 0.845303
14.681653 3.589891
14.040875 2.852135
12.229254 -2.485349
12.685276 2.408209
11.181583 1.806418
9.378807 4.414010
8.745857 3.900532
8.859856 3.680167
11.083165 2.601026
10.463590 2.693551
12.368398 3.473047
11.711248 -0.400776
11.466341 3.133139
13.059853 2.599440
11.172464 2.073619
9.712646 2.576938
11.439007 3.632876
11.630349 2.722637
11.372391 3.261786
9.277933 3.430869
9.618294 3.560645
8.256993 4.053690
8.227441 4.045562
10.400672 3.304002
12.825282 3.259571
12.404929 3.227690
10.549236 3.047870
7.097946 4.905798
7.331568 5.092031
7.671576 2.477854
6.006021 4.510296
9.307860 4.392543
8.636974 4.077583
9.764044 2.547692
10.404807 2.854439
11.490615 2.347173
10.049946 1.005784
9.631364 5.185344
10.652041 2.557984
7.370164 3.394686
10.401958 3.403194
10.001882 2.863242
12.374771 2.476907
12.081976 1.965005
10.946623 2.701017
9.588662 2.205527
11.419052 2.101263
12.978103 9.186332
14.407856 11.514938
15.131090 9.681655
15.505412 6.983714
16.430140 10.158316
