-8.864211 -9.665319
-10.417004 -9.790265
-13.482856 -10.543237
-14.036733 -10.624253
-14.941589 -11.039529
-15.043027 -11.065204
-15.380831 -11.309449
-15.312540 -11.273655
-15.502809 -11.425639
-15.389165 -11.355618
-15.538483 -11.468833
-15.411878 -11.384587
-15.549381 -11.483577
-15.419010 -11.394069
-15.552826 -11.488402
-15.421274 -11.397159
-15.553926 -11.489970
-15.421999 -11.398161
-15.554276 -11.490478
-15.422230 -11.398484
-15.554388 -11.490642
-15.422304 -11.398587
-15.554425 -11.490693
-18.848833 -14.417250
