-4.897971 -17.334900
-8.718917 -15.053888
-10.106356 -13.206105
-11.029425 -12.248038
-12.212193 -11.456172
-12.324982 -11.145735
-13.044526 -11.587670
-12.720375 -11.047239
-12.631382 -10.909554
-13.224436 -11.474149
-12.831647 -10.978193
-12.703952 -10.869103
-13.269084 -11.457299
-12.861216 -10.967233
-12.723967 -10.862880
-13.282033 -11.455934
-12.870041 -10.966283
-12.730131 -10.862473
-13.286221 -11.456527
-12.872965 -10.966644
-12.732218 -10.862773
-13.287694 -11.457025
-12.874009 -10.966960
-12.732975 -10.862999
-13.288244 -11.457282
-12.874407 -10.967124
-12.733266 -10.863114
-13.288460 -11.457402
-12.874562 -10.967200
-12.733379 -10.863168
-13.288545 -11.457454
-12.874624 -10.967235
-12.733426 -10.863192
-18.630379 -18.773439
