-4.894033 -5.418776
-4.216293 -3.238693
-4.319288 -0.976734
-4.569254 -0.945193
-4.564335 -0.823285
-4.317163 -0.875812
-4.152680 -0.890544
-4.404105 -0.852471
-4.294998 -0.874220
-4.543800 -0.822191
-4.558288 -0.823693
-4.311142 -0.875860
-4.143869 -0.891090
-4.395117 -0.854172
-4.279760 -0.876143
-4.528889 -0.825670
-4.525548 -0.831587
-4.277955 -0.880269
-4.592099 -0.805200
-4.345540 -0.862171
-4.198892 -0.886248
-4.450253 -0.843217
-8.893291 1.142328
-9.073010 1.390937
-9.371210 1.899331
-10.867182 3.204545
-14.702845 5.560845
