16.220110 -11.970266
9.276258 -10.516147
9.356379 -10.531772
9.276258 -10.516147
9.356379 -10.531772
9.276258 -10.516146
9.356379 -10.531772
9.276258 -10.516146
9.356377 -10.531772
9.276251 -10.516142
9.356369 -10.531768
9.276202 -10.516110
9.356312 -10.531729
9.275861 -10.515855
9.355907 -10.531419
9.273731 -10.513604
9.353412 -10.528673
9.264259 -10.491893
9.342846 -10.501890
9.300374 -10.262168
9.294989 -10.168401
9.142021 -9.853734
7.761526 -9.028858
5.589712 -8.366945
3.333037 -7.207577
-3.009835 -0.706835
-4.071296 -0.013008
-4.245743 -0.490729
-4.042669 -0.575163
-4.578514 -0.298842
-4.555216 -0.345490
-4.455402 -0.490464
-4.246067 -0.580270
-4.278150 -0.524673
-4.074336 -0.598799
-4.591813 -0.299364
-4.566602 -0.345315
-4.461264 -0.489866
-4.251854 -0.579971
-4.280972 -0.524342
-4.077013 -0.598633
-4.593122 -0.299083
-4.567723 -0.345126
-4.461854 -0.489794
-4.252436 -0.579933
-4.281256 -0.524307
-4.077283 -0.598615
-6.411025 1.413811
-7.749493 3.025042
-9.749303 4.323262
-14.262250 6.200853
