-19.344246 -14.909459
-15.982052 -11.905727
-15.979425 -11.901899
-15.973961 -11.894494
-15.962482 -11.880311
-15.938171 -11.853673
-15.886082 -11.805047
-15.772837 -11.718717
-15.522123 -11.575392
-14.952949 -11.355830
-13.585320 -11.082598
-10.003859 -10.854548
-5.752773 -9.847863
7.096054 -10.149524
9.249695 -10.462955
9.328327 -10.466790
9.232599 -10.471957
9.306576 -10.478334
9.232059 -10.472302
9.305901 -10.478778
9.232044 -10.472318
9.305882 -10.478796
9.232042 -10.472316
9.305881 -10.478795
9.232044 -10.472316
9.305880 -10.478794
9.232044 -10.472316
9.305882 -10.478795
9.232042 -10.472316
9.305881 -10.478795
9.232044 -10.472316
9.305880 -10.478794
9.232044 -10.472316
9.305882 -10.478795
18.094715 -11.109161
