2.910798 -10.827771
5.862651 -11.427142
8.267519 -11.401830
9.328693 -11.452161
9.250253 -10.604762
9.321162 -10.642789
9.381840 -10.658879
9.300610 -10.618827
9.379935 -10.657843
9.299025 -10.617975
9.379820 -10.657800
9.298929 -10.617939
9.379812 -10.657798
9.298923 -10.617938
9.379812 -10.657798
9.298923 -10.617938
9.379812 -10.657798
9.298923 -10.617938
9.379812 -10.657798
9.298923 -10.617938
9.379812 -10.657798
9.298923 -10.617938
9.379812 -10.657798
9.298923 -10.617938
18.433550 -15.118809
