-7.911359 -10.071460
-9.015748 -11.222808
-10.269053 -13.042719
-10.852364 -13.416276
-11.264879 -14.017125
-11.516191 -14.031985
-11.085018 -12.817556
-10.847890 -12.334895
-11.175617 -12.891713
-11.394709 -13.783850
-11.122780 -12.705271
-10.867567 -12.257155
-11.183258 -12.834765
-11.395737 -13.758435
-11.121484 -12.694036
-10.865695 -12.249385
-11.181594 -12.829257
-11.394635 -13.755968
-11.120871 -12.693038
-10.865156 -12.248691
-11.181213 -12.828782
-11.394423 -13.755754
-11.120770 -12.692960
-10.865076 -12.248635
-13.202555 -18.534451
