17.373789 -4.357529
12.538844 -7.387705
9.311961 -10.024506
9.215366 -10.117718
9.281894 -9.996684
9.193418 -10.093266
9.309982 -9.992625
9.224486 -10.083237
11.731288 -7.775240
11.990435 -7.667130
12.538905 -7.387665
9.222256 -10.127090
9.293313 -10.058085
9.311985 -10.024487
9.215384 -10.117704
9.282146 -9.996467
9.193619 -10.093105
9.310336 -9.992410
9.224766 -10.083072
9.313480 -9.991755
9.227136 -10.082646
9.313733 -9.991732
9.227327 -10.082634
9.313755 -9.991732
9.227344 -10.082634
11.734052 -7.773900
11.994241 -7.665174
12.544941 -7.385821
9.223156 -10.126679
9.294411 -10.057584
9.314557 -10.023278
9.217472 -10.116817
9.306266 -9.981235
9.212808 -10.081429
9.347691 -9.978840
9.254845 -10.073009
9.352523 -9.978120
9.258481 -10.072585
9.352954 -9.978083
9.258806 -10.072567
9.352992 -9.978082
9.258837 -10.072568
9.352997 -9.978080
9.258839 -10.072566
9.352997 -9.978080
9.258839 -10.072566
9.352997 -9.978080
9.258839 -10.072566
11.983519 -7.704359
12.333148 -7.550885
13.090107 -7.311370
13.784806 -7.028752
15.291882 -6.988450
16.094267 -7.683472
