-16.954525 -6.610140
-13.983684 -4.369818
-13.028868 -3.912019
-9.029923 -8.201410
-9.123309 -8.124668
-9.029926 -8.201409
-9.123312 -8.124666
-9.029938 -8.201403
-9.123327 -8.124658
-9.029982 -8.201378
-9.123382 -8.124627
-9.030153 -8.201282
-9.123600 -8.124503
-9.030834 -8.200897
-9.124456 -8.124012
-9.033507 -8.199397
-9.127822 -8.122096
-9.044022 -8.193498
-9.141052 -8.114452
-9.084766 -8.172467
-9.191040 -8.087798
-9.245470 -8.129504
-9.115334 -8.228480
-9.056149 -8.225272
-9.174273 -8.122626
-9.103539 -8.190481
-9.232825 -8.077834
-9.139133 -8.164142
-9.274216 -8.046207
-9.163885 -8.145539
-9.302537 -8.024189
-9.179517 -8.133898
-9.061653 -8.231830
-9.286810 -8.019357
-9.152894 -8.137868
-9.091911 -8.198844
-9.218575 -8.088658
-9.129978 -8.170949
-9.263628 -8.054364
-9.158298 -8.149730
-9.296060 -8.029240
-12.511402 -2.997151
-11.972757 -2.318652
-10.291674 0.179729
-9.851089 1.024887
-9.310787 1.372341
-8.426100 2.135912
-6.473257 4.047359
-4.998857 5.474247
-3.594585 6.920233
