2.451632 -0.430190
-0.548482 -0.058995
-2.256606 0.006608
-3.550322 -0.088847
-4.148695 -0.249076
-4.595299 -0.245299
-4.494687 -0.719285
-4.250984 -0.784429
-4.173435 -0.772029
-4.441078 -0.701030
-4.312152 -0.760992
-4.575447 -0.674880
-4.419147 -0.744594
-4.173664 -0.799165
-4.124255 -0.773542
-4.392026 -0.707563
-4.275732 -0.764866
-4.539896 -0.682276
-4.390182 -0.749211
-4.144361 -0.800778
-4.593327 -0.631153
-4.373738 -0.709879
-4.262846 -0.765754
-4.527558 -0.684605
-4.380305 -0.750757
-4.134679 -0.801416
-7.547066 1.544470
-9.453081 2.155554
-13.153853 2.498671
