-8.317941 -17.493019
-6.237219 -10.534469
-7.794633 -8.462526
-4.913854 -6.436931
-4.474024 -5.585263
-6.953299 -4.930345
-6.073069 -7.538520
-6.898564 -4.243909
-7.155201 -4.367258
-7.815989 -4.720346
-3.784117 -4.484611
-2.919350 -2.766886
-5.073270 -4.833368
-6.589391 -5.079694
-4.958055 -5.013667
-1.901096 -1.786684
-4.314216 -2.083017
-3.668559 -1.249892
-4.053916 -1.811685
-3.517458 -2.022477
-4.050757 -2.253737
-3.640719 0.152492
-2.465400 1.769791
-2.240808 -0.119429
-4.213209 0.787883
-1.264912 0.296207
-2.046851 2.275896
-3.009372 1.035651
-4.028427 -2.634826
-4.989962 -6.399341
-7.285796 -6.446861
-7.357649 -6.340177
-6.210766 -4.677939
-7.387917 -5.452832
-7.522262 -6.219885
-8.025032 -9.072337
-10.602838 -9.195867
-4.008244 -6.397371
-9.905736 -8.891831
-9.390966 -9.198680
-7.629501 -7.844461
-7.539748 -7.233259
-7.214520 -4.770883
-13.174540 -4.752038
-12.945045 -0.114419
-9.680374 -8.978024
-10.116151 -8.505759
-10.712420 -10.070045
-10.545248 -1.864534
-5.616283 -7.199381
-7.970345 -8.891057
-7.398137 -7.577861
-6.755645 -9.115977
-9.820404 -8.294026
-9.773351 -9.131424
-4.631008 -8.729087
-7.280070 -8.243203
-14.536347 -5.802914
-10.618298 -2.661613
-13.597037 -3.321160
-13.567298 -6.121893
-8.729519 -8.326148
-10.500607 -9.606968
-10.877304 -8.237330
-6.076698 -7.504173
-7.671420 -9.413112
-7.833506 -7.703811
-6.858078 -5.104596
-6.811470 -5.127096
-5.543338 -6.408934
-3.894443 -3.044605
-4.611553 -5.093085
-7.664008 -6.284688
-5.750700 -5.525748
-7.932050 -9.676050
-9.334076 -8.208836
-13.360779 -1.583018
-10.373747 -1.134578
-12.459803 -8.107396
-7.842696 -8.511919
-10.862735 -9.291401
-11.983238 -9.679047
-6.338429 -7.943126
-13.063968 -8.316716
-14.760921 -7.200593
-12.602106 0.720121
-9.977491 -2.432632
-11.296017 -8.581441
-13.815452 -7.742697
-12.922431 -9.174539
-11.231864 -8.076319
-13.619272 -4.894561
-15.484850 -7.937175
-9.649949 -8.762172
-7.295316 -8.144547
-11.637915 -8.599958
-11.056053 -9.059100
-13.743958 -4.233194
-13.502359 -3.946790
-11.860603 -0.569949
-10.538664 -2.066421
-6.604224 -5.926753
-8.093253 -8.134685
-9.297023 -8.449550
-9.137561 -8.097928
-10.851904 -10.283635
-7.139277 -10.117068
-6.692888 -8.085686
-7.636070 -10.904845
-7.501143 -8.531814
-11.308427 -8.104280
-12.986520 -6.578453
-7.450041 -8.404016
-6.941670 -6.113656
-6.955173 -5.927969
-6.376278 -4.896482
-13.351432 -0.784200
-12.520152 -0.976711
-10.177717 2.769096
-9.595209 6.521018
-10.697334 8.110326
-8.841366 3.641428
-10.857944 0.425806
-9.729755 1.364642
-10.892857 0.367842
-8.912993 3.565971
-8.719268 2.083479
-9.232455 2.549330
-8.422730 2.833813
-10.944966 0.140187
-16.784517 -5.110516
-16.059755 -8.574600
-12.929784 -2.898428
-14.998664 -5.611978
-12.896894 -9.810164
-6.591666 -8.461004
-7.194053 -7.186131
-7.466884 -4.494362
-5.512807 -7.537439
-7.536474 -7.759003
-10.555954 -8.334441
-7.665944 -10.997706
-6.976817 -5.255055
-7.654022 -5.998772
-6.884799 -6.296364
-5.282424 -4.193141
-7.435301 -7.279798
-5.761823 -6.187807
-6.660357 -6.327803
-6.404633 -4.472716
-4.012609 -0.755142
-4.224332 -2.573355
-3.615509 -1.660037
-3.826706 -1.897434
-3.808499 -2.681523
-4.269380 -3.650541
-3.956277 -1.841929
-3.122566 -2.785629
-2.765035 -2.229305
-3.119479 -2.644529
-3.428845 -4.601335
-2.958295 -3.896377
-4.201801 -4.636325
-7.566586 -5.359413
-7.650997 -6.032918
-6.710461 -6.850151
-4.522140 -7.843246
-5.676835 -6.611142
-6.411632 -4.688581
-7.713716 -6.479980
-5.373843 -4.154809
-6.246569 -7.720428
-6.928451 -7.577862
-4.916220 -8.279650
-8.337388 -8.505028
-9.267994 -9.226283
-10.325212 -10.306678
-15.131161 -11.338365
-13.780901 -7.094528
-14.505149 -2.758361
-12.532299 -2.170899
-10.764909 -1.871894
-4.356825 -8.447007
-4.779280 -7.444996
-4.784273 -5.647090
-5.910646 -6.008383
-5.008599 -7.312110
-4.260595 -4.525285
-4.482695 -2.209759
-3.815142 -5.650006
-6.317704 -6.159222
-7.107948 -6.859814
-8.391262 -9.330216
-5.234495 -9.894408
-7.412111 -6.349019
-7.770350 -5.821253
-7.605710 -5.451116
-9.049006 -9.239337
-8.904311 -9.577856
-8.786455 -9.066015
-9.573639 -12.215594
-6.003756 -5.971439
-7.445856 -5.322592
-7.779910 -4.956225
-12.518644 -12.028695
-9.321389 -8.864365
-9.450657 -8.078375
-9.025431 -8.179669
-9.049585 -8.588166
-9.367406 -9.606499
-8.727633 -11.246150
-7.530413 -6.960351
-5.827941 -3.947832
-6.905052 -6.423479
-6.386274 -6.608993
-5.455017 -5.268060
-7.813814 -5.412930
-5.404320 -5.169917
-7.276319 -6.971315
-3.480713 -3.192069
-3.391731 -1.374074
-3.584133 -0.814472
-1.309813 0.672290
-2.627677 4.904534
-1.749244 7.387167
-4.372555 8.556477
-5.484488 6.563578
-4.850091 5.958157
-3.587241 6.778506
-5.239507 8.458429
-5.596865 8.115430
-5.969478 8.208484
-6.430485 7.436079
-11.876547 6.821454
-11.093725 7.746796
-8.971179 2.745524
-9.436900 3.121869
-10.155185 1.992551
-9.857399 -0.222559
-10.592672 -1.705738
-12.741776 -2.221708
-14.781265 -7.693509
-12.870437 -11.294854
-14.543777 -7.875780
-14.302496 -7.811291
-9.676197 -8.837586
-8.743729 -8.233163
-9.584925 -8.414859
-7.210117 -9.567672
-5.569648 -9.005648
-7.760852 -6.484268
-6.955247 -7.134826
-4.661925 -5.733197
-5.259532 -7.068759
-9.963841 -11.931734
-11.157396 -8.232091
-9.718390 -9.410360
-9.890293 -10.202740
-13.100587 -9.268826
-13.158783 -5.685893
-14.601252 -4.369481
-14.664640 -3.958403
-14.487043 -3.512706
-14.837601 -5.400529
-9.649071 -9.743711
-7.459133 -7.912867
-10.677929 -10.758893
-10.940377 -8.776563
-11.770558 -8.849979
-10.683322 -8.581261
-13.324825 -8.889850
-13.485674 -6.833209
-16.143909 -11.391386
-10.000043 -8.642491
-9.776159 -8.415328
-5.448075 -10.381445
-6.212564 -8.211225
-8.750466 -9.156939
-8.915489 -8.169303
-7.759459 -7.480894
-10.182183 -9.336768
-15.523285 -8.059831
-10.914639 -2.406147
-14.314189 -3.226677
-12.054915 -0.461129
-14.264745 -3.630840
-13.631669 -3.343931
-9.397689 3.708831
-10.162784 -1.867797
-13.635038 -2.215999
-6.929209 -4.303487
-6.226625 -5.491175
-9.696514 -8.953855
-11.884672 -11.301965
-15.269167 -3.995839
-17.063541 -4.954499
-7.671197 -5.650955
-6.897646 -6.631893
-10.345745 -9.737919
-6.965753 -8.968266
-7.624957 -7.338346
-7.710479 -6.141405
-7.736450 -7.286538
-6.520531 -6.106847
-5.173550 -5.014624
-4.273335 -4.027506
-4.538126 -1.519210
-4.171765 -1.697091
-4.066944 -1.207068
-3.920949 -2.194856
-4.228281 -1.279210
-4.584804 -0.791377
-4.043275 -1.133976
-4.144901 0.160875
-1.725731 0.422352
-2.428998 4.301894
-3.888925 7.114971
-6.028442 8.561025
-5.834733 8.304365
-4.184789 7.008102
-3.627838 6.485457
-0.061326 7.402503
-4.264590 7.095703
-5.935688 7.559793
-8.762917 6.254840
-5.637307 6.480537
-7.657292 6.861276
-8.398157 5.648183
-9.168093 3.459355
-9.916481 2.640859
-8.683030 3.074164
-8.636179 2.345508
-9.116488 3.290843
-8.650515 5.799511
-6.924062 8.348132
-4.470490 6.229474
-5.320191 6.077623
-6.749312 6.203740
-7.705787 6.773518
-4.901558 5.945174
-8.826065 6.673872
-9.852985 1.791030
-9.680959 0.560397
-9.921347 0.505034
-10.918001 1.098615
-7.181129 7.768430
-8.438473 6.891065
-5.748934 6.832573
-8.823802 8.804738
-8.899857 5.706346
-8.687902 3.120360
-8.814941 3.848905
-9.981112 6.153234
-6.638942 6.652336
-4.985475 6.758312
-3.381904 7.489045
-5.505764 6.742256
-4.897433 6.649411
-4.923575 7.080425
-6.574338 6.157548
-2.967282 6.174474
-3.635252 7.015751
-6.733399 7.216452
-10.506243 6.416476
-9.257734 4.413066
-9.955420 0.691315
-9.214295 1.647374
-8.918569 1.956140
-9.576469 1.876578
-8.152062 6.064937
-4.887927 6.612187
-5.250821 6.915344
-3.062633 5.803379
-1.864932 2.569523
-4.060711 -0.535887
-3.741418 -1.424618
-4.328966 -2.451805
-3.392045 -3.448694
-4.711515 -5.644805
-4.317339 -3.912609
-4.640059 -5.572044
-7.449778 -6.354590
-5.486039 -4.686465
-6.474770 -4.952727
-7.789813 -5.546025
-7.239308 -7.731517
-6.955608 -7.585205
-7.406694 -6.904119
-7.552526 -5.968725
-6.668266 -8.828010
-7.153575 -6.249874
-7.703350 -6.955431
-7.134613 -7.647391
-8.745232 -8.670394
-9.650036 -8.380495
-10.331448 -10.005288
-9.485714 -8.020617
-8.953210 -8.366042
-9.091307 -11.319098
-9.031310 -8.861906
-8.119217 -8.989511
-6.362207 -10.754319
-12.981688 -7.328279
-12.906199 -7.388194
-14.375694 -5.315679
-14.616137 -2.027993
-13.308201 -6.343605
-14.072372 -4.063912
-13.875374 0.211405
-12.289660 -2.496135
-10.462180 -1.909471
-11.918324 -2.241670
-12.219881 -1.895635
-10.094279 -1.346089
-9.961809 0.119367
-12.939628 1.707589
-13.299579 -3.495094
-13.850498 -0.629224
-13.028913 -1.609595
-9.718164 -2.674206
-12.081820 -1.157866
-10.196922 -2.776168
-9.811839 4.703192
-9.835882 1.798668
-8.770411 2.829125
-8.686591 3.859208
-10.322507 0.333852
-9.958736 -1.895612
-9.348019 5.339883
-8.130956 6.457076
-8.876505 4.817702
-9.794065 3.349555
-9.409842 2.662618
-11.036172 -0.470509
-6.762549 -3.907075
-7.162786 -6.385466
-7.003796 -5.951912
-6.843828 -4.299566
-7.583298 -4.672333
-6.611083 -3.898791
-4.704751 -5.940814
-5.424796 -3.915764
-3.700776 -4.530634
-3.198610 -0.375538
-3.254931 -1.830895
-3.898121 -2.193998
-3.777278 -0.151210
-3.919894 -1.115133
-3.178405 -4.581480
-6.778616 -6.287807
-6.019836 -4.958591
-3.384310 -3.737972
-4.286757 -3.109855
-3.272415 -4.476884
-6.028979 -5.697776
-6.098890 -5.801942
-5.472546 -6.106164
-7.018023 -4.808897
-6.857244 -7.621338
-7.722316 -7.534290
-7.519720 -5.794960
-3.249245 -4.568309
-2.848915 -1.378651
-2.441936 -1.574113
-2.287289 -0.087296
-2.375687 3.289702
-2.316807 4.490388
-3.230946 6.416195
-5.625994 6.834209
-4.173742 7.529734
-5.132684 12.205748
