-16.882919 16.338875
-14.241332 6.918362
-9.046574 6.846663
-9.135055 2.287014
-8.597718 7.585387
-9.901678 6.956078
-9.591677 3.026314
-10.861588 1.805030
-8.786678 3.306652
-8.288168 5.847081
-6.859243 9.477524
-3.068660 7.788528
-4.259353 6.205933
-5.876534 6.167766
-1.458026 6.208179
-2.168936 5.616926
-2.859566 4.986976
-1.776449 3.613923
-2.900039 2.689357
-1.065426 1.740809
-4.031710 0.377740
-3.246095 0.230508
-2.422393 3.052712
-2.796306 2.804621
-2.887505 0.909489
-4.257046 -1.350583
-3.437374 -0.015384
-3.470671 -0.158868
-3.503378 -2.388573
-2.530986 -2.872688
-2.180691 -5.508254
-0.298581 -6.024639
-0.425158 -6.993202
0.295254 -8.574609
