19.224691 9.360348
12.745936 8.380561
12.035911 3.842557
9.302222 4.576499
2.308084 -7.993371
2.763476 -9.734626
1.390093 -9.572725
1.501417 -9.734986
4.586463 -4.403071
5.331132 -7.677564
5.802928 -8.082669
2.095897 -7.543059
9.832798 -7.835364
9.258723 -6.042431
8.570761 -10.792335
8.994678 -9.715311
8.185598 -11.859879
8.188690 -11.140354
8.036660 -8.381132
6.620325 -6.934381
10.533247 -3.576530
8.473607 -12.581796
8.234815 -8.727200
9.013753 -11.985497
7.954976 -11.360921
9.753740 -9.688290
9.601105 -11.431775
6.987473 -15.009871
4.660110 -13.203265
