13.620280 -12.684802
8.104799 -8.580422
9.665039 -10.190539
9.422795 -10.368729
8.073056 -6.867196
6.447308 -8.172764
5.597891 -7.630597
3.145123 -8.084453
0.888109 -7.499523
-0.320694 -9.727587
-0.417931 -11.665565
0.758658 -10.437072
2.105974 -12.829925
4.207370 -13.993650
10.204721 -13.060323
9.923820 -14.639089
-1.611094 -14.704988
0.315770 -12.715098
0.958474 -10.437545
-0.889244 -11.504899
0.870953 -10.319303
1.790003 -14.174842
3.553114 -15.572890
1.560126 -10.822104
2.638757 -8.586520
2.053563 -9.141038
0.685520 -10.291396
2.073269 -9.525734
2.085011 -6.684950
2.006505 -8.952974
10.271511 -11.133984
9.962450 -9.446795
7.886900 -10.893626
9.290785 -12.428178
4.984804 -7.927390
9.332815 -11.392426
8.062223 -9.298635
8.970129 -10.987811
7.991915 -9.531110
10.775307 -7.573329
6.640975 -7.893224
6.150973 -6.621703
5.206320 -8.061617
8.569874 -7.644514
8.020849 -8.028958
9.356947 -9.141513
8.118351 -10.836640
9.287819 -11.392615
10.507277 -8.806817
7.850793 -11.349465
9.679662 -10.365979
10.428495 -7.344999
8.280927 -8.729824
11.618582 -13.835177
6.915086 -14.524555
7.312645 -13.295829
9.650329 -13.615647
9.082079 -7.397499
8.453677 -6.914086
10.199223 -8.696754
8.378559 -10.727175
5.340533 -6.310768
-0.211852 -7.468731
0.881036 -9.230594
0.315789 -9.595262
2.580420 -10.620378
1.062677 -10.028174
0.052692 -8.251693
6.114591 -8.178664
5.270988 -8.093438
5.824615 -7.022087
10.260218 -7.484561
8.955785 -9.015465
8.581507 -9.018595
11.774487 -12.000581
9.391349 -11.593726
-0.549357 -9.073081
1.201451 -12.620857
2.490331 -9.569598
1.287880 -10.005105
1.473997 -10.989262
1.322672 -8.474835
3.294994 -7.677437
5.356515 -8.112618
4.737546 -7.973234
5.707662 -8.179891
4.335064 -7.553585
1.288781 -8.691416
2.653961 -10.555003
2.819384 -10.901469
2.262231 -9.199809
2.482606 -9.081048
2.636601 -9.109848
0.362690 -8.592280
4.264862 -6.741282
4.328655 -6.861927
3.981230 -6.366257
4.986405 -7.521289
3.357737 -6.925767
3.541466 -7.473434
1.892417 -9.152314
1.754997 -9.841838
2.639287 -8.665063
1.224274 -9.044957
1.963840 -10.815304
2.537129 -13.157438
8.738399 -14.805234
6.906428 -13.229757
4.415539 -13.973512
8.534787 -13.969445
12.657007 -19.029959
8.583079 -15.176745
8.272359 -12.081346
9.192314 -10.258657
8.921283 -12.136361
12.948671 -11.895856
13.243130 -11.880624
7.869382 -12.898282
8.134061 -9.809457
8.113292 -7.562988
10.565199 -7.712560
6.092784 -7.837489
2.866238 -7.203795
2.517239 -11.018758
-0.790212 -10.405223
2.883281 -13.466723
2.206803 -10.319133
2.415353 -10.138258
7.782778 -13.408153
4.515673 -13.523839
10.025018 -19.418839
7.371480 -15.430630
8.498274 -10.721940
8.104281 -11.113101
10.137273 -10.264773
9.765993 -10.037585
8.150814 -10.037032
8.024065 -9.090789
2.418367 -5.390665
5.035089 -5.572645
7.933994 -8.451091
2.786347 -7.423455
0.774277 -7.979962
0.558950 -6.233141
1.376544 -12.059459
0.586204 -8.069054
-0.147627 -6.586578
6.111152 -4.881257
1.870656 -9.146011
1.532706 -9.640441
2.257706 -7.834135
5.580611 -4.848794
9.601587 -10.680323
11.102248 -12.909801
8.337078 -11.126786
10.719988 -12.615157
10.881716 -11.067119
11.890314 -15.143064
10.024381 -10.491614
6.008392 -13.275169
10.294409 -14.917892
12.284311 -19.106440
10.833912 -12.087808
10.241562 -14.664769
10.310652 -15.132401
2.374189 -16.011171
2.282668 -14.150191
1.447436 -11.027357
1.886697 -11.002889
2.243939 -14.541654
-0.695878 -15.486033
-0.068320 -13.168150
0.211006 -11.037281
2.187925 -11.753042
2.643070 -10.389942
1.120283 -10.547620
1.933325 -10.423644
2.141568 -9.323977
2.450916 -11.656616
-0.888397 -9.778419
3.154605 -7.904805
5.069925 -7.310638
5.001652 -7.926504
5.008157 -7.883088
7.671988 -14.404157
7.777426 -14.440554
4.193037 -16.375666
-0.341118 -10.669947
0.916895 -8.970595
2.472373 -12.232429
-1.935597 -15.569552
4.036555 -13.719428
10.613146 -9.616148
11.647940 -4.353175
8.577806 -4.374461
1.156734 -6.948408
3.143849 -7.298470
2.409736 -11.765204
0.224627 -11.986424
0.426741 -11.831948
8.419900 -13.962626
9.940304 -12.957226
8.361687 -12.727242
7.677977 -6.697328
6.883351 -7.779788
2.824465 -10.432226
0.386484 -13.645687
-0.419565 -11.105760
6.646412 -14.503145
8.397216 -13.845565
3.943010 -13.992532
5.709123 -13.622783
3.807320 -14.173609
1.393669 -13.230814
-0.000607 -10.745429
2.316771 -10.100256
2.611449 -13.621693
2.279982 -11.892125
0.001331 -12.360080
-6.509871 -16.398830
