18.797571 -3.900957
10.155447 -4.923587
8.254707 -3.392464
5.495339 -2.119846
-3.151313 -1.139051
-4.285811 -1.890441
-4.229511 0.136641
-3.624155 -0.308376
-3.932545 -2.072255
-2.668586 -0.672173
-2.720522 -4.689023
-5.176922 -4.644997
-8.648633 -10.344844
-6.780557 -9.725266
-7.313055 -7.410914
-8.079140 -8.317992
-9.450184 -8.522820
-10.893952 -10.498662
-7.482061 -7.847692
-7.794207 -7.312624
-7.434105 -5.133172
-7.868588 -4.880943
-6.585515 -6.654653
-6.831169 -8.603318
-11.879168 -10.462091
-9.904455 -9.335068
-8.492293 -8.288668
-10.797274 -10.818842
-15.026491 -9.725286
-13.101935 -3.332598
-13.879769 -5.198903
-13.590902 -6.028970
-13.606622 -6.139101
-14.089749 -5.960409
-14.421390 -11.604375
-7.640830 -11.480782
-7.365160 -6.693048
-5.988232 -10.574574
-7.386393 -8.472245
-6.041507 -10.427807
-12.034290 -8.872003
-12.466909 -9.019007
-4.763275 -9.865191
-5.352042 -8.705338
-6.838844 -5.257869
-7.331640 -6.321471
-7.358393 -6.024189
-4.181783 -1.251706
-3.209206 -2.933145
-3.208968 -0.769129
-1.699201 -0.169389
-1.469314 -1.786477
-10.182548 -2.104573
-10.706972 -1.671813
-10.727013 -0.138672
-9.766585 -0.704986
-11.234673 -1.048506
-12.458171 -2.882291
-14.045613 -2.311177
-13.924702 -6.476128
-13.703032 -6.659297
-13.304560 -1.882748
-9.640153 -1.865679
-9.827394 -9.199189
-8.591054 -11.708670
-6.251135 -8.459538
-6.292184 -8.666512
-6.987969 -4.682914
-6.178344 -6.794830
-6.857570 -6.258390
-7.728726 -6.634553
-5.794552 -7.246553
-4.228696 -2.989201
-4.559380 -2.543983
-4.517993 -2.204156
-4.426695 -3.351071
-3.022976 -3.986115
-5.909046 -5.942940
-6.084254 -5.270030
-6.624794 -7.703006
-10.289783 -9.495137
-9.863149 -2.829257
-10.963230 -2.347211
-2.346598 -1.677235
-3.463644 -0.936508
-5.282119 6.688773
-7.777407 7.997938
-8.880268 2.118718
-6.552502 -5.656490
-3.857189 -4.554869
-3.594792 -0.718415
-3.420225 -3.933396
-2.365974 -0.484171
-2.271616 -2.241047
-3.388413 -4.635898
-3.949794 -3.450104
-4.092766 -1.310068
-4.253163 -2.691131
-4.240649 -1.454383
-4.541008 -4.385175
-6.978677 -5.173187
-5.959307 -4.316929
-5.421202 -4.101985
-6.494214 -4.139772
-3.714276 -2.148940
-3.082391 -1.750110
-4.309426 -1.214034
-7.013423 -5.398458
-7.873845 -6.170234
-7.712048 -6.458513
-9.353171 -8.464828
-8.444501 -8.506606
-10.559379 -8.804597
-12.881594 -9.124315
-11.395494 -11.192372
-14.118980 -10.070738
-9.084508 -10.708551
-8.608009 -9.798425
-13.714015 -10.243110
-11.852614 -8.133847
-9.635255 -11.463933
-9.494650 -8.289736
-6.545507 -7.857198
-7.896736 -4.743207
-7.809374 -4.720704
-7.405003 -6.197902
-6.157538 -4.984194
-4.013103 -3.744664
-4.434984 -2.855533
-3.668810 -2.173847
-3.621552 -4.294900
-7.622669 -4.987766
-4.332215 -7.820293
-8.731123 -8.651437
-11.254124 -8.885801
-9.721937 -9.188693
-10.204745 -8.772288
-7.794991 -3.943397
-7.194535 -3.940518
-4.042060 -0.942448
-2.901754 -2.454183
-3.982453 -0.073966
-10.910432 -2.332960
-11.474463 1.242034
-9.928478 -0.156123
-9.980335 -1.445910
-6.952187 -5.364642
-6.852590 -5.187912
-9.682252 -2.441756
-10.751104 -0.062985
-13.133389 -6.751418
-13.396347 -6.974171
-14.563528 -7.758729
-14.108343 -6.541797
-11.933132 -9.409979
-9.793391 -8.970878
-5.681385 -9.711536
-6.852729 -8.583789
-10.111760 -9.213941
-7.245567 -7.882013
-6.911355 -6.295134
-6.398530 -7.149585
-10.118359 -9.555381
-7.222842 -8.489340
-4.938321 -7.769751
-7.492312 -7.294053
-4.898255 -4.763168
-7.811388 -5.949356
-6.474205 -6.928769
-7.873246 -9.458596
-11.103485 -8.630366
-9.973817 -8.640720
-5.509192 -8.549594
-5.554594 -5.852737
-6.448718 -5.389569
-13.346564 -8.564858
-13.715860 -5.492668
-13.572062 -2.316691
-12.030191 -2.094860
-9.975571 -0.407860
-14.764185 2.756632
-13.508032 -0.553132
-11.263744 1.226407
-9.024693 3.387195
-9.502862 3.550461
-10.436058 3.131493
-10.949548 3.044712
-18.678146 6.009605
