1.625394 9.698910
-2.648832 7.201859
-2.436289 6.519798
-7.270343 8.015232
-10.965908 4.690680
-11.441181 1.927836
-8.780929 1.681522
-12.459111 -0.654409
-10.903768 -2.469887
-11.381224 -1.366089
-10.417018 1.046423
-10.250957 2.386405
-8.795630 3.293901
-10.076125 7.536967
-6.785523 6.118845
-7.206817 8.778123
-6.247354 7.228353
-4.144232 6.550906
-5.401601 6.251463
-3.476426 8.040374
-5.151630 6.328377
-4.126622 5.994324
-1.782864 2.309391
-2.997952 2.959725
-2.764096 2.414358
-1.587999 0.333087
-3.164554 1.747025
-3.798117 0.047747
-3.806995 -0.518255
-4.548854 -2.186076
-3.969272 -2.153349
-2.975531 -3.308587
-6.591957 -6.018706
-7.624083 -7.237058
-6.792802 -4.471722
-5.722771 -4.182948
-5.538809 -6.953719
-6.478764 -7.043992
-6.475373 -6.834647
-7.572502 -4.423867
-7.180117 -7.752176
-9.319105 -9.191626
-9.361549 -8.432183
-11.506861 -8.838786
-11.519061 -8.878690
-8.529215 -8.239237
-10.131635 -9.426879
-10.611950 -8.123640
-12.401765 -10.312436
-10.036184 -9.135375
-7.296014 -6.128046
-6.173842 -6.495152
-7.574141 -4.831299
-7.141390 -6.126798
-7.848207 -4.890317
-6.423425 -3.977835
-5.603281 -5.097473
-6.400246 -8.930814
-8.041183 -8.902382
-7.077637 -4.322672
-6.437192 -3.900766
-7.310363 -7.202590
-5.913554 -7.118114
-7.626565 -8.198172
-11.515142 -12.497514
-9.109490 -11.154335
-9.888751 -9.049571
-15.442463 -8.327291
-14.238442 -1.381305
-10.558125 -1.377237
-12.293911 -1.277153
-10.060402 0.591643
-10.761204 -2.595149
-6.687697 -5.716091
-6.696293 -4.358919
-6.146535 -5.451632
-6.489320 -8.729442
-10.538800 -8.508403
-7.317876 -6.992579
-7.045795 -6.893095
-7.318074 -5.432355
-9.983785 -0.759539
-6.127288 6.467952
-6.160362 6.447440
-7.897575 7.016333
-8.359016 7.947892
-6.567893 6.213790
-2.620965 4.216476
-8.849842 3.083006
-4.507777 0.883695
-3.745474 -0.842610
-3.602969 -2.003254
-4.578921 -2.665272
-3.624824 -2.790873
-4.380546 -2.079571
-3.996561 -0.287344
-6.309533 -4.212132
-4.000959 -2.033792
-2.756694 0.326205
-3.067724 2.142194
-1.571464 3.665063
-3.709766 5.946633
-4.287388 6.160287
-10.354542 3.237660
-10.029621 0.499954
-8.392583 3.467788
-8.610912 1.678825
-8.769262 1.723646
-9.631216 -2.174322
-8.974885 7.995171
-6.214489 7.199328
-8.537004 4.337674
-9.798260 -1.581121
-11.279379 1.457418
-11.369267 1.143947
-8.482768 1.339135
-8.514975 3.151859
-12.848737 -1.951045
-10.925064 -2.645288
-11.874702 0.119106
-12.402933 -0.778925
-14.416759 -0.064687
-12.997112 -5.461649
-14.743042 -7.468344
-11.870949 -9.115114
-11.277050 -8.384110
-9.361364 -8.986979
-17.279512 -9.082546
-14.113779 -7.397258
-12.954983 -5.968202
-4.306583 -4.601613
-4.308101 -5.704708
-7.765386 -4.651819
-6.341659 -5.894671
-3.707265 -3.973702
-4.418704 -0.342280
-4.252447 -2.899784
-4.455931 -3.716436
-3.509562 -1.584184
-4.168687 -1.445231
-4.555511 -1.900557
-2.857195 2.945503
-1.846996 1.778306
-3.606114 0.919036
-1.624133 0.511807
-1.778476 -0.580153
-3.924942 0.444270
-9.718098 0.108211
-9.588791 2.184037
-9.942415 0.430512
-11.742033 0.674241
-12.680498 -0.343805
-10.883961 -0.001705
-10.664291 0.501815
-10.694885 -2.580591
-10.787716 -0.535884
-8.537998 2.608431
-8.310919 2.717655
-12.072041 4.670466
-12.381336 2.929198
-10.689082 -0.508811
-11.955200 -1.809520
-13.408178 0.081643
-11.542174 -2.308810
-14.453777 -5.105241
-13.387679 -10.175937
-13.956425 -12.150474
-11.232141 -9.919989
-13.218822 -9.096358
-5.380632 -9.244681
-6.999042 -8.544826
-7.198958 -6.739517
-7.120516 -9.006852
-8.881764 -8.514117
-9.215634 -8.750089
-9.043629 -8.058400
-8.846093 -8.184521
-8.950480 -12.025578
-7.304061 -7.645679
-5.097775 -6.701055
-5.289111 -4.088852
-6.555366 -8.167882
-5.862657 -8.053511
-7.579887 -9.352212
-11.111872 -8.477233
-12.756516 -12.371285
-13.295289 -7.687259
-13.245780 -6.801655
-13.086830 -2.587084
-6.934264 -7.665566
-5.229815 -4.841036
-6.368145 -5.269694
-7.861794 -4.610641
-4.968499 -7.252519
-4.325913 -3.867725
-4.170849 -7.350651
-11.902820 -11.447516
-9.042501 -10.803395
-9.325275 -9.476630
-9.828207 -8.178305
-9.708407 -10.391903
-10.655269 -8.160856
-10.705546 -11.197663
-13.382970 -7.854360
-14.644682 -5.019180
-10.557661 -0.154801
-13.857236 -0.239490
-11.824358 -2.601797
-9.892418 -1.720906
-9.871344 -1.899069
-10.658612 0.648862
-9.578535 3.381086
-8.622614 4.599522
-8.636543 5.098744
-9.150295 2.074646
-9.603427 -2.339726
-7.279540 -5.253205
-7.261739 -8.431713
-7.857201 -9.060575
-6.393734 -7.009009
-6.624770 -7.558023
-6.319879 -5.676878
-7.202424 -6.750871
-7.390399 -4.470313
-7.090934 -4.225613
-6.279436 -5.080276
-7.804606 -4.586735
-6.065255 -7.458770
-8.772990 -10.057437
-8.753678 -8.139132
-7.001977 -9.028665
-9.200107 -9.281688
-13.001230 -10.920152
-8.315557 -8.331567
-4.592849 -6.974284
-7.550228 -6.827784
-7.837105 -6.661907
-6.707858 -7.925071
-8.932961 -8.911925
-11.774597 -8.756322
-11.773520 -8.972472
-9.103594 -8.777196
-7.594944 -8.313136
-4.694213 -5.847366
-6.277279 -4.642444
-6.136239 -7.058504
-7.013701 -7.217525
-7.653368 -5.309327
-6.578469 -7.857165
-8.073151 -9.839170
-8.338553 -8.065724
-10.545023 -8.548378
-12.171865 -9.589083
-15.499563 -9.229310
-13.841345 -7.003686
-13.825152 -7.512033
-12.852667 -9.477850
-7.416040 -8.886075
-8.286839 -9.948927
-8.329763 -11.111732
-7.357218 -7.774237
-7.212390 -9.966338
-10.306655 -8.073479
-10.294137 -8.668312
-6.283048 -8.254766
-10.418390 -9.267795
