4.126431 19.993864
8.784332 12.585405
7.734383 12.642510
4.198475 10.198510
5.255402 9.184465
5.769732 8.649390
5.842109 7.304948
6.184908 8.583831
3.174759 4.883754
5.128123 6.115736
8.809492 4.833979
5.597893 5.375031
10.667240 4.969468
7.716992 5.377040
7.379577 5.099404
6.720427 2.456354
6.304740 6.463317
4.626352 7.077280
5.255768 6.344753
5.855466 6.334573
5.066448 8.817822
4.133850 8.537108
3.289166 9.354932
6.142844 8.840815
2.443832 8.085514
6.489538 6.999806
4.468348 7.252578
2.093668 8.114498
5.497454 9.201709
4.749269 10.831605
6.921023 10.749640
9.078506 11.793982
10.829710 10.731805
9.899107 5.016587
7.034821 3.542012
7.868557 4.203243
12.515276 7.636088
11.705754 7.613263
13.614819 9.437807
12.565975 10.243382
3.584554 5.788601
6.984786 4.854777
7.200186 4.954118
7.073051 4.142073
6.159705 4.949185
11.874072 5.199414
13.041668 4.656312
13.438846 3.826145
12.064569 7.810968
12.862730 7.896326
12.243714 4.161506
8.829789 5.392123
11.068801 5.490557
10.832660 3.946429
12.495461 6.175492
12.453916 6.548086
12.585495 5.105338
7.391658 5.331661
7.366800 1.989917
6.336737 1.007787
7.979047 3.263985
10.981071 4.272278
10.155796 4.271761
8.266835 2.939431
8.789988 2.805792
6.970242 4.795533
7.901661 1.573516
7.566417 0.164813
8.106430 0.561805
7.080446 1.075447
7.285140 1.448693
13.125950 5.083772
13.775045 7.963494
9.715099 3.453090
10.721688 3.473149
10.839379 5.497131
6.786269 4.053966
4.034409 5.671449
6.391870 8.465247
6.068901 7.016364
2.859328 8.271402
5.075700 8.339684
5.190850 6.898077
6.399052 4.708153
9.785539 5.616074
12.331420 3.782925
14.382857 8.512673
14.849015 6.433207
11.895849 10.539693
12.645052 9.123652
11.893970 7.095759
11.837334 6.560694
12.209665 5.327270
12.747889 5.349679
9.508341 4.354894
8.844666 3.799172
9.075277 2.867598
8.584071 3.184320
8.349971 5.195323
10.005331 3.648661
8.923740 5.431842
11.010086 3.638811
10.527548 4.035681
9.716546 4.058865
7.129093 2.417036
8.652158 1.016118
8.627709 -5.145414
10.174919 -3.161950
11.688339 -5.526915
12.360750 -4.210588
14.405736 -1.525591
14.826208 0.266287
14.896873 -0.281322
14.721338 -1.620053
11.523221 -2.900341
10.999895 -4.094496
7.708885 -1.245694
9.214356 4.070779
11.844153 4.238935
14.767894 4.987482
13.430737 4.003064
13.504659 4.434610
15.291517 1.945441
15.078197 5.526511
14.911497 4.370026
11.876259 4.106558
13.088238 5.378470
11.430350 4.036307
10.683685 5.163587
9.845442 5.003783
7.073819 3.160547
8.247917 2.909927
8.078124 1.530225
7.162154 1.236387
6.799991 0.259337
6.592069 1.144778
8.530565 -0.480969
8.744978 1.842094
7.597993 1.093427
9.004196 2.134321
8.444653 2.162638
9.462198 5.343595
13.072313 3.671633
10.167587 3.984000
12.360216 4.196519
9.946218 3.517421
9.584980 3.482780
9.669095 -3.269981
9.062885 -2.998248
8.355581 -4.338324
9.306454 -9.784112
12.091228 -7.975730
12.045525 -3.124825
13.815071 -4.613123
14.767297 -0.709135
18.279299 1.266790
18.353012 -0.603338
12.781073 -1.924515
9.935526 -2.169152
10.429767 -3.114956
10.730698 -4.198224
7.769491 -0.857222
8.561934 -0.356761
6.795933 0.905962
5.682996 3.300601
11.385091 3.842969
10.694405 4.070789
12.708227 4.524325
8.776802 5.132576
7.628939 1.761063
4.395437 0.613651
5.671987 1.210828
8.474838 -5.223641
7.146105 -0.358053
7.675121 0.223546
8.494262 0.678354
9.039131 0.543730
6.506616 0.085270
6.571617 2.687397
6.847460 5.337356
11.783621 4.583817
10.611246 4.393137
9.979800 4.723341
13.260289 3.438655
17.693005 3.363676
18.394705 1.944454
18.429817 -9.485476
15.385398 0.598070
17.310379 2.523604
16.576908 2.509095
14.726153 5.023619
4.826609 4.503188
6.254404 1.067295
6.925849 2.646515
7.071660 3.813802
12.281915 4.821944
10.734006 3.593211
8.055473 3.992527
7.145761 1.240185
8.571361 1.172068
9.032520 0.622326
8.537638 0.716071
7.947213 1.651327
8.825734 2.541421
8.583712 4.925374
10.345287 4.665309
9.795768 4.950402
9.537286 4.189968
12.454092 4.484838
12.123386 4.403879
12.662583 3.989105
13.433470 8.672887
14.920397 2.402842
14.576277 1.013082
16.309097 -1.643411
12.974302 -3.351838
12.459880 -2.012111
10.898640 -1.652637
13.544050 -1.607078
18.736444 -3.403915
