12.764565 -16.216730
4.575931 -13.925102
4.127138 -16.172573
2.403625 -12.849248
2.868616 -7.395319
0.854402 -8.447552
-0.775710 -7.956470
0.594627 -7.646053
2.271931 -10.299581
2.767613 -10.806228
2.580390 -12.857253
1.001886 -12.865850
0.542161 -10.815027
2.306669 -10.691111
2.640688 -12.036172
2.153835 -10.169856
2.823386 -10.595190
1.063632 -12.073869
1.969331 -11.585802
1.906146 -12.049537
2.247216 -15.041249
2.168984 -14.374463
6.100900 -13.373231
10.324522 -13.852081
9.274290 -13.274835
8.704034 -8.002503
5.999968 -7.005723
12.090253 -8.623855
8.064592 -9.283368
8.425661 -12.636296
10.686976 -11.340245
9.536500 -8.348899
3.463150 -7.152806
5.052576 -7.985848
3.647979 -6.671070
7.100371 -6.217219
9.484733 -8.589874
8.666993 -11.327526
10.684670 -8.016406
8.073730 -8.790204
8.273114 -9.112821
8.619952 -12.117177
9.277377 -8.984426
9.553998 -14.601134
7.915218 -19.705318
-1.648842 -15.684659
2.187177 -11.854317
1.711836 -13.778271
8.620667 -15.240027
5.326893 -14.331089
2.563910 -15.692758
6.270208 -13.881631
6.097462 -13.842182
2.083652 -15.493865
1.239246 -10.599751
2.508590 -11.166562
2.327061 -8.603530
2.278433 -7.618242
7.411343 -4.706403
2.441849 -6.415975
2.011607 -9.167163
1.964196 -10.913414
1.766370 -9.697267
1.338828 -13.255136
3.783728 -14.570885
1.091169 -13.745241
6.195897 -15.136994
5.770249 -14.764688
6.407219 -14.247137
10.758019 -11.105387
9.708282 -13.176461
9.255466 -11.321476
9.961202 -14.640217
6.625099 -14.870937
6.502314 -16.587631
9.104016 -16.874176
4.859919 -13.952860
7.515178 -16.220053
6.945078 -13.613153
4.454767 -13.964648
0.093092 -15.063613
0.796608 -9.576163
1.962372 -7.088703
2.793523 -11.879706
2.381452 -11.386243
1.543821 -11.377957
1.046859 -10.087399
0.911977 -10.118705
1.401400 -8.560374
-0.086061 -5.965761
3.295423 -8.117489
4.553720 -7.791820
4.589662 -7.814692
8.049929 -11.607532
3.019365 -7.789320
-1.775478 -9.544184
1.056749 -7.555794
2.283815 -9.269557
2.651481 -13.015259
5.191272 -13.601418
3.070253 -14.117034
8.334762 -9.719413
8.998240 -11.802171
8.820395 -12.875966
8.275138 -15.211585
8.031711 -13.828794
2.136645 -13.479076
1.642893 -11.422751
2.707676 -11.780328
2.439010 -9.515664
2.787654 -12.866163
1.687830 -10.876277
2.542439 -11.469296
0.185028 -8.994409
1.260556 -6.834851
8.690469 -7.692737
9.387321 -7.723622
7.996466 -10.939260
8.981085 -10.812895
8.969125 -11.887631
9.642848 -6.898057
7.174003 -8.175424
5.091131 -6.921774
1.915970 -4.445003
1.936283 -2.564828
-3.217438 -1.312949
-2.320051 -0.604047
-2.632815 -0.810955
-1.819578 -1.381773
-4.567307 -4.227105
-4.985965 -5.595125
-7.188227 -4.130959
-4.979877 -6.089803
-6.332235 -4.342350
-5.529716 -5.873680
-5.985152 -3.930350
-6.783591 -5.807377
-7.256571 -9.792346
-7.250735 -7.547235
-7.483762 -4.692163
-2.419040 -0.298912
-4.196636 -3.656485
-4.004738 0.525377
-3.268331 0.087675
-2.834594 -0.711366
-4.053294 -1.800634
-4.104406 -1.124079
-4.046817 -2.193864
-5.261597 -7.392966
-5.402184 -4.551538
-6.242924 -4.287494
-4.226422 -4.732092
-3.709056 -1.739462
-3.541532 -2.501359
-3.473854 -2.576761
-5.628203 -4.033723
-6.713285 -6.106555
-5.735903 -4.491649
-3.580006 -5.931554
-3.149571 -1.258049
-3.553935 -1.549958
-4.515865 -3.138011
-2.986544 -1.949125
-3.264463 -4.714131
-5.178862 -4.545625
-6.117065 -4.082968
-7.371721 -5.933097
-7.347403 -7.766615
-5.261887 -10.524298
-7.566108 -3.974705
-7.171733 -5.070624
-12.239277 -2.711084
-1.467397 2.346175
-3.700707 6.621583
-2.143351 4.791563
-11.069628 -0.356478
-13.560934 -3.048091
-9.917483 -0.178873
-10.373167 3.442450
-9.808018 -0.682759
-9.656109 -2.429792
-9.941919 0.978369
-9.473708 2.713097
-10.947001 2.634633
-10.997702 1.316096
-13.208270 3.267192
-12.183714 -2.489869
-15.427502 -3.460562
-10.945782 -0.949337
-12.706369 -2.770756
