18.465925 -11.939675
10.423862 -10.625756
7.188661 -6.565273
6.615888 -7.827776
5.847136 -5.552991
10.044184 -10.457408
8.756320 -11.207489
7.963447 -5.164955
6.097628 -8.175666
4.588966 -7.372671
10.593843 -7.641198
8.459524 -7.902803
9.906491 -7.579866
4.968191 -7.747625
0.825428 -7.915203
2.820169 -9.070794
2.014838 -8.946698
-6.192248 -6.551373
-6.998294 -6.392210
-6.469093 -5.657498
-7.675529 -5.471993
-7.695050 -4.338712
-7.295797 -5.777918
-6.722339 -6.691885
-5.764567 -9.266740
-9.192377 -8.119470
-7.235727 -8.429602
-10.985106 -9.675385
-10.588571 -8.412379
-8.776814 -8.618127
-10.487949 -12.339042
-14.108747 -6.863814
-10.533716 -8.794690
-10.722810 -8.613938
-14.185093 -8.907436
-10.874977 -9.658161
-8.913418 -8.981597
-8.988182 -11.458106
-9.492069 -9.988976
-10.716725 -10.730269
-10.077739 -9.167986
-9.626832 -10.253777
-7.751992 -9.525093
-7.747900 -13.070872
-6.572974 -11.266696
-7.540365 -9.229255
-12.877893 -10.178007
-13.221045 -7.546100
-13.121598 -10.830113
-10.506548 -8.641441
-7.168533 -7.851029
-6.460941 -6.760670
-4.021002 -3.425769
-4.766966 -8.532174
-4.664124 -9.804436
-6.878659 -8.647788
-9.462731 -9.274890
-10.117284 -8.691667
-14.875823 -10.906337
-13.564672 -6.692982
-15.668698 -3.662945
-14.066052 -9.116820
-11.867645 -8.388560
-18.662666 -9.846231
-13.492859 -4.466146
-13.254250 -6.429746
-13.900081 -8.514787
-15.705715 -5.994911
-13.727833 -4.018877
-13.040093 -4.558366
-12.913948 -6.671884
-13.270506 -6.848609
-13.666401 -8.578279
-4.301969 -7.966088
-6.670264 -8.638343
-12.449387 -9.150954
-6.999795 -8.632396
-5.227800 -4.008162
-2.965779 -3.757009
-4.557517 -3.056037
-4.364546 -2.797385
-3.179397 -2.867913
-6.526179 -6.791533
-7.529700 -4.022964
-5.293407 -4.783091
-6.969910 -4.626150
-5.973155 -5.989311
-5.922041 -4.115126
-7.817059 -5.229354
-7.509591 -6.467878
-7.825897 -8.251922
-8.685815 -8.465336
-9.476757 -8.646072
-9.580061 -8.168520
-4.923600 -9.098055
-6.069866 -6.816293
-7.128278 -5.796718
-6.943365 -8.694952
-6.148656 -6.668567
-7.820476 -4.372064
-6.864872 -7.812175
-5.146896 -5.452724
-7.253622 -5.727432
-9.164593 2.467068
-9.897724 -0.495996
-9.487478 1.622647
-13.006052 -0.426276
-7.361305 -4.051467
-11.296284 -0.780971
-10.483977 -2.588428
-11.076543 -2.854986
-11.531208 -2.141335
-11.983579 -2.671030
-10.400782 -2.217702
-9.654892 1.522373
-11.082037 -0.351805
-10.141872 -1.561857
-11.207321 0.424940
-13.037492 -2.742502
-13.140523 -6.091723
-14.480029 -7.788349
-11.319926 -8.505438
-10.241158 -9.767670
-11.753828 -8.554790
-6.464631 -10.370510
-7.038117 -6.729432
-7.173640 -6.997446
-7.752345 -9.011389
-9.843996 -9.314696
-6.890364 -11.584680
-9.491791 -8.095511
-8.225475 -8.359533
-7.384999 -8.566072
-7.744647 -8.874459
-8.169091 -8.753360
-12.358072 -10.116006
-9.626705 -9.258025
-10.550021 -10.014587
-11.301748 -8.222802
-10.223588 -8.780667
-9.917223 -9.071250
-6.723236 -7.410974
-7.524161 -6.618543
-6.967162 -6.418570
-5.572874 -5.421196
-4.479323 -6.873223
-10.206665 -10.358163
-10.217698 -9.063828
-13.538771 -9.371031
-13.228903 -5.394351
-13.263331 -1.818741
-13.425189 -5.092577
-13.432131 -3.416760
-13.779175 -5.947978
-13.203424 -6.835939
-12.926615 -4.242645
-14.730272 -0.215006
-9.952623 -1.651992
-11.675652 -2.115295
-12.037590 -0.639895
