8.516622 -0.938843
5.733524 -1.714254
4.546739 -3.670474
4.464770 -4.213491
5.637280 -6.073076
4.215765 -9.073302
8.028017 -7.689425
11.426584 -11.990443
13.134607 -7.718286
14.586104 1.380975
15.037363 2.250515
14.645180 4.578636
13.316311 7.161778
11.707669 5.756673
11.980487 4.043509
12.852561 3.699888
9.535561 5.253842
8.361301 2.512192
7.670847 4.868178
11.749614 5.698445
13.996528 6.249701
14.563463 0.421197
14.707033 0.982555
14.263703 1.361622
6.088663 4.300427
8.236916 1.734212
8.009149 0.779244
7.124074 0.970404
5.267378 -1.104731
4.723667 -0.912877
5.656572 -2.983198
9.060497 0.164545
6.015674 -1.409255
11.990265 -3.332553
14.833779 -3.381998
12.796612 -2.354038
11.748781 -1.854981
13.802865 -4.445938
18.075672 1.832219
13.687021 -8.984179
10.234949 -7.050505
9.095914 -8.169875
10.277901 -8.375326
11.071074 -7.848181
8.575178 -7.258918
9.812611 -7.236189
10.570795 -9.551847
12.507128 -5.794566
8.085600 -8.046080
8.719102 -9.253581
5.757037 -4.473097
6.446413 -7.183300
7.377925 -7.821330
7.296540 -6.878675
3.440702 -7.951339
4.336748 -8.730769
6.148512 -3.323092
5.561559 -6.633996
7.398593 -8.002055
7.972736 -7.956942
5.663602 -6.879855
7.219313 -7.288505
4.004917 -8.668948
8.370436 -8.596530
5.566929 -8.505244
4.501431 -4.992517
6.949001 -0.418647
8.599740 0.038928
8.802321 -1.056847
7.201165 -1.611023
4.710330 -0.806991
5.527011 -1.923235
6.034541 -4.460005
8.354885 -7.315570
9.284882 -8.463590
8.241667 -7.269670
8.025388 -7.991077
7.016140 -9.026550
7.735484 -7.404809
10.973315 -8.401583
11.728691 -11.407612
6.400303 -11.186452
4.445753 -5.682976
5.397310 -2.685134
4.923872 -6.880864
8.838497 -7.302600
8.286082 -7.403875
9.883224 -9.759671
8.548118 -9.662852
8.370902 -8.950461
10.156997 -7.400314
8.711873 -8.405891
10.999912 -7.134550
14.177731 -5.546019
16.263973 -5.128164
11.459533 -5.027975
8.362886 -7.363236
9.337193 -9.293336
7.485134 -6.823869
5.656886 -6.561327
4.823312 -5.543186
6.486978 -7.971724
10.363555 -7.721536
8.226163 -9.158889
5.239676 -7.656036
4.684147 -5.972742
5.692993 -6.807351
9.310843 -6.728264
11.704998 -9.391594
13.656630 -3.593959
15.713631 -2.279267
13.264679 -2.239862
11.823347 -5.197194
9.948562 -8.790421
5.736342 -9.658457
4.848191 -3.296317
4.571164 -2.823746
5.148500 -4.313278
3.399631 -2.872654
3.173816 -3.908237
2.167268 -5.860848
4.867644 -6.130884
7.492084 -6.677059
9.439689 -6.680434
8.950726 -6.896216
6.984675 -1.519523
8.185350 0.531374
8.617575 0.638032
6.518281 1.353156
6.365904 -0.413598
5.720318 1.958200
8.207423 0.704763
6.866723 0.751146
10.834135 5.546772
9.822472 3.497970
12.060552 4.479679
13.750438 10.355290
17.639942 9.196412
13.970628 6.224671
5.530221 3.883542
7.672829 1.997270
8.515079 2.087330
8.839304 1.124761
8.901174 4.738609
9.300737 4.198794
8.765995 2.379690
8.705841 2.256456
8.048630 1.952831
7.455649 4.166377
8.897513 2.789661
8.864219 3.912357
7.847442 2.271493
6.924813 0.467914
7.483131 1.841484
8.211489 1.831232
8.062085 1.364139
7.155896 3.684921
7.632209 1.858167
11.580887 3.556304
9.533502 4.318554
13.130090 3.975805
12.216289 5.101785
6.790275 0.075457
7.912843 2.973367
9.077375 0.671076
9.086961 1.950210
7.247656 2.503026
7.478685 1.255960
7.154825 0.224932
7.850592 0.270169
6.616914 -0.518420
6.717647 2.768662
6.927310 1.855708
8.394183 0.007066
9.014912 -0.625647
8.908698 0.569839
12.235600 4.154151
17.816067 2.017692
15.855753 -1.985339
14.143167 0.686600
14.612392 -0.889397
14.185886 2.191726
16.112352 1.866568
15.527924 -0.421356
13.194687 -3.965144
12.756953 -3.306204
12.367289 -2.416900
17.105419 -0.304466
11.639248 -5.230295
8.761346 -1.486493
7.840182 1.926902
7.889083 0.801255
15.746933 2.127311
12.436226 5.108650
10.416514 3.862347
11.671524 5.121504
10.428116 3.671135
9.408178 4.972997
10.477226 4.915416
12.383683 4.738488
12.774919 3.588887
12.596957 3.561542
5.994100 3.532095
8.482860 2.984437
8.226332 4.149680
8.640949 -0.825723
7.792644 -1.623723
8.456191 2.258093
7.564500 2.573339
9.084349 2.941019
8.714722 -1.279837
8.919870 1.914120
7.641994 0.865747
8.435280 1.782449
8.599979 -1.298193
5.837840 -2.477931
2.620395 -4.326152
5.991646 -7.211096
3.705047 -3.550550
5.904162 -4.988119
12.052690 -4.422269
12.506548 -5.705843
12.257839 -6.320419
13.115660 -4.483162
12.044711 -5.467432
10.114845 -9.770452
7.052793 -7.959601
5.890142 -6.578894
6.132692 -3.500060
5.787789 -2.445766
3.547717 -5.724667
7.228738 -7.192219
6.408621 -8.285873
4.300429 -7.473164
5.543405 -5.766214
6.095896 -5.720261
5.355582 -4.923520
4.864691 -3.282130
5.316517 -1.240422
3.818908 -1.024997
6.105737 1.145700
5.442311 2.377478
5.869918 0.171172
6.773071 -0.595784
10.624495 -1.610911
8.542824 2.175596
8.431644 4.255194
7.141189 5.451338
9.902940 4.330871
8.728778 1.819893
8.154754 -1.321510
8.912465 0.417929
8.044606 -0.236984
7.144383 0.966626
8.053648 2.620922
8.028502 -1.141335
6.908285 0.204195
8.696470 1.480247
8.745012 0.359883
8.001620 2.608368
5.897593 -2.746268
2.519535 -4.130301
5.795715 -1.270823
7.243168 -1.480868
6.540402 -1.024871
5.052463 -2.863164
8.936342 1.627028
7.803111 -0.891013
8.811716 2.852883
8.173552 3.367162
11.684915 -1.997622
13.753801 -2.763591
15.832052 -0.679993
15.513782 1.286160
7.776715 1.179126
5.875666 0.288499
7.688615 -0.669383
12.838610 -1.849110
12.614115 -3.106930
11.519440 -4.271204
12.900155 -2.942144
15.665682 -0.062820
17.377602 3.382554
15.146930 5.476364
19.470617 3.962713
