-0.216087 16.758833
-0.497051 16.111849
5.797219 14.382628
5.713920 10.689479
3.449219 10.091851
5.576674 10.348543
3.653669 10.474810
4.684286 9.535897
6.822026 14.947431
5.930828 10.686828
5.669508 11.625531
1.888690 9.192264
0.785227 8.828668
-3.348431 11.031987
-3.838917 13.155867
-1.057623 12.025046
-0.882608 9.487828
4.274698 8.859496
3.981876 6.829245
4.563963 9.673664
5.590559 7.396042
5.183929 5.648542
8.342855 4.883374
7.327806 5.330825
6.787399 4.360650
8.767897 4.867313
8.308605 5.217367
9.332687 5.579684
12.691801 5.364294
13.891230 8.032826
13.905547 9.780522
17.283356 15.810780
10.437847 10.712598
8.735677 10.689124
8.035437 11.309711
5.240489 16.638556
7.059481 19.758165
11.425236 19.172415
4.222511 9.103906
1.136616 9.814281
3.417660 10.235896
3.345801 9.618382
2.790594 8.992123
0.071529 6.410086
0.171136 9.778104
4.495565 9.996463
-3.124537 9.431276
-0.981824 11.893948
-1.835357 11.374785
-2.831158 8.518083
-1.380003 14.566442
-1.143856 12.710750
-0.915835 13.412568
-2.173656 13.496730
-3.273247 11.490219
-2.320397 13.718645
-4.361646 10.713908
-1.326035 7.173577
6.224691 -16.732220
