17.075966 8.391508
13.353098 8.722442
11.781988 4.782352
4.923900 5.343374
4.981087 3.399532
4.669826 3.107017
6.098266 3.109692
6.284420 3.458878
7.102477 2.881591
8.500516 4.036232
4.642984 4.349072
5.872248 5.757711
4.905223 5.878815
4.301682 7.924773
6.567754 11.694371
5.303837 8.038191
4.817752 6.657274
5.969975 2.613427
7.369604 5.613760
10.287131 5.403975
9.653280 4.437955
9.518746 5.624651
8.526808 5.411388
5.419847 5.398691
5.267157 8.503160
4.965590 10.491971
5.459903 8.506820
4.559807 6.813229
4.855417 9.657491
8.540257 13.226760
9.574685 10.796159
8.173969 12.908723
9.629245 11.641584
5.222847 14.021587
6.464884 8.968367
5.804214 7.497941
-4.760942 12.765996
-9.808265 16.034660
