14.075028 14.574252
15.493932 17.279985
13.457038 11.208179
12.016606 8.761706
12.228869 10.194171
11.905787 5.213006
11.835683 5.292548
10.602772 5.574016
12.201797 4.647411
11.688345 6.591976
11.531734 4.239681
10.129207 4.734982
12.383044 5.710029
12.988314 7.574531
12.710991 11.254141
12.115952 7.349764
12.334034 4.224715
10.544999 5.528099
9.649426 4.885936
9.028119 5.432325
8.653913 5.441937
8.717224 3.676418
7.876290 4.950027
6.060536 5.474607
6.422417 6.165884
6.986339 3.000421
7.558159 3.803954
7.292043 4.358632
7.179486 3.321165
9.080323 4.185773
8.435068 5.173849
8.418489 3.281360
5.841323 2.338396
5.877669 2.145204
8.619223 1.524413
7.255338 -0.442086
8.741236 -0.930738
6.008197 0.394930
6.917710 -0.032922
7.479434 1.152878
6.464373 3.333704
12.212296 5.291805
10.297894 4.069271
9.085899 3.549772
10.841727 4.055368
11.061724 3.645805
10.092660 3.863911
9.792869 3.946970
8.901206 4.600220
8.722903 2.390348
7.552275 1.488402
8.251377 1.550956
8.678940 -0.465281
8.288639 0.631319
5.418154 -2.787986
7.623965 1.101717
8.899496 2.123043
6.087821 0.785534
8.403805 0.627563
7.213500 4.037045
7.873471 1.296584
8.863880 -1.331191
8.609487 -0.038267
7.816791 -0.850952
4.532168 -2.081728
3.535341 -6.579928
7.104921 -7.070464
6.626314 -11.014495
