7.433468 10.330096
10.063759 5.067075
8.539907 2.769652
8.923982 0.488098
8.808805 1.041242
8.384748 -0.755781
8.697816 2.299221
5.288644 2.247214
5.716516 1.420173
7.116302 1.417539
7.496395 0.246287
7.608773 2.603992
9.309747 3.968811
10.554030 3.573933
10.637086 4.835319
11.489149 5.948076
12.125642 5.041194
11.073063 3.732349
8.767195 6.350033
8.314575 4.285933
7.582727 1.206074
7.420933 3.018767
12.079021 5.885985
13.310450 4.516331
7.083706 2.929901
7.698626 1.231910
4.922717 1.399184
6.131367 1.111897
3.382737 1.346467
2.501192 1.163417
2.205584 1.708957
4.828581 1.919510
8.902286 1.590079
7.238827 1.284317
7.445696 -0.371512
8.380876 -0.217542
7.002680 -0.251963
6.943906 0.858334
7.921516 2.176104
6.301890 1.098125
9.004174 2.346993
8.030789 2.402004
7.159353 0.592971
9.009394 -0.193717
7.266728 -0.633679
8.774047 1.236803
8.496100 1.704607
7.839794 4.161294
8.370818 -0.139755
8.257047 -1.176861
8.883331 1.106523
9.583790 3.812693
10.175477 3.875606
10.971894 4.062440
9.176704 4.962236
11.948708 4.060587
7.794487 6.450155
7.823136 1.761330
6.876041 3.463106
8.676208 -0.485149
8.567758 0.079016
8.000686 2.303926
6.936756 0.789014
6.025971 2.432657
7.234900 2.609623
8.711143 2.756857
11.630294 -4.684582
7.612118 -8.846435
10.490953 -11.562671
5.732844 -7.871370
9.261003 -7.558726
8.364950 -7.359258
9.377485 -7.898949
2.746174 1.771541
7.325870 1.180789
1.483949 1.355696
0.912234 1.247586
5.165452 1.334475
7.343167 -1.076499
6.911623 -1.553349
9.771072 -1.633669
8.108664 -0.988579
8.472538 2.219567
8.053645 2.399633
4.976714 3.028244
7.015024 2.066851
5.286797 1.456976
4.372451 1.495309
3.966578 1.210182
4.769083 1.068549
1.731456 -1.172041
3.302748 1.209886
3.620920 1.393154
5.721205 1.123526
7.796582 -1.525689
7.800046 -0.465986
6.846228 2.554468
7.370183 4.219317
3.850370 1.725904
3.265594 1.399965
6.288335 2.049218
8.175850 0.484317
7.059215 -0.641462
7.768936 -0.372739
8.566697 -0.467929
7.005765 -0.468334
7.341659 -1.229727
8.073602 2.117897
4.239686 1.600095
5.840168 1.314015
2.558975 1.059194
0.677226 1.496604
0.278890 -0.001540
-0.433980 -0.074449
-0.010910 -2.184047
0.058775 -2.261202
1.382843 -3.774525
4.102235 -4.917415
1.942462 -4.129697
-0.309210 -3.402724
1.013598 -2.665255
1.524157 -2.761363
1.641395 1.057762
0.980928 0.801735
3.335507 1.793676
4.157111 1.346702
3.758036 1.063330
5.379814 1.897452
6.169845 1.345625
5.058466 2.147324
2.988942 1.414767
2.067838 1.921122
8.418572 1.093198
7.428280 0.295296
6.757338 2.110807
9.057374 -0.985977
8.722218 0.904572
8.893130 2.713348
7.678994 0.233060
9.021791 1.553091
8.729317 5.034264
11.101983 6.344203
14.520807 3.335166
14.930860 2.334425
15.728114 4.569529
12.356142 4.583536
10.418062 3.611463
8.794588 3.755283
8.283818 1.445724
8.710205 -0.256868
9.080830 -1.610133
7.861510 0.538800
8.144235 0.515876
8.094353 1.608179
8.108294 -0.391402
7.230985 2.586351
8.477468 1.666908
8.564926 1.736987
8.195508 1.067404
8.013074 1.055585
5.742971 3.706557
7.734948 3.501159
10.933867 3.993462
15.023866 4.429996
14.956238 1.816252
15.455105 3.751271
18.287960 4.319224
16.272196 2.883177
18.853615 1.033541
16.839006 4.077005
17.577061 0.057472
14.456420 -0.518956
15.838755 -7.473415
5.747595 -8.686712
6.976116 -10.153426
5.052496 -7.082146
7.116569 -0.555087
7.358438 -0.518206
6.870504 -1.132772
8.858279 1.392748
7.906268 2.768609
8.130167 1.489608
8.026237 1.338695
7.146246 1.715762
7.059297 0.786851
8.773970 0.810155
6.859127 2.901319
8.096795 3.874774
8.029962 4.547991
11.804173 5.771817
11.345446 5.010946
9.060379 6.438182
10.716347 5.700404
8.535173 2.989221
7.611948 -0.328806
7.058266 -0.544255
7.382536 -1.036624
8.925276 -0.614976
8.671895 2.236790
2.870141 1.175859
2.411396 1.117384
0.989559 1.849560
1.579292 0.387772
1.500609 0.017511
1.022349 0.869523
1.254756 0.443826
1.226125 -1.337320
1.184183 -2.424872
1.467611 -0.091315
1.023296 0.724751
1.117378 2.479637
2.691533 1.319004
4.333458 2.112440
3.281056 1.153514
3.946791 1.288095
5.019522 1.282981
8.603059 2.545035
5.558145 2.367752
8.629404 2.946705
9.428001 4.093034
13.428287 4.047785
16.606230 1.870250
15.101377 2.394024
14.501972 0.883916
14.387384 3.599838
16.094826 3.002939
14.728436 2.263968
15.080743 4.788505
11.531769 3.898315
11.067020 4.680392
8.583744 3.731451
8.186179 -1.542567
8.124183 -0.113369
8.077628 -0.636686
7.393158 -0.568358
8.176339 0.273702
3.194496 1.209080
1.583931 1.414485
0.951014 0.463718
5.566857 -4.009846
11.729048 -1.632196
11.881034 -2.193323
11.768414 -2.765150
11.503311 -3.988436
11.987759 -7.302323
9.754557 -7.011428
9.684265 -9.045209
9.514293 -9.135308
12.389702 -8.117555
11.614702 -4.137545
8.003182 -7.797297
5.916745 -7.277393
4.763735 -5.126102
5.529651 -4.662490
6.098376 -4.720647
5.565349 -5.073312
6.613088 -7.716182
12.130033 -7.554019
9.648491 -7.908980
11.214953 -6.730711
8.713598 -8.908475
7.734690 -7.818178
9.928278 -11.130965
9.171953 -8.279092
10.134899 -8.533484
7.666403 -10.910356
1.326791 -3.744386
1.465094 -3.609534
1.226713 -2.591834
1.211383 -2.135804
1.801957 -0.824092
0.847995 0.339261
1.178636 0.447445
1.111537 1.557342
4.747196 1.317468
4.977461 1.192405
3.504551 1.275774
1.804275 2.248856
3.128962 1.495905
2.948559 2.306862
0.988766 1.852206
1.666339 -0.963088
0.990105 -2.648856
0.894486 -1.115967
1.533556 -1.799413
1.175781 0.006056
3.090392 1.656582
2.916300 1.671154
3.597790 2.879453
5.171074 1.413803
5.446485 2.635955
5.017802 1.371070
3.081905 2.209794
2.395371 1.341826
1.697581 1.603994
1.249338 -0.527263
0.393748 -0.295266
0.033777 1.287356
2.429501 1.359786
4.337323 1.469630
3.278472 1.396790
0.399892 0.026746
0.964906 0.161024
0.600808 0.463023
7.411162 -1.193861
7.679551 -0.622118
8.158133 -0.160337
8.154159 0.077579
8.418890 -0.158870
8.766879 -0.064263
8.657918 1.797486
7.977292 1.801798
10.375540 4.321810
7.757390 4.039723
14.730085 5.113580
15.105284 -0.152183
15.581013 1.385706
15.580261 3.445212
12.749476 3.419890
10.654805 5.453303
5.786174 1.314216
5.657423 2.155001
5.083718 1.937722
8.410968 1.955515
7.357232 -0.447895
8.577440 -0.795358
7.933250 -0.713314
7.731730 1.261609
7.264373 0.472087
6.198826 2.544962
5.601038 1.969533
4.474342 1.497717
1.673725 -0.548576
0.766005 -5.814117
1.640810 -3.619128
1.485669 -5.189652
0.769537 -3.054297
0.755718 -2.515290
1.437537 2.062355
0.648422 2.865519
9.011906 -0.855819
7.896438 -0.674453
0.841253 -2.205890
1.266896 -2.246416
5.798837 -3.985623
4.891515 -4.764717
6.315599 -4.527786
5.717964 -5.820943
0.403777 -5.418057
2.621470 -3.977510
4.856726 -5.918761
5.040854 -6.577062
7.428511 -7.124285
5.464819 -7.979957
8.459525 -6.965838
8.123681 -7.563920
4.868256 -8.152757
6.359939 -7.575887
8.625779 -10.314557
6.783546 -9.298700
7.606048 -8.393264
4.704868 -10.547798
6.137496 -4.619521
3.910505 -4.178164
3.459881 -4.305501
1.442905 -4.959804
0.782534 -1.558672
1.778695 1.060558
1.188286 -1.740480
1.209543 0.554533
0.137352 1.671485
3.006647 1.265808
3.707858 1.616531
3.639218 1.995728
3.320643 2.231810
2.126224 2.014353
2.907503 1.271469
3.111172 1.324752
3.227669 2.456853
3.011003 2.746936
5.290038 2.022070
7.563178 1.353072
6.941864 0.032292
6.818362 0.318112
4.868668 1.344124
4.714734 1.972560
4.115430 1.152228
1.692417 1.872083
2.835563 2.161188
-0.692904 0.696900
0.732509 -0.971808
-0.019930 -1.625119
1.772807 -1.774059
1.031325 -1.200489
1.835464 1.153105
2.510456 1.431244
3.674972 1.159237
4.871315 1.241208
1.995172 1.425703
3.359203 1.399307
1.725526 0.517632
4.842029 1.216758
7.115184 1.878026
4.985360 2.863760
6.826548 -0.935387
3.936175 1.108920
4.179690 1.363613
1.291062 -0.786639
1.578569 -0.005585
0.975205 -2.088276
1.440400 -1.864322
1.180893 -1.264882
1.641909 -0.704681
1.140073 -1.014969
1.293199 -0.717696
0.671105 -0.330175
1.405386 -1.343606
0.765771 -1.978253
1.684485 1.043354
0.355554 -0.243213
0.608026 0.667611
1.980370 1.942014
3.235969 1.226558
2.598205 1.575509
3.033398 1.139107
4.718467 1.923489
4.118929 2.382126
3.525577 1.182908
2.429958 3.106966
4.828073 3.706720
6.390324 1.992866
5.800000 2.297443
5.179347 1.318231
3.858468 2.364666
3.619895 1.565994
0.852085 0.834536
1.741091 0.598555
6.975847 -0.473501
7.249054 -0.532869
8.905980 -0.430233
8.566069 -0.387713
8.469667 2.522492
10.951916 6.582518
8.821513 5.039156
10.937985 3.461980
13.446112 4.721744
8.410605 -0.359134
8.019576 2.515077
11.919684 4.019972
11.116643 3.833193
9.874113 4.471211
9.680740 3.489825
9.075941 1.113017
8.063751 1.263491
5.797939 2.546741
8.190449 0.040170
9.084952 0.499762
9.083462 2.200804
8.389375 1.843371
7.702974 1.167695
8.070254 1.871187
8.861472 2.244949
8.150217 0.356997
7.547844 2.110168
4.599329 1.919801
4.577723 2.000957
5.037670 3.208057
3.366931 1.613049
5.658422 1.625508
5.949290 1.455045
3.724616 1.441284
3.474539 2.404798
5.934293 2.018051
4.450721 1.667511
5.106433 1.103241
8.872483 1.663584
7.092495 0.606109
7.785373 -0.604414
8.293912 0.696829
8.973598 2.049877
6.689554 1.572017
8.904209 2.799664
8.630669 2.385193
8.577779 0.651595
7.795681 2.856092
10.249020 4.098363
6.918229 3.315008
5.857976 3.813895
4.460513 1.935993
6.369258 1.768963
5.499234 1.310772
3.305370 1.657311
1.163529 0.815647
1.263421 1.430611
3.479949 -4.829710
3.440870 -4.243916
1.084066 -3.720990
1.191855 -2.457504
0.715929 -2.312786
1.707918 -0.706961
1.498108 -0.390888
1.226855 -2.146318
0.242479 -4.177440
3.549157 -4.698984
3.719982 -4.729960
4.810057 -5.295130
5.424115 -4.189144
2.811707 -5.887117
3.046194 -4.063253
4.794888 -4.267492
4.556506 -4.869501
6.088547 -4.737140
6.091940 -6.842909
6.069178 -4.049162
5.337340 -5.968199
4.215469 -6.392333
3.881083 -5.523407
2.136591 -4.255367
3.381097 -4.787674
4.244159 -4.731119
6.484897 -7.633579
5.448701 -7.080458
9.437935 -6.787406
9.027800 -11.570266
10.618752 -9.625404
10.959526 -7.996987
8.944092 -10.812894
9.330613 -7.126739
5.701615 -7.199566
5.635764 -4.699789
5.345637 -4.953843
4.793052 -6.696968
2.514923 -5.074099
-0.252690 -3.089550
1.051297 -1.270999
1.015339 -0.496131
1.785704 -0.829375
1.484040 3.897765
3.429267 1.484292
3.956504 1.885483
4.907971 1.939503
4.753045 2.136105
8.356253 1.877722
7.493376 0.228489
7.359661 0.557832
7.937133 -1.061123
7.878114 0.248555
8.350452 0.819823
8.903250 1.912781
8.586948 2.140239
6.305563 2.074330
8.310749 3.658691
11.069476 4.586049
9.362149 3.671564
10.615801 3.858939
10.573567 3.432531
7.952868 3.669614
7.508432 3.065655
8.852774 2.241483
8.653719 3.939142
10.266859 3.664681
14.220594 4.523153
14.915226 0.110621
15.346052 0.065195
10.673658 4.501728
8.358688 4.094211
8.744738 1.643086
8.731152 1.638237
9.027200 1.829017
8.698638 0.890053
8.645916 0.395571
6.818052 0.670242
7.514964 -0.450588
9.055875 0.995754
7.051380 0.265046
8.332397 -1.597989
8.135427 0.196058
6.061069 1.563365
5.298929 1.192676
5.517642 1.742213
5.932135 2.936304
3.992811 1.225252
5.768036 1.063544
2.513234 1.170541
3.586364 1.174996
3.327325 1.890616
4.850321 2.720889
2.655909 1.127891
1.366718 0.349934
1.321857 1.264375
2.492598 1.373784
2.514522 1.256567
1.338803 0.126791
1.473472 -3.102188
0.772984 -2.891195
1.146594 -3.253592
2.036534 2.594818
2.167366 3.437753
3.772508 1.740744
1.801074 -0.772102
1.499671 -1.160329
0.746575 -0.326823
1.628011 -0.318891
3.799057 1.373715
4.029327 1.165830
0.455532 1.996543
0.878842 1.295727
6.116956 -4.562110
4.888453 -5.706304
10.382348 -10.119468
7.885956 -6.833860
11.718153 -6.691236
10.000640 -10.909531
9.923221 -10.109789
8.005022 -7.688319
7.599431 -9.699529
8.199827 -6.682498
10.613183 -8.030514
11.893345 -6.334237
11.642797 -6.075975
12.023585 -11.478295
8.453659 -11.677888
5.706798 -7.716453
8.128293 -7.676824
8.280647 -6.996022
9.480136 -8.454685
6.196803 -6.656119
5.086354 -7.419972
3.794392 -6.395865
5.144732 -5.492577
8.943355 -9.566549
8.779772 -7.166312
15.021664 -7.246989
16.778513 -12.359327
