15.057501 9.829222
13.139746 4.602250
11.903756 1.989351
10.907366 0.127099
9.675091 -7.322344
8.977935 -8.950892
8.978472 -8.951333
8.979723 -8.952507
8.982595 -8.955636
8.989068 -8.963991
9.003236 -8.986342
9.033029 -9.046529
9.092023 -9.209649
9.196052 -9.664021
9.343943 -10.957023
9.246250 -10.909784
9.207807 -11.046376
9.294567 -11.121676
9.214896 -11.058181
9.303029 -11.135651
9.215781 -11.059009
9.304093 -11.136630
9.215882 -11.059072
9.304213 -11.136704
9.215894 -11.059076
9.304227 -11.136711
9.215896 -11.059076
9.304230 -11.136711
9.215896 -11.059076
9.304230 -11.136711
9.215896 -11.059076
9.304230 -11.136711
9.215896 -11.059076
9.304230 -11.136711
13.350702 -14.511727
