4.264033 -7.331562
7.888015 -10.090461
8.014527 -10.157969
7.888040 -10.090468
8.014548 -10.157976
7.888109 -10.090492
8.014609 -10.158000
7.888310 -10.090558
8.014786 -10.158063
7.888890 -10.090749
8.015292 -10.158250
7.890554 -10.091298
8.016747 -10.158786
7.895323 -10.092890
8.020916 -10.160338
7.908881 -10.097674
8.032782 -10.164976
7.944426 -10.116979
8.063995 -10.182689
8.025590 -10.228667
7.902522 -10.180274
7.904059 -11.276256
8.083285 -11.140916
7.948560 -11.737484
8.085341 -11.567148
6.908872 -13.376025
9.989034 -18.273846
