15.162278 9.873096
14.805775 4.210040
14.137083 1.381474
13.805377 -1.456308
12.027175 -1.019309
10.979731 -2.956693
10.794473 -4.467562
10.971350 -5.046404
11.007993 -6.143415
11.645771 -6.514574
12.150799 -7.007058
13.774055 -7.782708
9.171219 -10.452626
9.256663 -10.401361
9.356205 -10.343233
9.228862 -10.415166
9.171219 -10.452627
9.256663 -10.401362
9.356203 -10.343230
9.228861 -10.415164
9.171213 -10.452622
9.256658 -10.401357
9.356183 -10.343202
9.228843 -10.415139
9.171154 -10.452489
9.256586 -10.401193
9.356068 -10.342299
9.228735 -10.414400
9.171728 -10.448081
9.257294 -10.395761
9.369832 -10.309681
9.255829 -10.381930
9.301115 -10.449927
9.202761 -10.494561
9.300358 -10.456238
9.202124 -10.499721
9.300459 -10.456536
9.202208 -10.499965
9.300472 -10.456550
9.202218 -10.499976
9.300474 -10.456552
9.202219 -10.499976
9.300474 -10.456552
9.202219 -10.499976
9.300474 -10.456552
9.202219 -10.499976
9.300474 -10.456552
9.202219 -10.499976
9.300474 -10.456552
9.202219 -10.499976
15.273727 -8.032085
19.661257 -11.906991
