3.527305 10.126785
5.176400 10.859334
4.857263 11.277419
5.722513 10.868487
5.603630 11.690535
5.206102 12.388599
5.593372 11.985250
5.208276 12.672143
5.545533 12.078037
5.833435 11.655954
5.263754 12.878221
5.449754 12.486623
5.599614 12.341062
5.217142 12.825246
5.387840 12.592539
5.639945 12.015577
5.258351 12.702779
5.563337 12.077706
5.849199 11.654311
5.273690 12.874442
5.457388 12.483091
5.606297 12.338002
5.220588 12.822894
5.391127 12.590558
5.641651 12.014300
5.260071 12.701636
3.967665 16.924303
