10.483202 -18.656496
7.917193 -10.340240
8.049477 -10.363217
8.021759 -10.258744
7.891484 -10.213954
7.949520 -10.235479
8.071983 -10.279077
8.019764 -10.257634
7.889192 -10.212736
7.948565 -10.235202
8.071170 -10.278808
8.019456 -10.257537
7.888833 -10.212642
7.948425 -10.235161
8.071050 -10.278768
8.019409 -10.257524
7.888778 -10.212628
7.948403 -10.235154
8.071033 -10.278762
8.019402 -10.257521
7.888769 -10.212626
2.938365 -7.684746
-7.385470 6.669684
-7.721618 7.894158
-7.557453 7.891311
-7.798568 8.032242
-7.605937 7.975675
-7.812854 8.040542
-7.616157 7.980093
-7.815526 8.040911
-7.618132 7.980162
-7.816021 8.040900
-7.618502 7.980126
-7.816113 8.040893
-7.618570 7.980115
-7.816129 8.040892
-7.618584 7.980114
-7.816132 8.040892
-7.618585 7.980114
-7.816133 8.040892
-7.618587 7.980114
-7.816133 8.040891
-7.618586 7.980114
-9.944462 9.098247
-16.510880 16.493235
