-3.611918 -11.420167
-5.749173 -7.065495
-6.010855 -3.776295
-6.176737 -0.652987
-7.932283 4.051738
-7.819656 7.276776
-7.620091 7.318952
-7.596204 7.858565
-7.896235 7.908263
-7.650964 7.887351
-7.429364 7.856225
-7.560037 7.897388
-7.856134 7.956039
-7.643795 7.891376
-7.947274 7.952062
-7.660046 7.888548
-7.436864 7.857332
-7.561656 7.897249
-7.857836 7.955945
-7.644099 7.891323
-7.947617 7.952003
-7.660106 7.888536
-7.436914 7.857320
-7.561667 7.897246
-7.857847 7.955942
-10.932314 9.252455
-16.028700 19.332277
