17.576750 17.096292
10.501495 10.960295
-8.472352 -10.575017
-9.533278 -11.630572
-10.975520 -13.416823
-11.299769 -12.705680
-11.124185 -12.253367
-11.273617 -12.144532
-11.084251 -11.851949
-11.223467 -11.943662
-11.036107 -11.716601
-11.508067 -12.526971
-11.188887 -11.876415
-11.007454 -11.671288
-11.484968 -12.492476
-11.171686 -11.854015
-10.993906 -11.656175
-11.474386 -12.480990
-11.164005 -11.846707
-10.987977 -11.651258
-11.469839 -12.477266
-11.160763 -11.844394
-10.985505 -11.649711
-11.467970 -12.476100
-11.159447 -11.843693
-10.984512 -11.649245
-11.467228 -12.475752
-11.158931 -11.843491
-10.984125 -11.649112
-14.541677 -19.355946
