-3.826182 1.226054
-4.704614 -0.356246
-5.612318 -1.177198
-6.524901 -1.905442
-7.169508 -2.373073
-7.493624 -2.393786
-7.863790 -2.477809
-8.366126 -8.169734
-8.332418 -8.081808
-8.366126 -8.169734
-8.332419 -8.081808
-8.366129 -8.169734
-8.332422 -8.081809
-8.366145 -8.169737
-8.332443 -8.081811
-8.366240 -8.169750
-8.332561 -8.081824
-8.366787 -8.169817
-8.333245 -8.081892
-8.369953 -8.170093
-8.337197 -8.082133
-8.388520 -8.170564
-8.359983 -8.082239
-8.497353 -8.168981
-8.495361 -8.076359
-9.142735 -8.225335
-9.290067 -8.115838
-9.411756 -8.172534
-9.625079 -8.040968
-9.532679 -8.101698
-9.358287 -8.201297
-9.423397 -8.171837
-9.638042 -8.040683
-9.537240 -8.099139
-9.362259 -8.199140
-9.424876 -8.170917
-9.639647 -8.039660
-9.537949 -8.098678
-9.362882 -8.198751
-9.425112 -8.170767
-9.639904 -8.039493
-9.538063 -8.098602
-9.362980 -8.198689
-9.425151 -8.170744
-9.639946 -8.039466
-13.931182 -6.109796
-19.480957 -10.120559
