18.461882 -14.308830
10.445992 -10.645991
7.901941 -9.551793
7.846327 -9.659618
8.027574 -9.697528
7.856930 -9.749836
8.043371 -9.770322
7.873597 -9.750907
8.057606 -9.771688
7.880505 -9.750777
8.063435 -9.771815
7.883326 -9.750699
8.065807 -9.771845
7.884451 -9.750669
8.066754 -9.771856
7.884907 -9.750656
8.067139 -9.771859
7.885087 -9.750651
8.067291 -9.771862
7.885158 -9.750648
8.067350 -9.771862
7.885185 -9.750648
8.067374 -9.771862
3.574724 -8.052278
-3.733787 -2.702479
-9.305008 1.283469
-9.135811 1.140750
-9.751794 1.214893
-10.093017 0.755204
-11.484927 -0.875741
-17.312330 0.983048
