-18.231390 -10.847035
-11.388041 -6.711160
-8.535382 -5.856964
-6.105920 -4.552297
-4.294344 -2.298491
-4.342541 -2.327626
-4.304306 -2.312737
-4.352159 -2.343419
-4.318032 -2.333779
-4.365832 -2.367426
-4.336877 -2.365574
-4.385020 -2.403648
-4.362742 -2.413397
-4.411489 -2.457585
-4.397428 -2.483105
-4.446139 -2.538471
-4.441729 -2.584151
-4.488472 -2.652668
-4.493332 -2.726720
-4.534635 -2.815406
-4.544667 -2.927892
-4.572959 -3.037440
-4.579424 -3.186573
-3.546664 -2.312464
6.629307 5.754248
8.609208 7.540609
9.339819 8.114076
9.416280 8.182818
9.484699 8.269216
9.811180 8.545926
9.654880 8.454552
9.616518 8.442490
9.681641 8.515629
9.630026 8.481365
9.682845 8.529510
9.630075 8.490100
9.580475 8.447282
9.595949 8.460316
9.566170 8.432532
9.591240 8.455081
9.564254 8.429885
9.590625 8.454162
9.564019 8.429412
9.590555 8.454000
9.563996 8.429326
9.590549 8.453970
9.563995 8.429311
9.590549 8.453965
10.112492 8.796070
11.164251 9.429507
19.141367 14.151547
