-0.009413 -7.138394
-1.320351 -3.843517
-2.301878 -1.274283
-3.149259 -0.517663
-4.112925 -0.102419
-4.261625 -0.589971
-4.531765 -0.521921
-4.244703 -0.549817
-4.555820 -0.453985
-4.275553 -0.545128
-4.583984 -0.446700
-4.300550 -0.542308
-4.070643 -0.586300
-4.368407 -0.440903
-4.224436 -0.493665
-4.482792 -0.422289
-4.343417 -0.480800
-4.563314 -0.409568
-4.427852 -0.470620
-4.171348 -0.553995
-4.488621 -0.462579
-4.218647 -0.549965
-4.532164 -0.455867
-4.255346 -0.547103
-4.565468 -0.449984
-6.379849 1.394967
-7.054682 2.893766
-8.165737 4.478869
