16.556992 -2.525257
11.155762 -2.422113
0.757274 -0.156599
1.271131 -0.039181
1.242045 -0.019958
0.727143 -0.140406
1.752809 0.015669
1.167458 -0.064589
1.140622 -0.044726
1.706271 0.047728
1.649954 -0.006360
1.074803 -0.091333
1.048334 -0.072386
1.601686 0.026150
1.557795 -0.026193
0.994455 -0.116285
0.963274 -0.099656
1.505492 0.004219
1.472969 -0.066175
0.918046 -0.158239
0.916043 -0.435112
1.445389 -0.394728
1.758948 -1.755682
0.548397 -2.605659
-0.737975 -3.639251
-2.563099 -5.611866
-4.695899 -7.013591
-6.790615 -7.744945
-9.656221 -8.763034
