-4.713963 -12.763292
-1.178929 -10.475890
1.146798 -9.518056
7.845355 -9.805859
8.036052 -9.815134
7.855346 -9.805369
8.044499 -9.815078
7.875014 -9.804477
8.061104 -9.815012
7.915525 -9.802768
8.095573 -9.814805
7.998125 -9.804307
8.167500 -9.818216
8.195747 -9.827805
8.030383 -9.815177
7.842233 -9.806018
8.033402 -9.815165
7.849246 -9.805662
8.039346 -9.815104
7.862957 -9.805034
8.050901 -9.815089
7.890286 -9.804029
8.074111 -9.815068
7.945101 -9.806906
8.121225 -9.818942
9.837683 -7.639704
14.759136 -5.858572
