10.191260 -18.447578
8.166761 -9.852829
7.995122 -9.847219
8.120733 -9.750008
7.948760 -9.721055
7.895503 -9.650111
8.071217 -9.692002
7.928946 -9.649310
8.099382 -9.692346
7.936182 -9.649644
8.105649 -9.692779
7.937805 -9.649737
8.107053 -9.692889
7.938169 -9.649760
8.107369 -9.692916
7.938252 -9.649764
8.107441 -9.692921
7.938272 -9.649765
8.107457 -9.692922
7.938275 -9.649766
8.107461 -9.692922
5.036229 -7.998001
4.225206 -6.109970
2.198187 -4.141399
0.795848 -3.379990
0.795668 -3.377830
0.795375 -3.373931
0.794906 -3.366886
0.794059 -3.354127
0.792084 -3.331494
0.787166 -3.291854
0.774405 -3.220466
0.741082 -3.089193
0.676559 -2.853961
0.567573 -2.391489
0.569208 -1.395637
0.479324 0.713006
0.495101 3.573482
-0.128711 7.385717
-0.066102 11.356196
-0.145853 18.780863
