16.160307 2.715179
11.769747 1.441918
9.484901 0.794534
7.530135 0.212009
1.289466 -0.033712
1.538846 0.068291
0.806352 -0.096517
1.282309 0.036444
1.793943 0.072185
1.114027 -0.007591
1.556154 0.021442
0.890927 -0.078583
1.218895 -0.055022
1.451016 0.047204
1.703218 0.072615
0.683032 -0.136313
1.138678 -0.000284
1.591058 0.029386
0.923968 -0.068408
1.269555 -0.044320
1.514507 0.055166
1.786971 0.080557
0.772527 -0.131071
1.244333 -0.003620
1.748060 -0.109104
1.067900 -0.183365
1.551410 -0.798817
0.872405 -0.818036
1.454439 -3.326850
0.428811 -5.796624
-0.876079 -8.066020
-2.414793 -10.059101
