16.202988 3.279070
12.106266 1.329270
9.681314 1.530500
7.871971 1.430745
5.955442 1.244131
4.650155 1.195613
4.044541 1.150398
1.053476 0.492571
1.341401 0.584921
1.733078 0.627983
0.697213 0.356124
0.886277 0.447031
1.052678 0.490624
1.340560 0.582117
1.732068 0.622974
0.693573 0.339231
0.881530 0.418990
1.048766 0.436896
1.340380 0.501013
1.735438 0.471929
0.673124 -0.208396
0.872327 -0.462611
1.067159 -1.283352
1.558672 -1.445447
1.646078 -2.587927
1.670739 -3.168202
1.187728 -3.082760
1.757762 -3.534670
1.244581 -3.204346
1.788508 -3.620854
1.261266 -3.236139
1.797914 -3.642145
1.266182 -3.244627
1.800687 -3.647696
1.267593 -3.246899
1.801489 -3.649170
1.267987 -3.247509
1.801716 -3.649565
1.268096 -3.247673
1.801779 -3.649671
1.268127 -3.247717
1.801796 -3.649700
1.268134 -3.247729
1.801801 -3.649708
3.088190 -4.391088
2.412477 -6.816976
1.539900 -8.973612
0.189276 -11.787655
-3.233022 -18.179750
