0.379162 -12.141272
7.849349 -10.128905
8.111910 -10.117883
8.245788 -10.120628
8.012628 -10.130190
7.849353 -10.128905
8.111914 -10.117883
8.245798 -10.120629
8.012639 -10.130189
7.849389 -10.128904
8.111942 -10.117883
8.245915 -10.120657
8.012776 -10.130221
7.849782 -10.129281
8.112269 -10.118202
8.246747 -10.123528
8.013733 -10.133670
7.848924 -10.156722
8.111837 -10.140973
8.217391 -10.299893
7.979174 -10.346078
7.923734 -11.558589
8.220842 -11.936711
10.346426 -13.152628
18.436541 -16.327026
