-6.485829 -3.203338
-3.940570 -4.624502
-1.723447 -5.561636
0.127053 -6.837349
1.297345 -8.167769
1.822467 -8.856092
8.095909 -9.845954
7.848212 -9.805170
8.095913 -9.845954
7.848216 -9.805169
8.095929 -9.845954
7.848235 -9.805168
8.095996 -9.845956
7.848318 -9.805167
8.096305 -9.845965
7.848692 -9.805166
8.097684 -9.846064
7.850362 -9.805226
8.103582 -9.846949
7.857479 -9.806052
8.126796 -9.854566
7.884943 -9.814423
8.200589 -9.924937
7.969235 -9.896867
8.306802 -10.551070
8.082622 -10.645659
10.505057 -15.506182
