1.535962 -18.129480
4.795207 -13.349759
8.001939 -10.946003
7.886025 -11.017285
8.001943 -10.945964
7.886038 -11.017230
8.001974 -10.945847
7.886104 -11.017065
8.002127 -10.945504
7.886380 -11.016580
8.002756 -10.944491
7.887463 -11.015136
8.005187 -10.941458
7.891504 -11.010781
8.014163 -10.932271
7.906296 -10.997551
8.047757 -10.904160
7.960766 -10.956812
8.171486 -10.816141
7.932722 -10.950642
8.305671 -10.209098
8.079758 -10.235124
7.893227 -9.342717
8.034207 -9.401341
7.867951 -9.213104
8.008508 -9.315850
7.860279 -9.200612
8.002096 -9.307470
7.858707 -9.199264
8.000851 -9.306548
7.858420 -9.199096
8.000628 -9.306432
7.858369 -9.199072
8.000589 -9.306415
7.858361 -9.199067
8.000582 -9.306412
7.858359 -9.199068
8.000581 -9.306413
7.858358 -9.199067
8.000580 -9.306411
6.542943 -7.765088
7.529020 -6.597789
8.176246 -5.914867
8.522690 -5.800915
8.681819 -5.534107
10.885846 1.385183
11.027242 1.773886
10.885952 1.385346
11.027328 1.774025
10.886199 1.385727
11.027534 1.774352
10.886791 1.386624
11.028023 1.775118
10.888227 1.388709
11.029214 1.776909
10.891798 1.393465
11.032184 1.781057
10.901109 1.404272
11.039961 1.790583
10.926944 1.427022
11.061755 1.811219
11.005965 1.465059
11.131746 1.850843
11.294337 1.469905
11.394771 1.896410
11.988502 2.144229
12.719315 1.123802
16.801250 3.500102
