-8.838015 17.477127
-10.056851 10.256696
-8.070898 8.599457
-7.543780 8.284719
-7.593605 8.181425
-7.722755 8.153893
-7.910439 7.892902
-7.676020 7.929338
-7.710166 7.183523
-7.886608 7.027481
-7.726881 7.024336
-7.889334 6.846333
-7.807381 6.903996
-7.652531 7.078291
-7.671074 7.092116
-7.830678 6.920730
-7.764407 6.965356
-7.924192 6.788936
-7.839062 6.858133
-7.682394 7.037761
-7.691116 7.065411
-7.852067 6.890332
-7.781643 6.940522
-7.940782 6.764802
-7.850643 6.841140
-7.693767 7.022149
-7.698798 7.055121
-7.860205 6.878671
-18.255056 2.319959
