2.693398 4.227635
2.762088 1.137651
1.221783 0.711445
1.222255 0.711294
1.223253 0.710655
1.225390 0.708398
1.230031 0.701069
1.240324 0.678300
1.262941 0.609666
1.312987 0.411867
1.432967 -0.137614
1.692282 -1.652557
1.283899 -1.945224
1.373122 -2.820573
1.072845 -2.783123
1.379028 -3.047701
1.089406 -2.961291
1.405238 -3.104048
1.113487 -3.005776
1.417816 -3.120834
1.124862 -3.019297
1.423148 -3.126540
1.129675 -3.023906
1.425331 -3.128580
1.131626 -3.025562
1.426199 -3.129338
1.132397 -3.026178
1.426537 -3.129626
1.132697 -3.026412
1.426669 -3.129736
1.132814 -3.026501
3.836851 -4.634295
5.971999 -7.615467
7.953977 -9.374019
7.900509 -9.353801
7.954149 -9.374039
7.900741 -9.353829
7.954572 -9.374086
7.901307 -9.353894
7.955609 -9.374202
7.902696 -9.354053
7.958150 -9.374467
7.906102 -9.354417
7.964386 -9.375070
7.914476 -9.355238
7.979718 -9.376359
7.935245 -9.356954
8.017803 -9.378676
7.987525 -9.359981
8.114199 -9.381619
8.123216 -9.363977
8.369906 -9.379962
8.505190 -9.362767
9.129656 -9.352716
12.046640 -11.477696
