-0.617591 6.523668
0.495834 2.983876
1.003779 0.244423
1.340176 -1.531162
1.732374 -2.904905
1.398588 -3.099573
1.059089 -2.972452
1.713099 -3.270024
1.202441 -3.046993
0.890156 -2.926421
1.631100 -3.230266
1.148210 -3.016999
0.842185 -2.900387
1.604661 -3.212768
1.130298 -3.004179
0.825556 -2.889197
1.595138 -3.205633
1.123758 -2.999081
0.819539 -2.884733
1.591608 -3.202843
1.121342 -2.997107
0.817275 -2.882976
1.590237 -3.201751
1.120403 -2.996335
0.816394 -2.882289
1.589697 -3.201326
1.120035 -2.996033
0.816050 -2.882021
1.589484 -3.201162
1.119890 -2.995917
0.815914 -2.881918
1.589400 -3.201097
1.119833 -2.995872
0.815861 -2.881877
3.463125 -4.536837
5.425360 -6.307075
7.096728 -7.467206
