-19.300159 16.661730
-9.263591 7.919114
-7.389967 7.078773
-1.660652 6.442207
-0.675732 4.731925
2.899946 5.945979
5.819556 8.168180
6.505083 7.200726
5.864963 6.890566
3.403182 5.664436
7.639580 5.208248
9.274709 4.330233
9.432517 2.675134
12.763450 3.172709
9.431475 2.988810
10.852699 2.257774
8.825427 4.686683
9.479908 4.438311
7.360268 4.958376
7.399463 4.813452
8.247762 3.649189
5.339962 2.739136
8.726812 3.953693
9.457978 1.342264
7.699429 1.901847
8.924000 5.132355
10.476719 2.347943
12.519627 1.532227
9.493519 2.718486
11.354599 2.761210
10.140729 3.710954
10.584929 3.199767
16.482132 1.099648
12.773406 1.263858
11.457843 3.386996
10.761703 3.084234
10.248054 3.370400
8.067266 2.552185
9.097183 5.049504
7.790124 1.114216
8.131865 3.379651
10.799520 3.440047
10.213408 1.733595
10.102369 3.571782
10.747572 1.741532
7.134679 5.205464
8.845926 5.540732
9.408995 3.636699
11.394002 3.736532
16.367273 3.279138
16.037325 -1.130091
15.012026 5.828556
15.834587 7.581748
15.185296 9.178727
11.825183 9.338916
13.726854 9.554602
13.001225 9.313106
9.783351 3.561347
10.145244 0.736725
9.910560 0.623580
14.930866 6.712707
14.220052 3.451301
8.950025 5.319464
6.676733 1.099870
6.272344 3.673633
9.561290 4.227218
8.522139 3.855653
9.923025 3.292879
9.629613 3.480718
10.587685 1.302693
10.779056 1.975720
7.884913 5.449726
8.454496 4.854277
9.125470 3.101867
12.626591 10.510170
11.987015 8.831733
13.609434 10.111398
12.747905 1.438607
11.553508 0.297246
15.413818 4.472820
15.331121 4.646947
14.953320 6.084735
9.261875 4.648345
10.195122 3.662854
9.077358 3.680348
13.576561 2.410337
12.165534 2.368792
9.563287 3.867280
9.005945 3.572850
8.334958 2.571276
9.808689 3.784263
9.875703 3.409266
7.943304 5.278085
7.752445 5.434290
8.521912 5.528924
9.417424 3.250136
8.986755 3.499511
9.529144 5.415421
8.550130 4.683535
4.972450 5.797478
5.413398 6.349707
5.066816 6.835269
4.896860 2.988081
6.715811 3.227769
9.180613 5.194217
7.097290 4.611776
8.563804 4.863862
6.994093 3.360787
8.894458 5.082846
7.712182 4.691788
8.895049 5.090173
7.765872 5.050745
9.409096 4.185445
10.573112 3.109288
12.497661 3.617877
10.997481 2.824859
8.893732 3.405690
12.185883 3.598713
9.966860 3.735640
13.248502 2.874556
16.565844 -0.969351
14.957512 4.650684
15.928355 7.483509
15.048262 4.836489
15.301111 9.815316
13.924267 9.352486
16.069458 8.767144
15.400505 12.194796
15.090113 12.611438
13.961649 10.719741
5.219568 6.721722
8.080018 4.306647
8.418259 1.314952
9.337141 4.198818
8.968549 4.200443
9.584462 5.451984
9.682917 5.289953
8.851891 5.557640
9.790085 4.180759
9.234398 5.550571
6.758854 2.760387
8.396222 4.970711
4.936479 6.061714
3.523718 5.533958
6.386423 8.100608
6.271140 2.838673
8.769099 4.826302
6.663002 4.565522
5.924628 3.079309
6.780983 3.866508
8.704272 5.283358
8.129251 4.155612
7.815233 3.458349
9.036980 4.604822
7.450780 5.078186
6.048481 11.904706
7.585019 11.650722
10.023400 11.703273
6.900533 11.601739
8.630440 12.090200
8.701796 10.870113
9.347322 11.021126
11.845968 10.787462
13.690556 9.308740
12.036535 11.234086
10.693462 10.657312
10.544477 11.318271
11.366203 3.024414
11.929276 2.145179
16.898428 3.038978
15.139698 -0.615670
14.233852 -0.297984
9.605165 3.220068
11.605186 2.153658
10.634277 3.211182
8.102623 3.094594
9.672083 4.568656
7.310332 1.371282
5.944924 4.717453
5.343056 4.142871
5.697934 4.934927
9.276043 3.262493
9.128395 4.476610
12.899152 3.278193
11.817598 2.777142
14.959375 4.328744
11.714477 2.565616
15.670718 2.896337
15.669724 10.466096
12.808396 11.527324
12.765291 9.627297
13.942954 8.792533
11.526262 3.475262
13.004228 2.850449
9.364439 4.930550
9.087758 5.598927
11.784651 3.620120
7.311913 3.573953
8.153335 4.879320
8.688483 4.036142
14.786817 2.557184
8.769496 2.652658
9.582719 3.774861
8.234015 4.766324
6.802618 5.649843
6.747351 4.036345
3.838724 4.629443
6.178288 8.643268
5.090954 4.960536
5.612641 6.910697
6.495077 8.210402
9.285532 4.903744
8.706906 5.284093
8.315545 5.289234
8.050660 2.965010
6.698872 3.715025
5.064207 8.013291
5.450456 6.115373
5.355819 7.177272
2.193164 6.124647
4.612112 7.180772
6.012201 8.758538
4.735723 7.230383
5.773432 9.548810
10.403595 12.056446
10.924985 10.752003
15.323506 14.833146
13.905164 12.463667
9.489934 11.169170
12.883563 11.041907
13.444057 8.969722
13.314223 9.136262
11.510721 11.335223
8.779828 12.155786
9.605310 13.977750
9.571006 11.480977
4.927629 10.621690
5.589711 9.148058
6.127911 4.216335
7.369586 3.710338
9.808298 4.350550
9.121160 5.599168
7.464978 2.663399
8.092828 2.992910
8.194345 4.573688
9.815491 3.432412
7.599713 1.893130
4.845373 7.339733
3.828825 10.642837
6.062589 7.711740
5.351362 6.960293
7.218575 3.809755
7.897333 5.437982
8.739498 1.217653
7.057035 2.427231
8.549598 4.137563
6.171139 3.221979
4.349549 10.093672
7.353637 11.965664
7.890240 11.114147
6.072853 11.007699
8.328939 13.378732
11.564824 12.127418
12.365690 10.212901
11.230225 12.650256
6.016868 10.637418
5.995458 5.768759
7.800896 4.614923
5.696816 4.764020
6.894101 5.049014
6.928244 3.616061
6.715783 5.221895
6.368601 4.774214
6.407659 5.881883
6.073853 2.460655
9.303426 2.590619
9.728321 11.353446
9.818226 11.362509
7.930647 12.279564
9.641488 4.216094
9.246804 5.456036
7.588740 4.693221
5.348102 6.656156
6.436928 4.579412
6.099003 8.097188
6.307071 6.508245
5.339863 5.162220
6.341477 4.411901
7.673361 5.504271
8.591570 4.937447
7.399380 3.292305
7.909584 2.087055
8.288995 5.010979
4.562686 4.393481
7.782582 5.287060
6.375632 4.935328
6.477392 5.712087
7.455336 4.497180
7.651788 3.019710
6.252844 5.548157
6.405188 7.017239
3.465011 9.507833
10.329009 12.931127
10.700295 10.738734
7.771793 11.829751
8.177940 12.318344
11.470197 11.937341
9.731233 10.999879
7.916072 13.546484
8.073405 14.463630
10.271283 12.713428
6.071437 8.355297
5.850552 8.434756
6.296619 8.832747
5.283672 8.100918
4.759039 8.880383
5.099757 9.383170
5.708386 6.932305
6.214293 7.359621
6.447086 10.252694
5.904988 9.978436
6.193820 6.217849
4.598939 5.722985
3.758868 6.788179
1.490952 7.335403
4.013842 7.360722
4.599692 5.231199
8.492014 5.501371
6.789277 4.832740
4.543745 4.247073
6.521601 6.226052
4.945475 6.230135
6.628968 5.310376
8.481720 5.177106
5.616880 6.551463
5.989565 8.705967
6.272112 10.210389
5.482263 6.889967
3.565961 10.179656
7.438048 13.505279
8.206594 10.932639
10.257473 11.228141
7.515603 12.866948
5.413236 8.680940
6.588818 4.060150
8.577932 5.244665
8.589387 4.354369
7.650916 5.432236
8.624310 3.338169
7.711432 2.623286
7.463152 1.124580
9.629363 5.634448
6.729350 4.624778
6.699904 4.689804
6.433981 7.336820
8.065392 4.962400
7.178028 4.966106
11.695596 8.812905
5.437729 5.656868
5.584247 3.496634
8.550111 5.208172
14.541405 3.775474
14.624950 3.253833
13.498837 2.537233
13.685081 3.166603
9.098429 4.960778
8.735103 11.137300
11.639753 11.105311
12.987511 9.914134
15.460129 8.436244
10.098778 2.860887
9.406549 4.391445
3.121889 3.334646
4.933660 9.632524
11.847835 12.027095
9.100984 10.667994
10.988615 11.623805
11.544631 10.408808
13.907730 14.473865
11.097032 10.686113
10.825621 11.581128
7.642613 12.024061
6.293911 9.308814
5.520209 9.527239
5.620634 8.321664
12.920088 9.260869
10.510971 2.739104
5.660000 5.649713
4.857698 6.827156
9.303598 3.431092
9.827430 11.280350
8.393453 10.798635
12.516329 11.215829
14.804873 8.839292
9.402406 4.927977
11.636205 3.236984
11.089813 2.701946
14.475239 3.169148
6.019295 10.937844
8.934656 4.402822
9.770803 2.254164
6.901978 2.834528
6.352060 2.067044
5.742132 6.116213
5.602000 7.577615
6.288658 6.682627
6.453031 8.873856
11.225608 10.869445
3.673860 6.897010
6.490686 5.359463
5.063962 4.307737
4.975234 4.635331
8.290356 4.180645
2.870012 7.474445
8.107025 5.529797
8.871548 5.271964
5.883987 3.609360
5.865864 5.823630
13.046675 2.630890
11.416199 3.684559
9.851900 1.664951
9.025229 5.179263
8.301929 3.834612
5.221082 3.515298
5.650587 3.956118
7.315664 5.400080
6.404929 3.193892
11.140972 3.696450
10.882057 1.394040
9.657941 4.437839
8.639113 4.302404
9.530326 5.371677
13.447268 2.878017
11.762002 2.985310
9.619797 5.005524
7.636829 4.922687
9.431317 4.534445
9.177978 3.872619
7.605491 3.769008
2.754217 10.406461
6.391942 8.978660
4.564142 5.943225
12.938114 9.304439
11.881788 9.872660
14.000807 11.465569
16.811279 8.074964
14.995383 4.917703
14.953829 5.912910
15.754718 8.264068
11.934161 2.033884
13.831511 3.460366
11.705762 10.951299
13.694265 12.733114
11.230238 11.040709
12.444440 10.883004
11.452528 11.795682
4.881401 4.504145
6.290882 3.973050
5.463712 5.743999
4.675560 5.351634
6.788879 5.164310
6.396748 4.812843
6.129729 3.308605
11.000647 1.651116
15.977326 5.344218
12.741700 1.065420
8.479778 3.016933
8.373895 3.179400
11.641537 1.475019
8.330571 3.866652
6.081060 5.512248
5.759105 4.776154
11.015044 3.567179
14.586840 3.625818
10.440895 3.222482
7.548946 3.736109
9.053351 2.534815
9.473289 3.443980
12.166537 9.250663
11.956726 11.182196
12.299535 11.083471
12.521241 9.200154
9.518764 4.764134
8.979756 5.542669
9.799994 10.947292
8.906499 11.184735
10.085830 11.611362
13.527561 9.424115
9.927196 13.612936
4.885082 9.976134
6.423784 8.341058
6.159537 9.690240
5.926180 13.240268
10.325338 12.345017
7.334113 11.589728
9.004362 14.818957
12.195276 11.089829
11.704264 10.044372
12.098456 13.292165
12.575823 11.415260
12.626518 11.345935
14.925989 10.645575
15.453294 7.172521
9.795799 0.013165
11.548564 1.866398
10.795128 -0.254704
9.915215 1.865221
9.868368 1.373644
9.397852 4.970276
9.112150 2.578526
8.880979 2.136395
9.525676 2.357204
10.365494 3.411751
10.119752 3.543978
7.948762 3.348471
10.393648 3.329289
9.741118 4.326419
9.745687 5.656255
8.998947 2.670101
9.382530 5.305691
15.043056 3.782379
12.217515 3.650728
14.702662 9.810376
17.825687 8.349985
16.202950 5.602897
14.140701 8.888562
15.810001 7.957461
14.783818 10.153805
14.064493 9.468448
11.902499 11.486361
13.565710 10.670553
15.691764 7.711043
10.557250 3.633131
9.786724 3.248363
8.875777 5.284610
8.488194 5.390625
9.201792 5.280309
12.237222 3.356580
11.372414 3.410983
5.750909 7.718199
5.473442 9.098993
5.713089 7.704909
8.585232 1.789395
8.976702 5.362026
3.793190 4.177575
6.397886 7.036024
4.128500 2.681639
6.199845 3.218018
9.825114 4.545730
8.618284 4.237575
9.539269 3.489988
9.676206 4.688985
9.069349 5.138050
8.908624 3.426151
12.612385 2.987473
12.709389 3.113555
9.516315 3.063520
9.173040 2.053948
9.276752 4.467741
9.399731 4.862925
9.253038 4.592338
8.012966 4.584411
8.596380 3.691581
12.249195 3.222171
10.070320 1.587091
10.944827 2.351046
11.815600 3.512504
11.366421 1.728980
11.917788 2.194783
11.885694 2.793066
9.955574 3.773452
10.231090 3.295020
12.245228 -1.660575
15.412874 0.192261
15.219663 4.971827
15.789663 4.978706
9.692950 1.001711
11.043114 3.346127
8.807034 4.277220
7.122695 5.110424
5.301140 6.616185
4.626364 7.880205
6.162392 4.285144
14.499010 2.033014
19.382069 5.193846
18.754112 8.768669
14.874804 7.247768
9.113084 4.017504
9.189423 1.600743
9.588621 3.526459
10.102064 2.667514
10.465377 3.248033
13.557906 9.230639
11.713676 8.958978
14.925436 4.834845
11.989178 2.899564
11.259807 3.127540
11.791300 3.718937
11.776186 1.954814
10.782480 2.011802
10.062019 2.717803
9.819216 3.187979
14.300727 1.788731
10.393123 0.979033
12.964682 0.838968
12.920271 2.948861
11.149182 2.448525
8.833724 2.476746
7.393621 3.879085
7.202581 3.335442
8.552211 5.499303
9.152333 4.595037
10.975518 1.803913
12.658854 2.543785
12.143871 0.927331
10.868337 2.827543
11.022387 2.638894
10.775193 2.625344
7.933011 2.003934
7.937353 2.542557
10.054103 2.794836
10.422473 3.654904
14.434823 2.815376
12.848758 3.367656
12.213895 -2.002784
10.253417 1.842844
7.284265 0.887429
9.594886 5.228302
9.914078 0.646140
9.873217 2.372697
12.369979 1.749628
11.717054 3.312471
8.970512 0.385223
8.389753 3.766627
7.633350 3.331234
8.604018 4.993036
8.921136 4.459801
8.994564 5.539225
9.261646 5.573841
8.969557 5.520751
7.357923 4.603320
5.722522 6.249941
6.836238 4.547579
6.846622 4.624969
6.172928 5.741841
6.116410 8.530391
6.398995 5.425924
6.341126 5.498419
6.355389 8.284457
6.162482 6.214579
6.435103 4.239569
9.594478 5.251219
8.184072 2.562850
7.648081 4.829395
6.199514 8.372235
5.416514 9.486604
5.598817 9.798928
6.572219 12.414006
5.744370 11.987937
11.405174 11.336130
7.516230 11.390994
8.939802 11.850276
11.178763 13.757372
12.323974 -1.585439
11.041418 3.136346
8.542037 1.711856
8.256369 2.562561
12.598462 9.249175
6.416576 5.179026
7.422164 5.032022
4.792439 5.601676
3.873813 8.532516
4.394175 7.784142
5.472470 7.554964
6.394304 9.602742
6.393319 9.031018
6.012370 6.269505
8.335719 4.477732
8.551551 4.278211
5.030442 3.128190
8.774615 2.386471
6.902865 5.464900
7.450763 4.744777
8.655604 5.126318
9.184576 4.113677
7.888999 5.392178
7.441345 5.309283
5.401205 4.149610
7.486858 4.998590
4.826423 5.832634
5.491992 5.831152
4.780949 9.826294
6.147776 7.686687
3.360236 5.435791
7.098742 5.247159
6.484634 4.927401
6.016537 7.185736
5.006244 13.067132
11.716726 11.314337
9.487892 10.795106
7.619486 11.739568
9.192950 12.276431
8.577436 11.996219
8.974070 10.976418
11.528374 11.052460
13.647528 10.802112
12.073371 8.874079
15.120441 8.808724
14.870544 8.356440
11.378165 2.382067
7.903562 5.136782
7.977021 4.840271
5.198386 5.638565
6.103249 7.625731
4.840069 7.971225
6.383430 5.863420
5.036556 5.577053
6.188503 6.493350
6.293204 6.554567
7.611242 4.762496
7.125403 5.549241
7.463058 4.525861
7.967272 3.520054
5.929273 2.972568
7.243663 5.472077
8.452651 4.434064
5.891172 5.779911
5.835859 6.134175
4.924127 6.467873
7.815286 4.182665
7.290280 5.377724
7.632769 5.572705
8.402093 10.926503
11.678847 11.259828
14.503716 8.849568
12.758554 8.927916
18.077263 2.348456
14.366928 3.686950
14.967022 3.127684
9.899721 3.030762
8.960567 4.960003
8.249320 5.197262
9.171879 3.263839
12.458805 3.009921
12.390161 3.462240
12.247705 1.726602
11.307379 2.516447
11.718432 2.693306
12.718103 3.248854
8.943345 5.038363
9.687365 2.214724
8.188591 4.201009
9.625679 5.279728
9.237240 4.417933
9.869207 1.542449
10.365289 3.763681
12.306587 3.394501
8.259228 3.573959
8.651735 1.074529
8.515482 5.483540
8.294947 3.737931
7.823182 3.544003
7.594643 5.402795
7.784043 5.420758
8.000837 4.812249
6.109836 2.602244
6.708553 5.102238
8.101789 2.886020
9.454666 4.747636
14.693116 9.381606
15.656937 7.974143
15.289783 5.462854
11.630532 3.780813
14.087176 11.788346
16.529516 10.311547
15.237770 6.422408
16.868631 5.547738
15.321550 4.540580
11.589248 -1.028439
11.142981 3.262795
12.750954 3.419668
10.220543 2.636205
9.003520 5.051866
5.837253 4.412623
5.196116 3.901121
4.811022 2.535051
7.593773 4.673769
8.100057 4.479239
9.304449 3.042423
9.366698 3.750308
9.052205 3.009531
9.245171 3.953794
7.670877 4.209036
8.006841 3.056035
11.625810 3.731424
13.992700 2.421911
16.005651 5.336853
15.626745 10.152766
