-8.747915 1.247203
-9.670645 2.632326
-10.681166 -0.197882
-10.348166 -2.619059
-9.710540 -4.289659
-9.775564 -0.163307
-10.059437 0.063306
-10.710129 -1.587816
-11.642467 -6.214384
-12.624623 -1.734413
-13.711573 -1.058001
-5.579927 -7.234480
-4.259303 -3.139719
-4.096982 -3.581376
-3.384318 -4.089839
-4.547673 -0.603928
-4.032819 -1.790486
-4.457011 0.050801
-3.609365 -0.627325
-2.614862 -0.681847
-3.285962 -2.010339
-3.905888 -2.356025
-3.954513 -1.380466
-2.196347 -2.224794
-2.480749 -2.410520
-5.806860 -5.223683
-4.291614 -3.934937
-3.029458 -0.600093
-3.893898 -1.127551
-3.941203 0.496068
-3.530626 -0.213713
-4.456969 0.831254
-4.000612 -2.581224
-3.396486 -1.661438
-4.261919 -2.250341
-4.432385 -2.213981
-4.303228 7.392609
-1.690866 4.761526
-1.210341 3.001916
0.756473 3.632953
-0.010391 3.871315
-4.133315 0.153745
-8.948743 3.875857
-9.832363 2.620853
-14.371638 2.440058
-9.265147 1.680503
-8.305078 4.422441
-8.318391 5.099617
-10.431549 3.510126
-9.744867 -1.342936
-9.493854 5.405202
-9.464048 2.627283
-8.228619 3.946465
-9.651359 3.032907
-9.482827 3.496551
-9.158257 1.665047
-9.089670 1.420593
-9.930708 1.278001
-10.049925 0.118700
-10.618653 -2.352057
-9.810801 -4.800585
-8.040744 -5.542333
-5.272640 -6.130799
-3.566338 -4.749622
-4.465001 -1.959745
-3.509082 -4.280866
-4.993696 -5.646210
-5.834113 -5.403671
-7.889286 -4.412951
-8.910175 -4.017585
-10.179210 -3.876608
-9.611336 -0.473560
-10.519438 4.513034
-8.760018 3.424225
-8.665680 5.027333
-8.519604 6.399553
-6.942080 6.422316
-8.418242 7.460960
-6.707110 6.777053
-5.066346 6.556528
-8.240608 7.767950
-8.539151 6.178776
-6.629933 7.564312
-8.403320 5.893885
-10.741388 2.106420
-10.696248 0.959681
-10.892303 4.779570
-7.214601 7.026668
-5.804634 7.362388
-2.472236 6.370975
-1.966198 5.051109
-0.373411 2.322560
-1.026358 -0.128114
-2.526222 1.304216
-4.106838 0.385316
-4.210984 -1.655375
-3.223669 -1.670494
-2.319591 -2.280707
-4.051235 -0.742903
-3.914917 -2.235517
-3.447924 -0.843071
-0.617852 1.815174
0.522421 0.870433
2.927415 1.276786
7.291487 3.878719
