-15.478544 -10.264967
-14.087211 -3.474935
-13.434775 2.090351
-8.711581 1.574852
-8.688933 5.421329
-9.056423 5.987025
-8.258106 4.412271
-8.264042 4.942901
-9.051635 6.750955
-7.457113 7.702978
-5.532223 7.711482
-8.478249 7.767541
-6.255676 7.920760
-6.462978 6.337756
-5.167556 6.657615
-6.177068 6.484562
-5.768996 7.345880
-5.033791 6.495342
-3.962952 6.829321
-0.575060 5.812857
-2.442545 4.270452
-2.411083 1.416842
-2.369602 5.220982
-1.618062 3.994592
-1.893086 4.900841
-1.237480 3.704991
-1.499064 3.610863
-1.486821 5.066277
-1.639187 5.304225
-1.613350 7.246159
-3.918488 6.482143
-5.894985 7.590827
-3.914058 6.431275
-3.088574 6.480393
-3.934342 6.676090
-4.786663 6.993494
-0.385914 6.460771
-1.854455 5.331708
-2.165997 6.422415
-5.125067 6.810305
-1.618538 6.323289
-1.175840 4.466833
0.354489 4.921731
-2.310460 4.598563
-1.677481 5.689011
-2.115732 5.475616
-4.897790 6.413817
-4.358916 6.718182
-4.832744 7.301360
-3.861305 6.636240
-5.453580 6.632507
-6.208982 6.718515
-6.322097 8.101101
-3.664649 6.381117
-1.241554 4.895997
-1.724788 5.796713
-1.940820 4.381609
-1.830707 5.581570
-1.350961 5.131582
-1.078229 4.191642
-2.603519 7.527118
-3.556324 6.733567
-5.376736 8.138116
-8.701593 8.434906
-8.962572 4.096199
-9.505640 4.911471
-9.163646 4.901641
-8.823235 1.873629
-8.193504 2.816639
-9.078902 3.042883
-11.034710 -4.127227
-9.630335 -1.030660
-9.877489 -3.316638
-11.892008 -4.239821
-7.738437 -4.577080
-7.089633 -4.334684
-6.138604 -5.293752
-3.830133 -5.271329
-2.893513 -2.423142
-4.071101 -2.960401
-1.983272 0.586424
-3.497728 -0.082388
-3.129313 0.793241
-1.244659 -0.130117
-1.411026 2.440652
-1.286288 3.949273
-2.061038 2.960516
-2.028267 4.503748
-0.879614 5.690328
-4.858032 9.037036
-5.321626 8.965714
-5.058323 8.211011
-6.167644 6.471924
-6.819441 6.611842
-5.328671 7.496150
-6.962629 7.636162
-6.943090 7.006402
-11.150539 6.329226
-8.364780 3.039860
-8.413082 7.707024
-5.927018 7.049297
-8.937515 9.521511
-6.701884 6.697318
-6.935357 6.783087
-6.693473 6.679032
-3.366707 7.908643
-4.450938 6.794185
-4.787190 8.669652
-5.207823 8.783702
-6.328899 9.185029
-5.818476 7.628064
-2.580677 6.675198
-2.176261 5.924467
-2.881826 6.893137
-4.480047 6.754053
-4.978956 6.490966
-4.325720 6.977853
-4.402009 6.857031
-2.736635 7.644568
1.078150 2.898803
-0.740250 1.988179
-0.878063 2.992492
-1.899722 2.656373
-1.527810 2.863142
-0.151643 1.673306
-3.096976 0.212896
-3.209153 -0.302794
-4.558818 -1.453465
-4.516310 -0.054981
-1.414479 1.217054
-2.002206 1.513811
-2.350415 -0.209360
-2.953448 -0.255205
-4.099866 0.687261
-0.883040 1.200334
-0.461490 2.918208
-1.483508 4.162057
-2.089311 2.006617
-1.296654 2.021075
-1.119391 2.319150
-0.885146 4.427835
-2.046358 3.301760
-2.445129 1.212039
-1.431695 1.234225
-3.876230 0.741706
-2.138536 1.647009
-1.093728 2.672958
-2.468530 6.191598
1.254092 5.682419
-3.948092 7.105822
-5.031258 6.331756
-4.153230 6.807714
-5.956027 7.375700
-7.160122 7.851001
-5.406567 7.509971
-5.984479 7.762056
-8.195707 3.143248
-8.529910 2.268588
-8.497232 2.587865
-8.250229 2.089478
-9.313704 3.366442
-13.990212 -1.580660
-8.445927 4.841914
-11.832727 6.980118
-6.893201 7.144657
-2.010593 7.592653
-2.945155 7.271837
0.148653 3.727174
-0.482487 4.786997
-2.097302 3.141469
-1.651024 0.998115
-3.914682 -0.397132
-4.571358 -1.628129
-3.897931 -4.644232
-6.487500 -4.011964
-7.175531 -6.400964
-5.641942 -6.904159
-6.910324 -6.388949
-10.315894 -7.388550
-10.614780 -4.770620
-11.344887 -3.759052
-9.279450 -5.695465
-12.227167 -3.471476
-10.290581 0.096846
-10.818915 -1.709015
-11.542179 -0.166800
-9.792690 -5.033664
-9.797034 -3.783675
-8.402476 -5.678291
-5.870086 -6.105648
-5.128989 -5.769622
-3.549126 -1.938723
-3.314068 -0.928922
-5.213598 -6.106022
-5.918978 -4.314903
-5.697809 -4.757339
-7.245903 -4.358075
-7.998569 -4.844652
-7.412519 -3.946896
-8.431946 -7.022474
-7.412412 -5.095862
-6.080764 -4.006745
-4.065956 -4.018057
-4.204062 -0.675085
-1.794722 1.465807
-0.544670 5.841975
-4.978095 8.307750
-4.501348 8.036495
-3.871372 6.516876
-4.532863 7.309244
-3.566715 6.357755
-0.776487 6.374352
0.984380 4.309683
-0.616491 5.395482
-2.438922 5.222190
-2.138151 7.135387
-5.280420 7.213724
-4.162766 6.832397
-3.610160 7.309272
-4.057284 6.709795
-3.701771 7.074828
-1.261793 6.198512
-3.153891 6.471141
-8.881641 6.890769
-9.544600 5.264992
-8.258732 3.051501
-9.113217 3.260924
-12.004531 3.023954
-8.971497 3.593715
-8.899593 3.575054
-9.661358 3.937942
-9.058591 4.077589
-8.394149 5.456722
-9.759108 7.048986
-6.745125 6.816194
-6.642791 7.179193
-3.823050 6.841462
-5.172783 6.475908
-4.075926 6.367124
-5.462681 6.790789
-2.484249 6.530158
-2.055528 4.067311
-2.073868 2.713058
-2.468887 2.500255
-0.742619 1.354145
-3.329142 0.140263
-4.414954 0.671709
-3.944490 -0.128263
-4.452071 -0.756977
-3.871126 -0.053225
-3.848050 0.569312
-3.726281 0.136021
-3.764916 0.558285
-4.087020 0.439883
-3.705927 0.385637
-0.594287 -0.998084
0.703205 0.290508
1.648274 0.776799
1.740462 1.550724
4.397275 3.201941
