3.638773 -18.217794
5.093958 -9.684236
8.819164 2.302782
8.589829 5.022469
8.808707 3.916714
9.249192 3.530049
8.463554 5.639017
6.819057 4.562812
6.114287 6.902827
6.017501 5.711717
5.262222 7.712994
5.619734 5.631480
8.479138 4.902139
3.022419 3.901608
5.726488 6.094160
5.377990 5.486427
4.754813 5.587629
6.263218 7.132249
6.664050 3.932589
8.906242 4.448302
7.586397 1.238747
6.024410 4.662904
9.543242 5.302777
8.687062 4.449939
8.942063 4.861970
8.631112 5.291770
7.027380 4.225578
7.101653 5.330844
4.715178 6.384159
5.487601 3.310658
5.728088 7.577734
3.875530 10.551608
6.889753 10.915175
8.571795 12.344028
8.704773 12.352420
7.209279 11.915232
3.913460 7.432766
6.782269 5.369483
10.320996 3.484158
8.848385 2.331262
9.452789 4.912308
9.443686 5.508194
8.961526 1.809011
10.316501 3.165725
8.995633 4.872618
10.032047 3.226025
12.190452 1.921961
19.140032 3.945515
13.644847 1.834005
15.984125 2.672625
14.574936 10.431588
15.164499 7.485166
15.515142 2.756526
19.197247 11.825605
