14.052760 11.538710
10.985971 8.984963
9.452995 8.455677
9.424720 8.437535
9.453073 8.455613
9.424844 8.437417
9.453286 8.455415
9.425186 8.437055
9.453869 8.454814
9.426117 8.435961
9.455430 8.453002
9.428595 8.432695
9.459546 8.447603
9.435096 8.422953
9.470085 8.431626
9.451414 8.394328
9.495764 8.384891
9.490602 8.311090
9.553234 8.249001
9.569073 8.072558
9.650635 7.868678
9.693974 7.391517
9.720420 6.896706
9.169282 5.802607
8.200998 3.796214
6.398266 -1.810393
5.893399 -2.177966
6.076150 -3.786363
6.053426 -5.424088
6.022515 -6.880328
