6.119699 -7.380297
6.651112 -8.962616
6.652439 -8.962247
6.655356 -8.961440
6.661764 -8.959674
6.675845 -8.955809
6.706834 -8.947300
6.775343 -8.928391
6.925142 -8.885831
7.269809 -8.782922
8.124282 -8.526408
8.220132 -8.852368
8.399149 -8.336742
8.452336 -8.307904
8.514658 -8.751127
8.469595 -8.681528
8.512861 -8.274701
8.508448 -8.285727
8.547367 -8.744580
8.495143 -8.679852
8.525086 -8.275476
8.514885 -8.287107
8.551467 -8.746291
8.498627 -8.682120
8.526789 -8.276954
8.515821 -8.288066
8.552131 -8.747010
8.499243 -8.682921
8.527097 -8.277433
8.515997 -8.288357
8.552265 -8.747212
8.499373 -8.683140
8.527163 -8.277562
8.516035 -8.288434
8.552296 -8.747266
8.499405 -8.683197
8.527179 -8.277595
8.516045 -8.288454
8.552303 -8.747279
8.499412 -8.683210
8.527183 -8.277603
8.516047 -8.288459
8.552305 -8.747282
8.499413 -8.683214
8.527184 -8.277604
8.516048 -8.288460
8.552307 -8.747284
8.499414 -8.683215
9.351637 -1.660486
10.747721 3.508170
10.699617 3.427441
10.747719 3.508169
10.699615 3.427439
10.747718 3.508169
10.699615 3.427439
10.747718 3.508168
10.699615 3.427437
10.747713 3.508158
10.699610 3.427425
10.747682 3.508114
10.699576 3.427372
10.747517 3.507920
10.699392 3.427137
10.746645 3.507119
10.698418 3.426182
10.742174 3.504216
10.693397 3.422805
10.720101 3.496440
10.668467 3.414359
10.616748 3.496886
10.670315 3.642531
9.806247 6.843834
9.750183 6.924977
9.772239 6.894429
9.829275 6.812027
9.806446 6.843542
9.750376 6.924695
9.771287 6.893805
9.828048 6.811397
9.755417 6.916414
9.811495 6.835088
9.749557 6.928068
9.805798 6.847183
9.843493 6.792461
9.786136 6.875287
9.834994 6.802672
9.777872 6.885477
9.783776 6.875998
9.840745 6.793216
9.765796 6.910699
9.823337 6.829154
9.671204 7.997211
9.825112 8.000211
9.540728 8.249480
9.695244 8.272591
9.658874 8.272956
9.538288 8.248046
9.635929 8.266458
9.853100 8.290987
9.682420 8.278100
9.556926 8.252503
9.638582 8.267495
9.522176 8.243470
9.633660 8.265431
9.850555 8.289886
9.682060 8.277896
9.556647 8.252334
9.638547 8.267463
9.522148 8.243443
13.635786 9.032454
19.079411 10.432029
