2.608704 -6.269328
3.604361 -5.338200
4.270347 -4.060391
4.934496 -2.671465
8.966592 0.880386
10.526615 3.699886
10.470621 3.651200
10.335481 3.440885
10.397523 3.456332
10.383333 3.546541
10.316406 3.457426
10.526692 3.699920
10.470714 3.651238
10.335602 3.440927
10.397825 3.456391
10.383737 3.546608
10.317001 3.457486
10.527723 3.699944
10.471943 3.651206
10.337234 3.440772
10.401834 3.455320
10.389154 3.544821
10.324937 3.454178
10.541224 3.693279
10.488282 3.641984
10.358996 3.427055
10.454268 3.412291
10.459890 3.480828
10.716771 3.503121
10.805331 3.600448
10.948023 3.491099
11.666826 3.640595
11.943929 3.492120
13.219252 3.597584
13.294304 3.763662
14.654486 2.752852
18.115837 0.025558
