-1.616987 -13.970789
-4.484637 -8.045370
-6.085678 -6.680742
-5.740018 -4.706895
-10.081163 -5.981679
-7.310518 -4.446987
-7.869363 -3.968762
-10.292528 -5.237974
-10.284294 -0.757076
-10.806669 0.474442
-10.266511 -4.288594
-12.393539 -0.612973
-11.531993 3.218868
-9.740711 3.405659
-7.703757 2.451445
-8.151571 1.241350
-7.366607 1.832113
-4.266088 1.446253
-4.098963 0.288106
-4.275217 -1.848160
-3.508442 -0.010899
-4.372415 -0.395925
-4.079303 2.002079
-5.759399 4.986013
-6.146832 7.592291
-4.966601 8.578289
-7.749522 13.193954
