17.144493 10.304070
12.812839 8.855697
12.001757 9.012512
14.637372 10.313617
16.315876 5.745942
16.157976 5.061889
15.689281 2.184019
12.361849 -0.357606
11.688337 3.185165
10.103323 2.931746
9.788100 2.550947
11.410163 3.048847
13.713883 3.161388
13.197403 3.594865
12.760839 2.398191
9.317663 3.773069
9.633537 7.579867
9.563936 4.333561
9.058626 6.490530
10.314661 3.346354
12.862103 -0.391269
18.679205 9.107326
15.064911 3.964783
13.079536 0.319566
18.374905 0.617529
17.066597 4.936865
16.152325 7.374580
15.294731 4.295640
13.380448 -0.803209
12.839927 2.670524
14.210492 3.371187
9.986613 -0.084100
12.858740 2.051619
11.422454 2.885579
9.830359 3.295392
9.613432 0.192675
8.767495 6.060063
9.375911 4.903363
10.068069 2.665502
11.250528 3.752091
9.095451 3.506092
6.030251 4.277256
6.120626 4.269320
8.013389 -4.326037
5.446697 -8.271024
3.339071 -11.054910
