13.986083 -2.804834
13.523676 0.947903
12.154390 0.693377
11.098050 -1.846284
11.808623 -2.862120
9.954798 1.526198
12.381386 -3.051191
12.140722 -9.388479
9.933212 -9.667008
6.328691 -8.788635
3.707381 -9.028484
6.129400 -5.734976
5.704575 -7.008648
4.278616 -4.841657
4.268377 -5.429008
2.128646 -6.356670
3.339144 -4.883389
2.326642 -4.309859
1.598151 -0.653557
0.473505 -0.192493
5.512377 2.602077
4.830170 1.116293
7.836091 1.641468
8.747919 0.321065
8.429245 0.856472
10.512469 -0.058631
8.562593 0.421820
7.296875 0.070214
8.557124 0.429988
5.814540 1.866347
5.147130 2.571861
4.322088 1.406886
3.613531 1.270442
7.232658 2.679597
7.385394 2.538576
8.706607 3.455493
8.382867 2.251946
8.887487 0.607947
10.864911 0.099102
11.401544 -0.635211
9.368052 0.354367
7.885027 0.417080
8.733941 0.872548
3.066971 1.671077
2.310908 1.914543
4.436636 1.560118
3.417103 1.174129
2.049756 1.614426
1.402405 0.213023
0.971957 1.397286
1.486590 -2.942549
1.609313 -2.395540
0.818452 -1.666230
1.245723 0.122053
1.188700 -1.091800
0.698572 -0.279148
1.417029 -1.914676
1.069421 -0.377719
1.787087 0.166594
1.483893 0.326830
1.856754 1.503809
4.491512 1.078847
1.883243 1.773163
3.598563 2.196150
2.508717 1.073478
5.574518 1.976901
3.236133 1.554392
3.711830 1.791548
3.362103 1.338810
3.502985 1.812689
2.707494 1.933857
0.913806 3.135193
1.306778 0.137330
1.265037 -0.256498
1.167042 -0.967523
1.341096 -0.447078
1.241215 -0.039796
0.440893 -2.049179
1.355103 -2.122277
1.150755 -1.396842
1.939226 -6.703357
2.508692 -4.169705
4.337469 -4.799191
4.760595 -7.240217
2.244566 -6.511349
-0.772564 -9.397084
