-13.693597 -17.680080
-19.091024 -18.347729
-19.655691 -13.749518
-11.561020 -6.323774
-9.178469 -11.250244
-11.005137 -12.167392
-11.967090 -8.640197
-15.570902 -10.594024
-19.345703 -14.762495
-16.300127 -17.558163
-10.809351 -17.542543
-10.991556 -14.988254
-11.023993 -8.825041
-12.534694 -11.036853
-12.733999 -11.898398
-10.069728 -10.181872
-11.310917 -16.620947
-10.341092 -13.750688
-9.666167 -10.833372
-12.449430 -12.209082
-10.822783 -8.189763
-7.758354 -3.549562
-7.148521 -4.924881
-4.536051 -2.061660
-6.635265 -0.048220
-8.025255 2.004689
-7.549733 5.339954
-7.745131 4.500730
-7.497201 3.113285
-9.785831 0.526670
-9.198515 1.624207
-6.916570 0.709866
-5.892822 1.165728
-7.733095 1.054261
-7.675432 4.171232
-7.828313 8.069169
-5.287102 8.298363
-5.181661 9.579801
-6.009037 7.084975
-5.051904 7.142075
-5.532748 7.014647
-5.528806 7.988512
-7.775348 8.119028
-7.631889 4.484603
-8.503485 0.586077
-5.522543 -0.124775
-6.411102 -0.339260
-7.497288 -0.275558
-6.363968 0.923879
-4.566758 1.013075
-4.839495 -0.108576
-8.229088 0.001030
-8.831625 3.360163
-9.321144 2.819579
-11.765257 3.354791
-11.927937 3.145763
-10.439754 2.775752
-7.013118 8.044114
-7.318051 9.145992
-7.626594 9.197032
-7.281733 8.828212
-13.164037 6.073980
-11.640419 9.555346
-11.826367 8.855291
-10.618126 8.984300
-11.059026 8.764670
-10.740011 10.055797
-12.854130 8.823138
-10.685898 10.209726
-7.565884 8.056946
-6.400325 7.538964
-7.225588 7.178007
-9.838295 9.899158
-10.733887 1.110919
-9.839319 1.858857
-8.218470 0.166618
-7.922593 3.343773
-7.598278 3.606257
-6.814650 6.477291
-7.947053 1.472894
-8.177281 3.476700
-9.402386 3.260134
-5.684258 8.213745
-7.373221 8.326077
-7.578809 9.757691
-6.555782 6.781439
-5.078839 6.988449
-5.550511 8.818330
-6.725991 6.938031
-7.948654 4.402250
-7.352406 7.124969
-7.512734 5.340711
-7.273382 9.809922
-7.518491 5.946167
-5.032268 1.249929
-5.357176 0.793685
-7.614468 4.331258
-7.929787 4.394152
-5.026056 6.555347
-4.865391 6.972817
-3.997534 6.531516
-6.107862 7.009348
-7.638608 6.023255
-15.685447 7.962922
-11.666465 10.927589
-13.418565 9.896632
-5.165702 12.919203
-6.722437 9.209335
-7.701314 7.710919
-6.932921 6.406272
-6.825805 7.356778
-6.654136 6.564446
-5.230581 8.037560
-4.352220 6.434375
-7.676240 5.201188
-7.707903 5.177198
-6.330326 6.513265
-7.130042 7.981208
-9.371328 10.257003
-13.270374 7.382620
-10.507193 10.585582
-10.807421 9.004115
-9.881433 3.105471
-6.615242 -0.903840
-5.697088 -1.960207
-6.046645 -4.168373
-6.487545 -1.216336
-8.093105 1.537292
-8.329288 2.170501
-8.865920 3.353056
-12.957532 7.784550
-6.679439 6.381027
-6.045070 7.014071
-7.758710 6.862843
-7.722732 5.617597
-7.606420 4.790479
-7.499000 7.701146
-5.976852 7.214419
-6.576023 6.737785
-5.419100 8.136673
-3.084724 6.490661
-4.429344 9.216012
-1.912248 5.475807
-2.429600 3.591570
-2.227522 1.761781
-2.240003 2.088104
-3.285550 0.800471
-4.988278 0.549499
-2.803214 -0.369358
-4.617587 1.174421
-1.807531 1.324963
-1.190981 3.681897
-1.181595 4.281422
-1.332994 2.713816
-2.146261 5.815607
-3.003973 7.200559
-1.543442 6.996570
-2.376844 4.467873
-3.351008 6.376795
-4.111018 6.385160
-5.715371 6.485436
-7.113535 7.679361
-6.218613 7.206797
-4.355021 6.560783
-6.596339 6.954511
-7.017437 6.626906
-5.929645 6.938346
-6.621277 6.652502
-6.717895 6.538799
-4.152582 6.401869
-7.397329 6.740599
-7.835025 5.494089
-6.637331 8.649854
-5.656975 6.612025
-5.024486 6.998412
-5.178609 7.261199
-6.951689 7.442568
-7.834832 5.949119
-7.869659 8.516603
-7.534359 4.759344
-14.039398 1.219147
-11.718792 3.065124
-5.236585 8.993134
-6.710853 9.400728
-5.572721 8.070227
-7.781821 8.931521
-11.222134 3.010800
-9.204365 3.395801
-10.927862 3.273133
-10.372154 3.252009
-11.343786 2.628737
-8.024227 2.907672
-7.364803 6.440412
-7.509851 6.978274
-5.988235 7.474781
-9.418859 8.950749
-7.211848 9.126217
-10.738542 9.870185
-5.526690 6.722735
-6.861659 7.164505
-7.715634 6.024803
-6.651665 7.979049
-5.857618 7.248619
-5.355191 6.708203
-7.656534 6.927114
-7.639310 1.637172
-7.583397 3.985251
-7.432597 7.544505
-5.527185 7.562696
-6.854809 7.676586
-4.239243 6.612583
-3.992093 6.472747
-6.969315 8.232265
-5.051918 7.544950
-6.524573 7.341660
-7.000398 7.287335
-7.703268 8.765481
-9.063393 8.905463
-9.889449 8.518739
-14.031281 8.785378
-13.319399 8.769530
-13.500575 7.533821
-14.295850 5.626847
-12.975512 1.713316
-9.328804 0.819876
-13.082581 -0.067494
-8.513769 3.220844
-7.775673 5.817938
-8.797814 3.100772
-7.205223 6.324562
-5.158798 6.820354
-4.296862 8.102119
-6.641074 6.705496
-5.749193 6.822651
-7.573175 5.347766
-7.568172 2.399932
-1.373117 1.542503
-2.198116 -1.324455
-3.886433 -0.310806
-4.155899 0.148340
-4.022994 1.148117
-4.294147 6.985201
-4.483462 6.784283
-8.731005 9.148005
-4.884510 7.077668
-5.133811 7.455254
-5.218431 8.610451
-4.534580 7.426095
-2.353698 6.283917
-1.580723 4.529145
-2.215793 2.220064
-2.330355 1.947231
-1.752993 3.185740
-3.343126 0.621851
-5.332628 0.940341
-3.093931 1.168740
-6.720958 0.829864
-8.577409 1.489836
-8.121716 2.438280
-7.658735 4.378311
-7.350278 8.448108
-4.357532 6.471865
-1.688524 6.341095
-3.332840 6.464754
-4.490129 8.110815
-6.670912 7.264564
-5.571912 8.510896
-7.613196 8.232980
-7.328015 8.127876
-13.213418 11.737750
-10.597536 10.164741
-10.466463 9.638591
-7.440256 9.709975
-8.360807 10.134153
-14.718904 12.160540
-9.167534 8.548925
-7.512247 9.639059
-6.420272 7.221868
-7.902093 7.598452
-7.881226 5.481530
-7.733224 5.882477
-7.526317 6.458472
-7.650298 4.054356
-7.968229 2.895948
-8.802299 0.913435
-5.967717 0.426543
-4.450459 0.621474
-5.329213 0.686432
-3.881817 0.396936
-6.522206 0.559688
-12.179752 1.955910
-8.740604 3.425691
-7.380624 6.348693
-2.367107 2.355822
-1.115947 2.672779
-1.216929 3.190140
-7.862113 4.031342
-13.009334 5.295742
-13.654094 4.194112
-5.956800 6.520623
-7.375063 6.633876
-5.079650 6.374898
-5.449463 6.548247
-3.085149 7.249056
-2.043855 8.650887
-3.290574 6.336572
-2.360887 4.337629
-1.996740 3.028240
-2.457057 1.061480
-1.406672 0.813519
-4.428621 0.647085
-2.770744 0.629906
-0.624322 -0.264392
-1.509389 0.445817
-0.876109 3.662296
-0.788596 3.182702
-0.702649 5.358490
0.545704 4.068132
-1.670552 6.186085
-3.360313 6.824202
-7.674075 8.105689
-7.894436 8.917723
-10.954281 11.397433
-10.333222 10.592581
-10.895258 8.766482
-13.150199 8.086937
-13.669466 7.253485
-10.687755 9.529429
-13.146893 10.941012
-8.687079 9.787885
-7.618016 5.657593
-7.759901 9.228168
-6.376496 6.853203
-5.015676 6.499311
-4.533760 7.200145
-6.358447 6.631355
-5.272380 6.405621
-6.518634 8.867413
-8.485779 3.292852
-9.768549 3.278120
-7.791724 9.401051
-6.529282 7.088088
-6.982494 6.317505
-4.820200 7.434436
-6.900949 6.751775
-5.422134 7.823811
-4.776523 6.824703
-7.762794 7.974359
-7.713057 3.577187
-7.832990 -0.920200
-7.836560 2.822706
-7.703442 4.927730
-7.499001 1.415745
-8.929508 3.122970
-16.336132 6.802132
-18.349371 5.588600
-15.138386 7.773833
-14.437140 5.944052
-14.295153 6.887616
-15.530111 9.942292
-14.451925 7.913849
-15.841920 6.026229
-14.185431 1.745034
-9.989557 2.372525
-8.984178 2.343726
-8.409461 2.896217
-9.454031 9.939181
-6.948712 7.690516
-7.611738 6.087327
-7.763422 2.822024
-7.894905 4.558384
-7.838427 4.975754
-7.525370 4.220927
-7.714880 7.160933
-7.177734 7.873712
-5.487320 7.840677
-5.646779 7.219182
-6.501393 7.603756
-7.538102 10.003431
-9.583124 8.506322
-9.882957 10.523036
-11.901621 9.863493
-10.488892 9.445883
-13.724043 4.627817
-13.699701 1.524868
-10.494684 2.423639
-9.179148 0.884889
-10.022150 3.004328
-12.106629 1.605770
-14.777262 4.646161
-13.202080 6.936417
-6.908627 7.841106
-7.566794 7.000430
-7.573335 4.004976
-7.605784 6.459462
-6.671180 6.574618
-5.011784 6.976695
-4.931904 7.497096
-6.457761 6.480741
-9.614620 2.707026
-12.132705 3.467176
-13.842484 3.288204
-9.821092 2.413788
-14.388836 7.127998
-12.424325 8.859636
-10.001974 9.232196
-7.526521 6.240763
-8.539964 0.338665
-11.207512 1.875682
-13.154727 3.138709
-12.955895 4.800628
-10.907930 3.185904
-13.978094 8.471195
-8.952713 8.677426
-7.356929 6.929835
-9.652599 9.155114
-10.997492 11.616412
-10.360133 8.538804
-6.723233 11.253242
-6.705578 8.190833
-7.470516 10.763835
-7.354161 7.454878
-6.499208 7.252019
-6.980500 6.833184
-6.501642 6.865322
-4.806778 6.726210
-6.502292 13.046862
-7.672352 18.531763
