8.077529 19.393469
7.841326 18.609034
2.168391 15.584579
-0.799477 11.741851
-3.281149 8.183341
-1.812792 5.414819
0.822076 5.453753
4.071195 5.237146
0.900705 5.420612
-0.447893 4.509220
-0.910433 2.503464
-2.036099 1.985487
-0.333872 2.212529
-1.898407 3.780583
-1.157664 3.635633
0.131120 1.888853
-2.444489 3.528461
-1.867692 0.816455
-1.583907 3.478916
-0.746422 2.759532
0.991856 4.462436
-0.231597 4.728995
-1.978188 6.263111
-5.169937 7.202625
-5.569280 6.554032
-5.333672 7.038305
-7.478454 8.798227
-7.712144 3.357117
-8.599712 2.586413
-7.674209 2.797129
-7.577311 3.441951
-7.899312 1.619055
-8.288530 3.068340
-5.839155 -0.681346
-5.095761 1.060267
-7.880039 6.285757
-5.934649 6.444153
-3.762298 8.019279
-4.136908 7.048392
-3.635438 8.182336
-0.759238 5.410526
0.762775 3.637247
0.820785 3.453438
0.161684 5.152914
-2.764373 6.890666
-4.885499 6.555260
-7.180939 8.295205
-5.951219 6.542217
-3.011981 6.780276
-3.880685 6.383014
-4.357363 8.218420
-1.467587 6.079352
-6.232502 7.965077
-4.718915 7.931397
-7.482833 7.751870
-7.521817 5.627745
-7.626315 4.155625
-7.606807 6.240260
-7.717225 4.497557
-7.890461 5.023865
-7.577088 5.094429
-5.989522 6.408857
-6.176229 7.073630
-4.570613 6.826932
-3.965068 6.727700
-3.845330 7.534607
-8.267918 8.711309
-9.131015 9.008126
-13.227219 9.558696
-14.455426 7.687676
-14.104416 5.237738
-13.966789 8.366269
-10.743944 9.623960
-9.733707 10.351608
-7.232515 7.786591
-7.009352 7.154275
-5.907027 7.072455
-7.631660 6.969679
-7.879301 6.705430
-6.446120 6.328277
-7.726365 2.392166
-8.786135 1.611962
-7.507177 3.116948
-9.242039 3.031237
-6.557910 0.372934
-6.751464 -0.343561
-8.036397 1.357523
-9.923292 0.688918
-10.235353 0.598662
-10.390310 -0.704068
-8.539900 2.061065
-11.723435 0.825807
-18.287409 3.726872
-15.941732 7.455941
-14.293163 7.715515
-13.778206 7.443733
-14.460915 7.521455
-14.654284 13.276690
-10.429519 10.891531
-5.028141 6.425087
-5.705019 6.416770
-4.946970 7.007975
-3.382945 7.368981
-1.211181 5.776988
-1.539175 5.593935
-1.480277 3.119478
-1.549959 2.226298
-0.900525 2.027379
-1.103259 0.627728
-1.045331 -0.075609
-4.759402 0.595281
-5.652638 1.059651
-7.725719 0.474469
-8.291538 2.412609
-8.095757 1.965905
-9.097343 -0.242098
-10.939419 1.656376
-11.098476 2.534652
-7.659816 3.266708
-8.426245 0.671909
-5.251909 -2.909907
-5.087780 -0.046894
-8.506772 -0.146518
-8.358340 3.263710
-7.909934 3.426093
-8.064157 1.949093
-7.158031 -0.073688
-6.652974 0.024265
-5.833719 0.089023
-2.973290 0.952422
-2.669004 1.082496
-4.519173 -0.307435
-4.449991 -0.711508
-6.558572 -1.979160
-5.568985 0.593980
-4.942852 1.289738
-2.161615 5.457064
-1.494217 4.037374
-7.230464 7.537546
-6.101911 9.332216
-5.340288 8.607272
-9.995285 9.182503
-10.819786 8.882760
-9.091026 8.921060
-6.832847 6.481525
-7.773162 7.791582
-7.763359 6.461199
-14.218593 5.374925
-9.917125 9.030758
-9.192631 9.931935
-11.531977 9.459516
-8.827169 9.273108
-13.557614 5.031507
-17.155073 6.905954
-7.869006 3.994489
-4.485561 7.088274
-4.996549 6.363897
-6.108712 7.497569
-4.945302 6.771411
-5.915380 6.647078
-4.928752 6.314401
-7.550731 7.219491
-7.251765 6.791887
-4.883914 6.552435
-7.952785 4.210659
-7.572653 5.354565
-8.660477 3.132298
-6.836110 8.032021
-6.992304 9.482906
-13.250725 5.222766
-12.638536 2.914163
-10.831345 2.839547
-11.320700 1.791274
-11.025606 2.451721
-10.180338 1.215945
-7.325934 -0.332394
-7.839127 0.940477
-9.048676 2.513665
-7.773857 3.562825
-7.138348 9.791321
-5.967960 8.609805
-3.336116 10.670909
-7.051544 7.370720
-6.405136 6.686602
-7.571454 7.006626
-5.720010 6.694853
-6.222191 6.645369
-6.908175 6.412686
-7.897149 4.420387
-13.030698 0.895971
-11.276157 2.211574
-9.943094 2.199657
-6.243141 1.145542
-6.683920 1.263914
-6.695199 -0.753821
-7.887880 -0.511900
-7.628094 1.836293
-9.259694 2.742148
-9.051736 2.559418
-9.045280 3.219992
-9.147240 2.956617
-7.973139 2.453104
-13.075511 3.359654
-13.394887 3.854330
-18.448795 5.047898
-16.445906 5.663466
-16.307966 9.256104
-8.296932 8.919361
-9.745922 9.394139
-9.601845 8.545989
-13.487526 -1.274433
-10.369223 1.710483
-11.477737 2.567070
-7.526721 12.253547
-11.208719 10.056532
-12.956481 7.255092
-7.566807 5.857440
-7.752487 3.232768
-11.164075 1.951314
-15.291360 -1.861918
-14.224248 5.221120
-5.698505 6.769697
-4.847873 7.937914
-11.962968 8.784769
-14.133011 9.380329
-13.078587 6.442639
-15.156720 2.739017
-13.025705 5.080290
-14.095506 8.625958
-13.577406 4.143127
-13.884935 6.209501
-11.205133 8.624231
-12.149622 8.941051
-10.053735 3.048084
-9.930270 10.441564
-7.264857 10.152290
-6.383667 8.694490
-7.565890 6.152414
-12.405802 9.414605
-7.544822 7.075706
-6.884409 7.265451
-5.459266 6.751392
-7.599387 3.178057
-9.261839 3.046429
-10.619803 2.293082
-9.534455 2.629609
-10.102631 1.706364
-12.282534 -0.330639
-13.586842 5.106670
-16.422100 1.719730
-10.238358 3.261353
-11.820544 2.519015
-7.189736 6.383258
-6.243977 6.482408
-5.402086 6.850258
-7.007755 6.852715
-7.391321 7.069406
-6.503211 6.505650
-7.668990 6.285305
-7.627736 5.696191
-7.673535 5.036165
-10.136057 1.421149
-14.923225 1.067373
-10.085794 2.830596
-12.993883 8.031922
-13.360176 6.928894
-5.816393 6.429398
-7.548566 6.884236
-7.658147 6.133966
-8.357431 0.781274
-3.852930 -1.893918
-6.839329 0.575029
-8.043060 0.248032
-7.801553 4.427402
-5.616102 0.093980
-4.807388 -0.412839
-1.557948 2.171611
-8.751691 1.465791
-9.580111 2.423923
-9.458926 2.591826
-7.674133 3.196548
-8.070537 2.845258
-6.679271 -1.760322
-4.179569 -1.546371
-3.557524 0.148361
-2.951191 -0.992785
-4.089382 -1.565189
-4.338149 0.089337
-6.169808 0.314587
-7.658008 5.709102
-7.073064 8.639131
-4.627579 7.786714
-6.152660 8.014542
-5.634401 6.887203
-6.450541 7.153556
-10.657352 8.993066
-8.324417 8.536320
-10.069122 8.550264
-6.277618 9.431482
-6.058714 7.044611
-12.139108 2.794182
-13.186810 6.675913
-11.627855 9.908088
-5.228122 8.935245
-5.521943 8.507477
-7.856164 5.259142
-9.039101 9.422479
-8.583817 9.700345
-7.925165 6.852214
-7.535110 7.583570
-6.058830 8.450249
-5.605310 8.808990
-6.850082 7.257316
-7.029681 6.886689
-7.946675 9.870042
-10.939095 11.271743
-7.826403 5.040688
-14.826473 7.277188
-13.217634 7.844813
-13.089211 8.551871
-14.263771 6.548371
-16.762730 4.944140
-13.337718 6.414647
-11.124076 9.584645
-6.885406 8.355590
-8.314168 9.125368
-11.370872 14.003800
-10.099844 9.647573
-7.651309 8.494969
-7.789176 8.402512
-10.307731 3.411836
-7.678600 6.274877
-5.499446 7.125835
-7.886490 6.693300
-7.780243 7.833150
-7.936565 6.163520
-4.885399 6.725233
-5.883062 8.138247
-11.341413 9.800525
-9.187734 3.186805
-7.829745 3.183122
-7.461101 7.188239
-7.828573 7.397455
-7.429792 7.844457
-6.234235 7.008794
-6.266197 6.326541
-8.462608 9.775917
-18.196728 15.784871
-14.526203 5.171552
-16.893110 10.348159
-10.600387 9.504773
-8.407318 8.560267
-10.333328 8.889513
-5.136256 7.321009
-1.670237 6.761930
-5.375360 7.679900
-7.692882 7.033286
-7.377039 7.825481
-5.853829 6.328889
-5.247567 7.561988
-7.274446 7.172047
-14.156974 5.551719
-15.105653 2.154839
-10.320561 1.754568
-9.904254 2.229770
-8.046353 0.690233
-10.973806 2.398429
-8.769517 3.148134
-8.157765 3.465922
-11.839417 3.029008
-5.789989 6.886148
-7.035803 8.466069
-7.835228 6.049979
-7.797711 5.215456
-7.494912 6.541628
-7.091325 6.858647
-7.836880 7.664010
-10.577545 2.978356
-11.944337 1.765407
-13.102459 1.785342
-11.592579 2.076333
-13.224911 1.134416
-8.875400 1.508304
-8.496728 1.671794
-8.329207 1.602808
-5.709770 -0.437249
-5.338854 1.308028
-5.595151 7.022709
-6.979800 7.151375
-7.736797 3.857814
-8.661867 0.284345
-12.527899 -3.248851
-13.294056 5.087804
-7.799915 7.530887
-7.313984 7.559024
-5.443599 9.105728
-7.187207 6.335525
-5.055374 6.527844
-1.778523 6.823546
-2.474811 7.180766
-2.786977 7.544297
-6.729923 7.099279
-5.601113 7.050567
-6.818889 6.735993
-6.625742 6.932993
-10.834581 2.395680
-9.687215 2.241647
-7.190310 -1.126150
-9.353564 1.228848
-7.612689 3.963377
-7.670824 5.265875
-7.417470 8.104108
-7.373053 8.512891
-7.238419 8.157874
-6.392426 6.992289
-4.797956 6.577939
-6.415322 7.149378
-6.815075 8.494203
-7.276553 6.749757
-6.925851 7.227948
-7.186157 6.901423
-7.067350 6.510011
-6.119992 10.579358
-11.640927 8.928630
-8.954294 9.036113
-7.771434 10.691361
-7.534235 5.350827
-7.592339 5.309102
-7.653212 4.256505
-7.652471 2.518268
-11.005295 3.196794
-11.751806 0.208801
-11.405782 3.120170
-9.918943 3.369665
-7.068007 8.967858
-5.841286 6.907991
-5.036920 7.481633
-9.576227 9.148537
-4.723968 8.450521
-7.718709 7.154877
-6.831992 7.476005
-7.387424 7.827991
-6.664738 6.641907
-7.429252 6.669760
-6.153946 7.357283
-6.636210 7.237299
-7.620813 7.917069
-6.822501 6.701775
-6.744794 8.033480
-5.583670 6.680718
-7.125232 7.218784
-6.189483 7.387339
-6.887400 7.266829
-6.391341 9.466092
-3.092942 7.093771
-6.610357 6.561593
-4.572266 8.156124
-7.793835 7.907587
-6.970914 6.639554
-6.996390 9.000641
-6.997141 8.766816
-5.687661 8.017256
-5.578858 8.344590
-3.728007 7.587825
-1.315112 4.689286
-1.262631 2.265891
-1.618179 1.852366
-0.384097 0.968958
-1.774613 -0.695287
-2.713115 0.719024
-3.052862 0.114741
-3.308868 0.364055
-6.502187 0.788499
-7.519283 0.052766
-9.110451 3.217204
-7.931236 3.095970
-7.570809 3.586781
-7.949097 5.988935
-6.673606 7.055218
-6.214043 6.410376
-7.744593 6.306106
-5.953240 6.345645
-6.002960 7.086014
-10.814823 3.298044
-15.320658 7.162280
-14.838369 5.710618
-11.927847 1.677290
-8.597717 1.902236
-7.795137 3.854386
-7.613207 3.244042
-7.677153 4.279622
-7.593830 5.874278
-8.726475 10.357442
-8.292747 9.908322
-9.680050 9.259745
-12.181284 9.537766
-11.107327 8.751403
-13.843980 8.764297
-15.157754 6.538145
-9.833560 9.963496
-9.019511 9.099049
-9.464731 3.431312
-8.963101 -0.958938
-5.850036 0.247260
-7.123964 -1.027057
-4.803245 0.538190
-2.887685 0.247633
-4.462992 0.451421
-7.570697 -0.382862
-5.819603 -1.350575
-7.855687 -0.853066
-8.194319 2.676801
-6.924243 6.427161
-4.176212 7.780424
-1.196092 4.020391
-2.301438 5.797913
-7.924305 5.871877
-7.418915 6.330411
-11.925295 8.627151
-9.071995 9.088972
-6.326074 7.835660
-6.256910 8.725785
-9.831106 8.578696
-11.466051 8.747773
-12.160872 8.544028
-13.270464 5.364655
-7.830742 7.458243
-7.626466 4.977826
-13.096590 6.338973
-15.065633 2.611410
-12.800617 2.837633
-10.162301 3.140412
-10.187578 2.981361
-10.172356 2.163189
-11.747461 2.637268
-10.219713 1.003961
-9.127982 2.338815
-10.735185 1.177729
-10.588410 2.022115
-6.499296 -0.994686
-9.376293 1.284391
-7.484752 3.771573
-5.939176 9.058200
-8.490025 11.821030
-5.619719 9.534356
-5.954338 7.081711
-5.777407 8.410214
-5.596878 6.677977
-4.356349 7.365630
-2.929212 6.719290
-3.804522 8.181569
-5.034896 6.559124
-4.625938 6.819744
-2.356709 6.058054
-1.502936 5.747642
-0.804772 5.165484
-2.429622 4.850482
-1.865422 5.007211
-2.147469 5.577003
-2.130008 7.570408
-5.691007 9.469260
-5.385623 6.508316
-6.888012 0.769935
-9.125235 1.849674
-8.267882 2.654411
-2.480283 1.446498
-1.880253 1.951451
-1.411995 1.672068
-1.592685 0.484941
-2.417288 3.213090
-1.864232 4.668495
-2.652419 7.141731
-3.237243 6.927675
-3.408427 7.007462
-3.911019 7.814225
-1.158617 6.623693
-1.802554 5.403359
-3.583103 8.296925
-4.667203 7.017263
-4.733819 7.267892
-4.584754 8.504400
-4.482635 6.407726
-4.756350 7.241825
-5.622999 6.782299
-7.229537 6.401411
-6.090547 8.174808
-4.407184 9.191839
-5.653631 8.506085
-11.031766 8.844827
-6.578068 8.830434
-5.149605 9.655145
-7.615009 8.255584
-7.563682 4.401224
-12.386195 1.302333
-9.665727 3.110360
-12.169191 3.189528
-10.004703 2.615510
-10.506644 0.422942
-7.171514 0.813448
-9.856482 -2.794787
