9.158525 13.258806
7.287047 5.294355
5.045713 4.175816
1.898686 2.676754
-0.141074 3.006903
0.196501 4.313929
-0.503528 5.183342
-2.199985 6.130477
-1.991831 6.255372
-2.197459 6.269744
-3.809812 9.330074
-5.458704 6.403263
-5.111831 6.886550
-5.399540 6.799733
-6.155319 7.915306
-6.778050 7.965191
-6.580242 8.810384
-5.767654 8.484134
-3.351470 8.704315
-7.532093 11.022155
-6.424749 8.646771
-7.600559 7.076020
-4.709514 6.636569
-3.466862 6.392447
-2.280569 8.297030
-4.245781 8.570479
-4.846791 7.900771
-2.928638 8.726971
-1.366585 4.393938
-1.134764 2.373024
-1.872111 1.684656
-5.114085 -2.280423
-9.790019 -0.451727
-11.352531 2.521934
-9.053852 1.722358
-9.192631 2.171802
-10.936949 0.843513
-8.991651 2.435057
-8.063198 1.303352
-9.905979 3.429422
-12.288984 0.372841
-8.849538 -0.596814
-9.990219 0.611682
-8.692887 1.730696
-6.678141 0.129807
-8.199609 2.000280
-7.905953 3.466347
-7.797198 4.327365
-7.788763 5.249962
-7.766778 6.349204
-5.733966 6.851281
-5.922174 7.867101
-7.743785 6.603286
-5.150208 8.750654
-3.658751 7.535868
-3.197785 7.368779
-2.048917 5.717239
-2.346666 5.700262
-0.828792 3.419183
-2.064411 3.354314
-1.624661 0.810020
-2.638484 0.758716
-3.922856 0.999281
-4.287031 0.924028
-6.032074 1.222388
-7.776704 0.814468
-7.389226 -2.152598
-6.367607 0.104851
-6.817445 6.364483
-7.897490 2.339568
-7.593969 2.680267
-7.715037 2.762691
-2.294282 2.209316
-2.480413 5.439803
-0.991615 2.438196
-2.429397 6.567670
-6.699404 6.526245
-5.792906 7.758161
-6.409031 8.052236
-7.435213 7.411796
-5.653461 6.745278
-4.617069 7.157387
-6.376602 7.192083
-6.776700 6.979549
-5.659473 7.474151
-4.506662 7.178393
-5.828996 8.738820
-6.949984 9.472220
-7.765978 5.665652
-7.060734 8.385424
-6.197287 8.187222
-7.207064 6.818671
-6.041157 9.403423
-8.700710 8.661593
-6.189614 9.553332
-7.359483 7.390154
-5.103620 6.668510
-2.424934 7.898865
-0.966675 4.795527
-2.087218 1.933678
-2.430522 1.507422
-1.733375 2.432159
-1.656136 2.131745
-2.743253 -0.558270
-11.066452 0.065263
-14.989157 4.118134
-15.429792 11.996634
-10.943694 9.403823
-10.733044 12.737781
-5.777508 7.290663
-4.003841 6.977877
-6.125636 6.847708
-5.995713 6.332418
-5.117602 7.801482
-5.539279 8.047914
-6.413764 7.563801
-7.550723 7.451634
-7.173194 7.824856
-7.642768 5.946655
-7.652076 1.599532
-7.856332 0.982445
-6.307347 0.897741
-8.880068 2.477350
-7.742342 2.475406
-9.369778 3.298670
-6.776924 7.269456
-7.733904 8.595899
-9.377602 10.095995
-10.079368 10.148004
-8.049273 8.860239
-4.945825 7.052653
-6.895049 7.171192
-6.717957 0.434380
-2.786358 -1.061302
-5.369535 0.234164
-4.910830 -0.360805
-5.775169 0.352610
-5.298492 1.230225
-7.333057 1.220518
-8.378756 0.392578
-8.567942 3.280472
-4.824121 6.908324
-6.148218 10.046774
-6.987164 6.563629
-6.746508 6.334212
-7.851484 6.964010
-7.650391 8.697000
-6.732425 6.515838
-7.117970 7.126037
-7.652112 3.778780
-7.892272 4.528905
-6.990912 9.018866
-4.777634 7.886756
-6.421414 6.514615
-6.679228 6.962815
-9.974699 9.015722
-12.600087 10.504582
-7.390769 9.168311
-6.857979 7.552151
-10.810843 9.638274
-9.101705 11.805789
-7.233605 10.856855
-8.506397 10.475338
-6.555038 6.697264
-7.829443 6.103805
-6.043902 8.629627
-7.721165 8.046253
-8.194128 10.110792
-10.687930 9.039607
-12.947287 10.625112
-12.078526 9.284797
-13.773762 7.994943
-9.981316 10.053139
-9.627920 10.490003
-6.594759 6.539102
-7.266318 8.119210
-7.878922 8.257057
-6.404256 9.420299
-3.678270 6.593642
-7.355578 7.860038
-7.770825 6.468394
-6.175483 7.073159
-5.453239 7.325211
-8.135817 8.681767
-7.574410 11.430911
-5.656863 8.509481
-7.753921 6.672250
-7.048505 7.034055
-7.380291 9.320919
-7.747727 3.854395
-7.836284 5.600502
-7.682513 4.357008
-7.761353 5.248546
-7.916479 4.223615
-9.114080 3.299337
-9.324162 3.004719
-12.804918 0.156038
-11.412193 2.191856
-11.571379 3.394469
-13.509069 3.289295
-7.908192 2.706649
-7.546838 3.124073
-9.489887 0.915232
-6.953919 0.415896
-5.918121 -2.576388
-7.537099 0.824519
-8.332573 3.465084
-11.679064 3.195465
-10.187113 1.559425
-12.699245 2.657379
-10.979451 1.819101
-13.996986 4.113328
-13.222490 6.805485
-13.574695 5.874240
-15.258808 9.310166
-9.345528 9.448678
-7.238611 8.906651
-7.003867 7.706235
-4.635084 7.308124
-7.335945 7.114550
-7.635087 5.712025
-7.465308 6.769115
-7.277570 6.690859
-7.800595 6.058204
-10.588221 2.220684
-18.062191 7.637921
-16.808104 11.876616
-12.301758 9.625247
-8.851503 9.846970
-13.981252 13.393275
-6.314620 7.475039
-9.138167 8.512753
-8.637770 9.293061
-13.452200 4.646449
-11.277597 1.430211
-15.157498 5.845318
-12.558556 0.745167
-8.127546 3.282993
-7.586418 3.823953
-13.260980 4.313219
-12.129628 -0.150395
-10.340532 2.070436
-10.551176 3.491068
-11.097908 1.558162
-11.358418 2.277811
-15.086611 4.575404
-13.580815 4.757631
-11.651819 10.011767
-12.170847 10.565835
-14.200745 7.396505
-14.595663 7.599230
-7.106376 9.067907
-5.203332 7.063299
-6.072031 7.094550
-5.039435 6.505927
-7.415566 7.590199
-7.545307 5.906614
-4.682517 6.901551
-6.668871 6.850929
-7.218390 7.285855
-4.732975 6.632468
-4.987474 6.932484
-5.913039 7.292850
-4.414745 6.689064
-4.724955 6.968576
-7.495859 4.494725
-13.806122 6.895237
-13.568157 3.685459
-11.428200 3.316601
-14.028341 7.830388
-12.624857 12.255467
-7.039869 9.306492
-8.291946 1.335763
-9.578760 2.987916
-12.396425 2.497210
-13.362898 0.612845
-14.017723 -3.318549
-8.028522 3.050383
-7.663617 4.558570
-7.567885 4.866785
-7.769375 6.874363
-4.290431 6.963944
-1.516674 6.335318
-2.454320 5.791168
-2.150516 4.617753
-1.475196 4.535383
-1.118292 5.136781
-1.755084 4.768495
-2.033478 5.313889
-1.921605 3.666780
-1.065595 3.756382
0.362733 4.424434
-5.242059 7.862666
-4.127204 8.286660
-3.821913 7.067321
-3.688354 6.988180
-6.489680 8.266240
-6.308908 7.121984
-2.651562 6.337463
-3.515492 6.967867
-2.537050 8.436536
-1.662913 5.977272
0.365945 5.652647
-1.492779 5.048557
-2.352895 5.800060
-1.325671 4.399715
-1.288293 3.566167
-1.491783 2.541711
-1.690878 3.209806
-1.879957 3.788404
-1.036325 2.482349
-1.638341 1.223903
-0.537053 1.510667
-1.542189 1.074639
-2.248444 0.831869
-1.341893 3.648651
-2.327041 4.467540
-1.662917 5.001662
-2.240467 7.354353
-8.394684 9.283582
-6.056448 7.150013
-5.698543 6.947558
-4.584169 7.126238
-7.561813 7.535329
-6.040195 6.577881
-7.431520 6.532054
-7.732848 6.446440
-7.482821 3.950475
-7.752632 3.365939
-7.553796 5.562020
-7.863222 2.929528
-9.957849 1.759371
-7.870618 -0.029837
-5.332562 7.660240
-2.117339 7.023949
-2.238951 1.720545
-5.740024 7.123481
-7.377180 6.325123
-6.383790 7.098076
-4.742299 6.865744
-7.041770 8.128333
-7.692356 6.197516
-7.813430 5.398331
-7.892964 4.457807
-3.485525 1.091040
-1.381499 0.910829
-2.515207 -0.417713
-8.919607 3.049094
-7.222548 6.650940
-4.283885 7.798121
-2.988803 7.156382
-5.967532 7.789397
-5.836400 7.531196
-6.532373 8.330719
-7.049642 6.679094
-1.637434 4.649473
-2.137521 3.595063
-2.136034 4.898138
-2.974994 6.516277
-7.561624 7.023679
-6.079717 7.205579
-4.009257 7.096887
-4.112613 7.159265
-7.842824 5.097613
-7.812052 1.928952
-8.000887 3.483119
-11.485429 3.442148
-8.827600 2.982188
-11.973182 1.790724
-9.802745 2.673500
-15.108318 0.929238
-13.002163 5.696448
-17.546162 8.919393
-14.398327 5.651173
-13.416516 6.720613
-14.580574 8.447022
-7.438861 9.167418
-6.898605 7.898493
-6.308857 7.174197
-6.192324 7.932984
-7.163743 6.764099
-7.837281 7.861723
-2.714456 6.508849
-3.193967 6.319771
-3.935095 8.642774
-4.276831 7.176756
-6.544442 8.603584
-1.250998 3.193388
-1.765205 3.312991
-1.976065 0.366254
-2.243624 5.678013
-1.915866 3.912121
-4.578500 6.991207
-0.684331 3.658753
-2.273413 5.773029
-2.418841 1.637047
-3.560358 1.026809
-5.183633 1.270190
-5.626044 -0.060472
-4.728118 0.914661
-3.874293 1.177070
-4.211434 0.595149
-6.202540 0.499041
-9.933092 2.567885
-8.343924 9.877895
-5.805342 10.370366
-4.885656 7.880151
-3.828394 6.693336
-7.296875 6.559576
-7.871710 5.909116
-7.148266 8.452295
-6.929600 7.206873
-9.436563 2.893807
-13.174702 4.326077
-10.359723 3.308118
-11.286459 1.200470
-7.700165 4.769517
-8.415026 0.752644
-7.198214 0.884008
-10.718416 1.714287
-13.703278 5.292625
-13.342877 6.568860
-14.475588 6.219620
-13.497442 7.676684
-13.128286 4.933147
-16.351032 7.823041
-14.610818 3.569707
-6.655635 6.437492
-6.876175 6.723938
-6.942690 6.431435
-7.710171 6.982600
-7.581281 8.526591
-6.647736 6.698981
-4.051904 7.037808
-7.003813 6.971077
-5.763469 6.480550
-4.229284 7.644787
-4.332876 10.020629
-4.433545 8.541644
-1.559801 9.728819
-2.700384 6.660291
-2.150813 6.006313
0.519659 5.746117
-0.670206 4.238438
-1.147730 5.622965
-2.387431 5.259589
-2.121597 4.829257
-2.230906 3.994965
-1.713430 5.664814
-2.237713 5.829811
-1.940230 6.294617
-2.079855 7.323102
-4.122722 6.344265
-3.470500 6.376392
-3.637614 6.808310
-2.952011 6.375955
-3.753293 7.948422
-4.274271 7.652226
-5.104801 7.494624
-5.842379 8.936076
-3.360353 6.700494
-1.917687 3.931386
-2.083246 5.152808
-2.006929 5.041653
-1.165592 4.974809
-1.163369 4.242919
-1.546754 6.127722
-6.227412 7.889991
-7.239624 7.592919
-6.208091 7.419767
-5.848798 7.098167
-4.906410 6.919831
-8.246708 8.684573
-8.443665 9.277551
-6.459145 9.319280
-7.902857 6.195008
-9.224837 2.415558
-10.372575 3.211936
-14.435601 3.050623
-13.499844 6.403375
-13.650662 8.990177
-11.272490 9.171361
-11.389683 9.406193
-7.937872 10.913327
-8.865928 8.892625
-6.216776 7.968700
-6.424921 7.734313
-5.707719 6.867122
-4.749376 6.468512
-5.696891 8.349654
-5.938925 8.245058
-7.597075 6.140994
-7.587612 2.322459
-7.626468 4.351641
-7.747050 5.534003
-7.686274 10.890679
-10.484649 9.146851
-3.959445 7.816611
-5.925613 7.224646
-2.946388 6.445665
-1.493401 6.133024
-1.832945 5.148638
-2.130632 4.471474
-6.553215 7.258530
-6.196845 6.879447
-7.156243 7.470429
-6.907341 8.035286
-6.078432 6.337410
-5.346548 7.325737
-2.995814 0.193287
-1.519653 1.152503
-2.093746 3.646617
-1.658501 4.843430
-0.781710 5.027831
-2.170524 5.132149
-4.950976 6.389380
-5.759964 6.709918
-7.139653 6.718507
-3.444364 6.828317
-3.642298 6.446533
-2.715085 7.140696
-4.521416 6.691836
-7.941912 6.729658
-7.818615 6.203862
-7.517379 3.741975
-9.586398 1.423280
-7.532478 2.191800
-10.224671 3.327899
-10.127520 3.449744
-6.856820 -0.283643
-7.118354 0.265424
-8.150603 2.540178
-7.774511 0.131880
-9.951199 3.305782
-8.396371 3.455476
-8.348419 9.296071
-7.407659 7.738779
-7.386521 7.763443
-7.354628 6.561109
-8.206273 11.052412
-6.764386 11.512906
-10.117006 8.814170
-8.931920 9.113107
-10.617538 9.186418
-10.603956 8.940304
-14.608072 9.475852
-14.017614 6.399933
-14.294336 2.839674
-7.486269 3.737060
-5.586725 6.869177
-5.028425 6.990398
-11.450710 8.500762
-7.385184 7.966567
-7.718560 7.229199
-6.881666 6.825377
-6.760500 8.821980
-13.809542 11.502684
-10.066328 8.836934
-9.755268 8.690192
-7.166068 8.549148
-9.594367 8.603563
-8.252568 9.040669
-6.455928 7.736483
-5.394569 6.762824
-6.317055 7.546069
-7.354767 6.914245
-7.797014 7.951948
-7.701420 5.539789
-7.315053 8.531425
-7.939437 8.720372
-9.920139 9.080066
-8.611235 10.634685
-10.365467 8.875696
-7.792657 7.489411
-5.952475 7.034784
-6.570013 6.576240
-8.955729 8.793191
-7.944691 8.148326
-10.526123 3.139978
-7.507877 6.350718
-6.637509 12.326406
-9.613713 9.036849
-7.920744 4.127673
-7.261164 6.492791
-9.128354 9.501521
-8.950735 8.897558
-5.929187 6.764503
-6.462746 7.529899
-4.669787 6.758955
-3.323339 1.058806
-4.507559 0.614758
-6.352495 -0.106437
-9.774512 2.742296
-8.263588 2.409571
-10.728399 3.360923
-6.644786 -0.266827
-8.200480 2.626691
-7.575010 6.250767
-6.308271 7.707904
-5.528641 6.563322
-4.379491 7.512731
-8.281013 9.073399
-6.516486 7.511624
-6.399569 10.090323
-9.390512 9.423764
-11.346991 9.275691
-7.760885 2.741189
-14.480051 6.367156
-15.470539 4.006886
-12.813560 3.169542
-0.564116 3.518817
-0.512789 4.226201
-2.022278 3.285640
-4.889910 9.036666
-6.798618 8.243623
-4.702979 8.251703
-4.786355 7.733405
-5.733588 7.451720
-7.825871 8.993836
-7.871957 5.234531
-7.818258 5.726488
-8.817123 8.959203
-6.691412 7.868844
-7.887045 5.724439
-7.769703 2.582046
-6.262607 8.134215
-6.903621 7.244053
-6.463904 10.627872
-9.055626 1.910795
-14.865054 8.004465
-13.308546 6.632394
-13.772417 4.886358
-13.942511 7.293509
-13.514263 5.796077
-14.201654 4.902547
-16.496540 6.508791
-12.649672 9.182425
-14.346535 8.311432
-13.150591 6.576821
-15.111951 5.620276
-16.148516 4.193740
-18.103973 4.357079
-15.585752 3.693490
-15.430803 5.262853
-12.827782 12.827085
-9.758197 8.673265
-9.836416 9.836140
-8.282127 9.393446
-12.251827 8.858799
-13.192165 10.612206
-5.466596 8.529758
-8.574752 9.395772
-9.180388 10.276544
-7.677789 4.414732
-10.063465 10.233695
-10.429453 9.151126
-14.085650 8.443500
-11.310160 3.366807
-11.301630 2.701263
-7.715222 6.776359
-9.502409 9.347943
-8.642051 9.281883
-9.835367 9.250762
-11.086604 3.286135
-10.199739 2.662106
-13.143987 6.092835
-13.959527 5.904652
-13.663716 8.284211
-14.512340 7.816551
-7.553225 6.057309
-7.606553 4.063109
-7.936268 5.341896
-8.242537 9.210341
-4.586094 7.372387
-8.986102 8.664412
-6.794164 9.304555
-1.844561 6.289054
-5.513365 8.248826
-5.749876 7.369056
-7.710423 6.703763
-7.499730 4.183359
-11.302278 3.171409
-9.209934 2.650451
-15.731940 3.936833
-14.315563 5.260942
-9.290663 10.028991
-6.101516 9.726504
-7.295889 7.427047
-7.800528 8.089499
-6.418261 6.940213
-7.943362 9.928144
-8.755350 9.036794
-5.353328 8.721244
-5.781785 7.765563
-5.940474 7.939760
-7.086664 7.364493
-7.101904 7.433532
-7.204938 9.534534
-8.052508 1.949152
-8.539257 3.472068
-8.043839 3.333857
-7.672773 6.124644
-7.436784 7.271556
-7.603808 8.247739
-6.864938 7.625119
-7.650166 7.223267
-4.032689 9.966409
-8.998781 9.044768
-7.879226 7.977983
-6.780936 7.414672
-7.208013 6.355265
-7.818240 6.175314
-7.018705 7.630417
-7.758011 7.284600
-7.121535 6.405993
-10.468607 8.889552
-13.332951 11.665322
-12.404606 9.780259
-14.337536 10.057361
-16.968403 8.193439
-14.888921 6.556802
-15.101527 4.085309
-11.481503 1.800158
-11.175849 -0.767535
-8.677345 2.188644
-9.662849 1.072297
-11.275741 3.201746
-7.876810 3.469226
-9.756353 8.996626
-10.017756 9.064999
-7.903240 3.925377
-7.774316 2.742185
-7.677277 3.872685
-0.538229 3.305418
-1.547329 3.227442
-8.352295 1.377613
-9.094206 -0.196836
-9.110265 2.363447
-9.927917 2.799776
-9.122406 1.617857
-10.994130 1.210541
-7.226966 1.141605
-9.699680 1.467969
-9.927399 3.024716
-10.634592 3.297184
-11.440269 3.265572
-8.010836 3.458255
-9.690244 3.498570
-7.898702 4.492130
-6.586939 7.454481
-7.908423 7.567436
-10.879423 10.458608
-4.507081 7.189075
-9.826794 9.576035
-10.499547 9.268270
-7.813512 5.385631
-7.482479 3.687818
-7.725385 5.814450
-7.422967 6.550606
-4.699821 6.940676
-4.022725 7.790303
-5.429106 7.272610
-3.922720 6.784524
-7.510972 5.548056
-7.857345 6.351897
-5.619593 6.501212
-4.323396 7.021765
-3.660133 9.336847
-7.836005 3.812934
-7.568609 9.167106
-7.181945 7.968616
-13.403910 3.858464
-6.173679 1.215338
-8.773546 -0.644184
-10.487370 -1.107613
-10.638418 1.456536
-6.322519 1.033834
-7.716215 6.830648
-6.921074 6.316980
-3.775930 7.408568
-3.575221 7.924002
-1.014649 7.896439
-5.603827 8.319222
-6.665856 7.551330
-7.028544 7.798365
-7.203214 8.357074
-6.807431 6.481080
-4.731311 6.810224
-3.909493 7.054479
-2.929841 6.863297
-1.292526 5.641054
-1.132912 4.616432
-1.898950 5.849128
-2.067819 7.124815
-4.497631 6.620158
-5.060174 8.207225
-6.635215 6.777417
-7.892183 7.369563
-7.328558 7.457722
-7.821787 6.541964
-7.647470 8.256260
-6.976778 7.386328
-7.219263 9.736083
-9.415390 9.625898
-13.638159 10.417762
-14.507280 6.948966
-15.148647 7.348476
-13.976564 3.935674
-14.538047 8.188220
-12.519524 10.148092
-10.260293 10.855392
-17.505838 6.596227
-13.950905 7.902185
-13.297632 7.872444
-14.356090 4.867209
-15.460958 0.243570
-12.573589 3.438159
-10.008850 1.759507
-7.747319 1.922435
-7.793579 2.236928
-7.721923 7.608578
-7.926352 4.027473
-7.762125 5.178985
-6.916180 8.831911
-12.604540 12.146842
-5.076536 12.623597
-7.258409 8.936080
-1.240929 8.967163
-1.055326 5.757463
-2.271198 5.688711
-3.323421 8.441281
-6.076960 7.330780
-3.797903 7.426150
-6.099057 6.891802
-6.880239 9.446687
-7.817665 6.978836
-7.483348 4.033055
-7.658024 6.178782
-7.496165 4.433584
-11.706295 3.344223
-13.074777 3.879016
-12.819552 0.145162
-9.848038 0.601595
-11.206116 1.955825
-7.314933 9.242700
-13.501629 6.297521
-18.117115 9.452580
-14.432590 5.187653
-12.700348 2.323123
-12.858644 0.986825
-16.153128 9.271329
-13.734836 5.632170
-12.942146 11.937387
-9.656290 10.354627
-7.775809 8.704518
-12.358921 10.055836
-9.008712 10.191564
-12.453434 10.004110
-15.243546 10.264243
-11.543723 9.255242
-11.941644 9.065813
-13.397873 8.825719
-10.382145 9.684159
-14.271457 9.375670
-9.039746 8.967109
-11.367627 9.416247
-9.083592 9.459189
-10.055996 8.911351
-8.118816 10.154437
-5.790479 7.724651
-7.285827 6.737112
-9.936590 9.177039
-6.768719 10.374125
-7.905224 9.523007
-6.623595 7.066801
-9.585203 3.268512
-10.372395 2.193075
-11.989188 8.710232
-8.224045 8.832948
-6.580273 8.014113
-6.833161 7.079719
-6.854156 8.076676
-13.365424 5.730637
-15.711171 5.835075
-11.906145 1.320367
-10.243414 0.727839
-12.132751 2.693894
-10.394325 2.624574
-8.586424 2.238214
-7.781517 3.429312
-7.816354 2.806092
-8.396534 1.838830
-8.922468 -0.683173
-2.341830 0.886849
-2.985469 0.897666
-3.139845 0.817766
-1.958661 1.652966
-0.730491 2.073449
-2.100903 0.321365
-1.962854 1.828140
-1.975663 -0.410279
-1.448690 0.828389
-2.363914 -0.038819
-4.359611 0.881529
-3.694085 1.233979
-4.684900 1.070341
-3.664503 1.011822
-1.634302 1.131702
-2.163496 2.273076
-1.529320 1.864887
-1.003495 1.014336
-3.357995 0.367020
-3.096602 1.194016
-4.519791 0.565415
-4.564725 1.063130
-2.935228 0.917906
-2.721225 -0.436071
-2.036322 2.248127
-2.360143 3.664192
-1.814610 3.110113
-2.092269 5.932231
-1.980708 5.649874
-3.340621 6.623547
-3.784979 6.561399
-4.220889 7.921426
-4.800026 7.630410
-6.721758 7.836094
-6.579352 6.854108
-6.428951 8.249829
-6.358793 7.315751
-7.865306 7.720170
-6.925931 6.570255
-4.690582 7.503992
-7.672431 8.027979
-13.552017 11.053876
-11.996624 10.018853
-10.631776 8.825192
-9.417557 8.506886
-10.872445 10.429648
-11.545116 11.577058
-7.487414 5.971723
-7.623284 6.029591
-7.693890 6.852461
-4.035953 8.271322
-7.176192 8.429051
-8.182459 9.232164
-14.583962 11.905721
-14.771285 8.277173
-9.101067 10.671494
-13.618696 10.785909
-8.223216 12.057797
-7.074441 7.716345
-11.649807 9.945655
-11.205647 8.901097
-7.278100 8.582898
-7.142219 7.100577
-10.765528 3.432603
-7.784841 6.868242
-6.975760 7.774756
-7.191687 7.811686
-6.065643 7.107405
-6.789029 7.193802
-6.550402 8.023279
-7.855645 5.955372
-7.634929 5.087306
-8.712390 3.459025
-4.714578 6.394175
-7.794401 7.227627
-13.436925 6.734984
-8.508467 2.371911
-7.660137 3.319397
-7.814425 7.447750
-14.637377 12.011504
-11.937015 12.076772
-9.681217 3.203557
-7.760104 2.732022
-11.338606 0.377493
-8.764954 2.622298
-8.638856 3.034689
-9.356285 2.521353
-8.981229 2.530719
-10.625607 3.323276
-7.606773 2.476620
-7.612941 4.221820
-9.285693 2.767062
-8.026593 1.751203
-9.341277 2.505250
-10.576627 3.385658
-7.835163 6.508765
-8.436116 9.633709
-12.477764 8.966619
-9.114640 8.852874
-7.791594 4.410284
-7.685598 4.873058
-11.808727 9.071235
-15.157492 6.674112
-8.730455 3.253224
-8.196154 0.741762
-5.238466 7.786764
-7.896992 5.584510
-7.505096 6.919897
-10.715910 11.337150
-8.876190 8.713228
-9.857409 9.070132
-8.107229 8.988979
-5.689341 9.498769
-6.308057 7.415203
-7.093425 6.576634
-6.115949 8.456669
-7.553524 9.239846
-7.622188 4.870048
-7.606202 6.827660
-8.494941 8.741698
-8.137384 8.931573
-13.063383 7.157839
-13.554569 5.035406
-10.155596 11.420135
-8.768487 9.813869
-7.702087 0.708581
-8.920835 0.716736
-8.689444 3.077274
-7.768220 3.685794
-9.033207 1.740295
-11.041206 2.475244
-9.427333 0.762982
-9.268891 2.166757
-9.210482 2.727498
-8.168799 3.040662
-7.784715 3.024207
-7.549745 4.504737
-7.601678 4.421384
-7.937443 2.742102
-9.193972 2.864775
-7.009313 6.774266
-8.621247 3.179847
-9.573754 2.669439
-7.220834 7.179906
-4.439044 6.492946
-9.540684 9.218605
-4.359291 10.244493
-6.853851 6.585966
-7.235747 7.771697
-7.609700 8.014057
-9.738291 2.499623
-8.384933 2.874266
-9.630816 2.647161
-13.452749 4.501506
-13.388056 3.937948
-7.515639 2.025186
-11.421764 2.656868
-9.701529 0.828371
-10.110482 2.161672
-10.106171 3.421226
-8.327367 3.435863
-8.062168 1.302730
-7.947125 3.457670
-7.905370 3.057528
-8.370606 2.645643
-13.084984 1.802903
-5.113776 6.605663
-6.829603 7.567057
-7.920753 6.958233
-7.362250 6.780736
-4.054461 7.063251
-6.321416 7.532272
-8.833956 11.286558
-9.815977 9.063498
-10.916073 8.887805
-11.984634 10.160567
-9.602822 8.710413
-13.171858 6.234662
-13.140945 5.058731
-8.982099 9.197590
-9.450972 9.514349
-5.076812 6.427826
-6.028627 6.663488
-13.786005 6.896926
-16.093288 8.836186
-13.371746 8.178344
-13.462280 4.760346
-13.250322 9.662421
-12.259177 8.883796
-6.818719 8.205132
-7.392920 7.035060
-7.559871 8.182738
-9.277605 3.164072
-12.157688 2.134863
-14.939181 7.762330
-12.617294 8.903944
-14.330557 8.827617
-9.621026 2.696051
-11.192498 1.889876
-9.830939 2.797954
-7.192434 8.899242
-11.279213 3.449490
-12.757277 2.273265
-9.457596 -1.480243
-5.152983 0.896941
-12.532269 9.708684
-12.709168 9.474630
-12.884958 10.727997
-13.927320 6.252238
-10.653024 12.176649
-10.419563 9.656008
-8.998378 9.740245
-9.895408 8.758912
-7.656352 4.872072
-6.007730 7.808909
-7.554821 7.191597
-6.865251 8.959696
-5.688832 9.344943
-14.399281 4.447443
-5.735815 6.869164
-6.601285 6.509109
-5.614336 6.435260
-4.798832 6.376729
-5.420652 8.959337
-5.272363 7.772083
-5.250183 9.515896
-6.881170 8.742205
-7.759022 7.214242
-6.112284 9.472703
-6.607311 8.486693
-5.160399 7.320975
-6.978358 7.375793
-6.793483 7.335584
-5.770640 6.503195
-5.106754 9.415861
-6.860991 8.433922
-7.759890 6.111180
-7.526941 3.668087
-7.898234 6.369811
-6.807376 7.051829
-6.244145 7.786358
-6.520882 8.216687
-8.837049 9.373690
-7.131828 8.097178
-5.012642 7.247246
-7.831386 6.256728
-6.078098 6.717017
-5.625919 7.570554
-4.415883 6.787874
-4.676325 6.560980
-3.398296 6.970105
-1.752309 6.490593
-1.927052 5.563623
-0.720414 7.196849
-2.566732 8.502961
-3.651403 7.094673
-4.110593 6.750358
-5.238070 6.707804
-5.877458 6.885257
-5.871952 7.162661
-4.822635 0.865390
-5.852972 1.168323
-6.854207 -0.418214
-8.425378 1.311022
-7.152503 0.418082
-9.407219 3.292375
-7.589888 1.920163
-7.609488 3.246245
-8.707485 1.489343
-5.772343 7.467775
-6.276501 7.954933
-7.813433 3.018413
-7.506975 2.507850
-4.252383 6.993699
-4.655082 6.655003
-7.045830 7.313985
-5.786140 6.315265
-6.758353 6.903415
-13.014174 5.694841
-14.213565 4.791865
-7.624295 5.045061
-7.569049 3.985439
-7.882137 7.200633
-4.723242 6.373780
-6.030529 8.758589
-7.485760 6.576932
-6.661919 7.451842
-5.626410 10.031617
-9.156364 8.947085
-10.927507 9.667224
-17.527388 11.917155
-13.980094 7.362612
-13.638545 3.970630
-13.185085 2.614078
-10.016562 3.490956
-13.434064 3.140571
-14.240219 5.622676
-15.089010 6.908031
-13.117477 10.475658
-8.256180 9.274044
-6.483164 8.033476
-7.689502 6.219867
-6.336274 7.782122
-8.985190 9.133158
-6.840833 9.019119
-4.211245 7.527283
-5.125538 7.857275
-5.723459 7.215739
-7.736343 7.320995
-7.935329 4.700749
-7.903803 3.809029
-7.555120 2.739379
-7.983355 2.195963
-7.682070 3.160737
-7.908414 7.636614
-4.936607 7.123394
-6.937455 8.295394
-7.790234 6.599436
-4.988794 9.842801
-4.495895 7.655388
-3.280853 7.352353
-3.396191 7.129554
-3.100069 7.464468
-3.190188 6.714787
-4.507527 6.383883
-7.917283 7.299750
-6.315717 7.317079
-1.939122 3.222352
-0.923329 2.380686
-0.874959 3.006438
-2.296093 3.848021
-1.761296 2.246551
-1.997022 5.226098
-2.971186 8.476764
-4.263072 8.523909
-3.513908 8.628858
-6.742483 6.842774
-11.390083 10.072115
-10.670826 9.126481
-9.135265 9.338011
-13.581776 6.356640
-13.667131 8.803109
-13.598988 9.363156
-12.866716 10.228195
-14.301367 7.197150
-12.913973 11.947437
-2.401758 11.417813
-9.829100 13.711711
-10.928102 10.764470
-18.196354 9.302025
-13.384017 9.653754
-13.555993 8.648528
-14.475003 4.372866
-11.762023 2.501023
-11.284024 3.454019
-10.101300 1.873161
-8.450159 -0.651172
-10.032095 2.736180
-8.380812 2.690914
-7.929474 3.187108
-7.663970 6.506429
-6.923978 8.458190
-6.419789 7.510126
-2.321747 7.570610
-4.150957 8.509082
-3.340260 9.262392
-4.918948 7.733167
-5.884776 7.257854
-6.468114 7.816651
-8.077426 9.473594
-7.535610 5.663756
-7.943813 7.612153
-5.435823 8.185450
-5.989654 6.762689
-7.259208 8.085173
-7.472616 10.755402
-9.673719 9.398408
-5.571112 9.262934
-5.418596 7.811348
-6.514599 7.184597
-7.541582 7.199762
-7.757816 3.853093
-7.574539 6.666883
-6.991477 7.652539
-6.813915 9.556198
-7.162244 7.387761
-7.844524 0.869120
-7.674701 1.814956
-10.764997 3.272176
-12.554598 3.259947
-10.483125 2.693241
-12.034636 3.435525
-8.618874 3.315613
-7.663918 2.377342
-7.599188 5.385906
-7.895447 4.421731
-7.756603 3.402668
-8.137109 1.765285
-5.520694 -1.419504
-4.758805 1.230836
-4.464103 6.987849
-5.285869 6.635334
-3.131555 6.388642
-3.990075 7.425907
-6.066725 6.558377
-7.480174 6.941514
-7.563505 5.103836
-7.502930 4.589243
-7.591773 8.274049
-5.320006 9.163417
-7.396596 8.105166
-7.370378 6.620757
-6.830770 7.071387
-6.714387 7.553755
-8.591785 9.188803
-13.363661 10.366857
-10.511554 9.152282
-7.767872 2.066191
-9.641848 1.001806
-7.694742 3.161557
-8.017052 3.056554
-10.275967 3.432197
-11.745486 2.652629
-6.630495 0.574170
-7.396633 7.586823
-6.378366 8.598092
-2.919333 11.489227
-6.901700 6.962070
-7.138952 7.730584
-5.678500 7.469864
-3.359272 6.644407
-4.585078 6.504061
-7.703124 7.776578
-5.745396 8.405146
-7.732516 10.239741
-8.460828 3.303184
-7.748822 7.307310
-10.768641 9.377217
-6.293775 7.060473
-6.505365 7.652519
-7.677237 6.235033
-7.658245 2.670410
-8.611635 1.693980
-9.221480 2.524093
-8.745932 2.549793
-11.683888 1.338945
-8.311303 2.790248
-8.923731 2.303063
-9.747784 3.459109
-9.443207 1.103886
-9.187849 2.505288
-10.208395 3.181213
-10.194248 2.987278
-8.706717 0.966624
-9.234019 2.411283
-7.619030 2.284331
-7.871064 4.803768
-7.786900 6.079051
-6.694483 7.775166
-5.484231 7.021477
-2.160375 4.462195
-2.028011 5.123270
-1.715643 3.132329
-7.772624 3.759091
-7.915380 5.491400
-7.676889 4.876699
-7.483197 5.511088
-7.513592 4.975548
-7.969178 3.490241
-12.145532 2.741895
-12.541282 3.020752
-10.034154 9.334393
-4.158126 9.576555
-4.144680 7.711240
-5.905162 7.210318
-5.342259 6.467639
-6.456365 6.311183
-4.410632 6.700980
-5.138549 6.532642
-7.945227 9.846864
-5.463090 7.578861
-10.338484 9.891383
-7.778456 8.888824
-6.460155 8.329602
-4.907198 8.061296
-5.740602 8.620022
-5.799962 8.815789
-7.540238 6.653820
-7.929146 7.201343
-14.023944 7.620588
-13.373367 2.526376
-11.001073 2.700707
-10.270318 3.213318
-10.205374 3.111874
-7.517077 2.940866
-7.674181 6.437347
-5.527067 7.529053
-6.739957 7.930069
-7.148727 10.555086
-9.909965 8.760281
-12.753326 9.281958
-13.534842 8.310817
-12.711124 11.006957
-12.992311 6.934982
-13.157441 4.551010
-15.726578 2.140196
-12.409000 3.039119
-16.034195 6.549624
-13.795088 7.581129
-12.121189 10.518960
-7.725128 8.857776
-7.445734 7.142984
-7.651851 5.319901
-9.277573 1.330983
-11.509894 1.512836
-12.544774 3.391563
-11.356366 13.251605
-10.545221 10.711340
-10.846971 10.909146
-14.363173 8.981980
-10.744270 8.526080
-6.080497 10.327369
-6.114404 8.255753
-5.385839 7.877744
-7.738131 7.484332
-7.844755 8.169894
-5.355500 6.805191
-7.192531 8.187095
-6.576108 7.139197
-7.714546 7.703173
-4.781071 7.427304
-5.765759 7.191996
-5.145849 10.463630
-5.235789 6.498444
-7.302537 8.076441
-7.181243 7.562706
-8.869812 9.675672
-13.260817 13.463841
-14.502274 4.922284
-16.155107 6.701836
-12.532261 10.202821
-9.177461 9.184970
-7.959147 10.059708
-7.536877 5.216890
-7.907265 1.957004
-12.342769 0.706576
-17.301268 1.918206
-14.105097 4.259834
-13.117250 3.015363
-12.418534 1.808697
-9.749692 3.450919
-11.008084 1.262585
-9.562192 2.000895
-9.099713 2.564795
-17.646004 2.394255
-14.185413 3.683704
-19.404430 1.777424
