4.686470 18.860115
-0.992434 10.881087
-5.500921 10.878904
-9.477942 10.907981
-6.960968 7.183630
-7.092223 7.799277
-7.624462 6.673981
-7.642764 4.439891
-8.333618 0.920723
-9.599020 2.769524
-8.178059 9.450068
-7.192380 8.345595
-6.186317 7.559197
-6.545914 6.529493
-5.257782 6.611805
-7.098972 6.982714
-6.904865 6.926932
-6.876671 7.358855
-6.908889 7.688184
-6.599913 7.305482
-7.749104 7.834181
-7.783442 7.030875
-7.609286 6.235345
-5.225078 10.532878
-3.673027 7.995700
-4.165724 7.998384
-3.197841 7.083852
-8.064869 8.608394
-9.796543 9.610293
-9.762652 10.718113
-15.253416 10.582910
-11.829034 11.645513
-11.841499 8.519572
-12.829899 9.707048
-15.139220 8.883854
-12.977516 7.294978
-13.436592 6.184978
-14.736201 4.352872
-14.013832 8.269673
-14.727449 3.243317
-14.919701 4.266071
-14.745190 5.829646
-14.962621 2.163917
-13.823336 4.055707
-12.822040 3.332085
-11.385951 0.184451
-12.372573 2.645767
-8.294353 3.393056
-10.552532 2.548992
-8.927744 3.386684
-9.848877 2.898484
-11.707907 2.814561
-14.950377 0.117941
-13.181132 3.657592
-10.717651 1.045240
-9.966559 0.934762
-8.836003 2.943984
-8.950115 3.347207
-14.078623 2.913231
-13.077524 6.090603
-13.738997 5.707715
-16.784111 6.782691
-10.867493 0.918693
-18.206764 -0.828857
-14.338516 8.204496
-11.949818 9.202916
-3.517707 8.786125
-5.420376 9.047452
-4.907192 6.796914
-4.861350 7.196461
-6.509257 7.156681
-3.589630 6.413653
-2.430509 5.635363
-2.204298 3.596936
-0.609182 5.235944
-1.716029 4.291367
-1.694918 0.440753
-2.320825 1.771203
-2.320248 2.930921
-1.639578 0.415656
-3.293550 1.297151
-5.645152 0.542717
-10.801069 0.263163
-11.187187 2.913737
-12.686541 3.140515
-10.889140 3.424004
-8.309008 3.367842
-7.484879 4.907105
-7.366760 8.738757
-8.867186 10.397105
-11.019939 9.951669
-7.913328 4.871118
-13.222388 9.240096
-14.144054 8.377152
-18.115883 10.509566
-13.992844 7.905754
-14.602035 9.792399
-13.822624 5.351310
-13.060802 4.422071
-13.887094 5.448201
-15.211637 5.761250
-14.657368 9.016457
-12.459620 8.613396
-10.502541 11.220119
-8.103142 13.048738
-8.688004 9.449743
-6.214341 6.334982
-4.022406 6.890687
-3.946217 6.450326
-2.218060 7.054733
-3.221186 6.325170
-2.561985 6.601680
-0.119698 5.117050
-1.553911 4.692300
-0.583579 3.676723
-3.716876 8.272809
-2.331307 6.994533
-4.773090 7.483371
-4.905676 7.403462
-4.907486 7.277624
-5.670457 6.829504
-7.489718 8.717861
-6.966390 7.317046
-3.916245 6.868466
-6.540474 7.406683
-2.270927 1.491171
-2.168405 0.525403
-1.216194 3.139297
-1.970921 4.754490
-9.115662 9.181960
-5.134109 9.063208
-7.706390 8.473041
-7.163825 7.935174
-7.652686 5.044007
-9.860928 9.447174
-11.715936 10.448709
-9.396263 9.934010
-10.052339 8.674190
-5.211504 8.525805
-7.157483 7.409940
-7.183573 8.281604
-5.629690 6.965485
-6.295399 7.774051
-5.141302 7.972657
-6.604106 6.431966
-3.363224 6.719180
-3.999415 8.000826
-1.523954 7.940764
-0.371480 1.941163
-2.117058 4.712044
-1.680795 4.766121
-1.678726 6.944563
-4.282897 6.853075
-2.068346 6.805045
-2.127088 4.626248
-2.288027 6.320429
-4.228916 6.696805
-5.459510 6.887628
-4.227222 7.161396
-6.563723 8.487793
-7.659097 6.954481
-5.987403 6.402448
-4.685048 8.007599
-6.022923 7.486160
-6.807755 7.496425
-7.870906 3.833422
-10.614762 3.213418
-8.820879 1.465880
-8.697865 3.277361
-9.612222 2.988332
-13.508501 3.079215
-16.632980 -0.266103
-13.203768 1.472471
-8.389774 1.540359
-11.944627 1.123597
-16.294676 0.896672
