6.536965 11.426571
6.088368 10.960523
6.219052 8.717507
5.077470 7.771232
5.843018 6.214129
5.665456 5.617115
5.492854 6.325832
2.139388 3.957928
-0.299083 5.034027
0.509218 5.811515
-0.655266 5.891365
-1.530540 5.189206
-1.503124 8.531151
-1.419569 8.009305
-2.738287 7.009427
-2.090622 7.484711
-2.270875 7.513182
-2.035074 8.292679
-0.727186 5.769005
-1.813747 4.376875
-1.233251 2.665146
-5.267039 -2.439023
-10.667292 -6.472724
-13.336662 -8.479703
-12.914852 -7.340387
-12.727369 -9.603534
-7.440749 -15.877580
-11.928705 -18.226110
-18.606495 -16.875788
-16.834721 -13.884378
-17.899134 -16.018400
-19.202314 -14.801427
-17.666981 -7.550440
-7.459497 -7.063926
-10.024632 -15.537548
-6.713499 -15.336289
-10.922387 -12.380574
-9.393341 -11.736825
-18.988602 -12.294020
-15.007250 -10.797910
-13.105274 -10.504596
-10.176567 -10.749228
-9.783822 -9.305491
-3.596792 -8.370358
-7.557296 -12.203473
-10.128698 -15.554265
-9.242165 -15.107953
-8.823940 -11.081016
-18.262926 -5.137311
-12.853512 -7.126478
-15.195926 -9.768855
-15.002992 -6.675250
-17.739309 -14.743401
