-10.568261 5.904366
-9.076191 3.813035
-7.769679 4.020531
-8.068497 1.213178
-4.502865 0.210283
-4.764818 1.274066
-5.331812 0.223693
-5.679610 0.756503
-3.402233 0.668990
-4.603178 1.048347
-4.304540 1.046260
-2.277887 1.077147
-1.865095 1.935836
-1.741031 1.731808
-0.882509 1.287800
-1.457584 4.560302
-2.445399 5.747911
-2.110554 6.675642
-2.884191 8.350562
-4.943717 7.458065
-3.840118 7.272158
-5.092288 6.963062
-2.849977 7.121625
-1.626459 4.626887
-0.269092 3.765328
0.899368 3.841108
-0.987277 4.988581
-1.727892 3.340447
-1.506581 4.960702
-2.161452 3.029073
-1.290143 2.787620
-2.343157 1.907340
-1.246661 3.281873
-1.441483 1.382330
-3.209575 0.485743
-2.148386 0.006247
-0.116050 1.975616
-0.082412 1.105347
0.751243 0.270459
-2.238393 0.202971
-1.029884 0.253849
-2.929706 0.557630
-2.998920 -0.811304
-2.319139 0.669518
-2.616232 -0.061025
-2.874913 -5.901731
