-9.690947 6.798476
-2.459223 6.853735
4.947893 0.910855
3.999930 1.242469
9.693545 4.450435
9.761048 5.072117
9.669477 7.141353
9.899026 11.957609
9.400839 7.418885
9.362778 7.965562
9.384422 6.292905
9.399483 8.352450
11.193238 11.349772
11.439137 9.066474
10.571586 8.986604
13.104523 10.156369
15.929815 9.421632
9.359735 5.357302
10.157655 11.409945
9.614577 7.159400
7.550680 3.059358
8.673068 4.289379
4.222604 -0.533950
4.735092 -2.653085
2.418265 -1.491360
4.639968 0.705054
8.337726 1.565402
10.863482 3.375498
10.793967 2.799776
11.060839 3.581582
10.449627 3.216269
10.359868 1.273163
13.289419 1.595621
12.491438 2.114290
12.166112 2.241984
10.307377 3.547829
7.201599 3.936836
9.265777 6.892274
8.504700 6.523913
10.182573 9.852683
13.061865 9.235814
12.625842 11.268826
8.099227 8.457993
9.562960 8.151381
9.778426 3.682765
9.821395 7.604101
8.032394 6.114419
9.723854 8.614890
9.617831 4.265620
9.788784 5.000548
9.435170 3.051675
10.891306 2.659481
11.396567 2.790694
10.509150 2.843469
9.396427 3.684617
9.905258 3.647220
11.254182 1.902915
10.209975 1.439354
11.117106 1.655383
9.872782 2.324439
9.569592 5.842673
9.077438 2.386654
9.086872 1.566836
9.859300 1.985371
10.013882 2.386115
10.137758 1.380631
8.861228 4.793460
7.617592 3.144494
10.076609 2.680753
10.599266 1.959292
11.205301 2.508395
9.252133 2.838136
8.921818 1.644135
10.562819 1.397468
8.824799 4.268631
9.717356 3.528409
9.319071 1.601259
10.000279 2.344827
9.503756 1.814719
9.770246 2.208357
12.508415 1.514128
14.211001 -0.396196
12.589686 0.323186
12.510272 2.281541
12.419568 3.662804
5.407545 2.155346
7.909470 6.169166
9.032742 5.357635
9.183195 3.516628
5.695403 0.161381
7.144082 2.017697
3.428151 1.752706
5.289558 -0.652201
4.932641 0.059625
5.461915 0.524778
4.624490 -2.877557
4.466653 -2.709238
4.241737 -2.429978
4.355029 -1.410834
4.226601 -4.798018
7.494298 -6.305916
9.777245 -5.761661
11.136364 -7.396151
10.760927 -4.085596
10.585830 -6.098785
10.016176 -5.683975
8.555754 -6.598764
9.836425 -5.260264
8.703845 -6.260040
10.264580 -7.310727
11.008496 -4.573018
10.778907 -4.075527
10.315050 -6.804053
6.620044 -5.656693
5.633614 -8.275945
6.315425 -5.635337
6.223669 -6.228218
10.606663 -6.198641
9.548721 -6.053041
3.938588 -5.670914
7.028310 -5.684910
7.041092 -5.498237
4.751931 -5.023149
4.377963 -3.665964
5.297801 -3.666390
5.058685 -5.675017
4.365071 -2.303210
3.622330 -5.622143
4.344781 -5.967627
2.695249 -6.116951
4.645645 -2.965281
4.873296 -3.964515
5.411583 -3.570135
4.521059 -2.632067
4.447934 -2.092057
5.690672 0.021252
2.637995 -2.888144
4.857191 -2.606328
7.865843 2.303735
7.732417 3.895206
9.723330 3.087137
10.400247 1.909464
11.359875 1.776484
10.466442 1.564138
10.407810 2.134056
12.116495 2.743639
8.697540 4.526892
6.678182 0.723865
6.776992 0.211314
6.831238 1.521248
7.796782 1.335843
6.581790 0.364007
6.777338 0.645271
7.013473 0.988066
5.679319 -0.160741
5.348273 -1.729218
5.258288 -3.085735
4.044270 -3.632651
4.972019 -5.035832
2.378569 -5.057157
4.500286 -4.397282
4.768362 -3.567521
5.069868 -7.624043
7.530468 -6.207807
5.207113 0.508153
5.245982 -1.954462
8.771808 1.717198
10.932771 -4.264628
8.389732 -8.171522
7.962673 -6.291829
9.445358 -6.128863
9.992572 -6.125517
8.811720 -10.126193
9.970784 -8.790642
9.566920 -5.412401
9.271840 -6.413751
9.494278 -6.259863
9.061478 -6.939235
10.086845 -5.409662
8.811405 -5.370419
7.325357 -5.635684
5.845976 -8.333975
8.284452 -5.387211
8.763901 -6.394617
10.508402 -11.496843
10.723300 -4.601511
9.906828 -7.521172
9.287378 -7.536842
7.876438 -6.304080
8.894135 -6.109608
8.187865 -6.964602
5.680858 -7.560342
3.850954 -6.671716
9.297758 -5.814389
7.575354 -7.980598
14.440423 -7.087241
12.279152 -9.130787
10.949932 -8.186271
10.818086 -8.241129
8.432559 -6.796578
9.347857 -8.313556
10.260721 -8.262876
7.976627 -6.400346
8.574592 -6.187029
6.145060 -7.116775
6.722121 0.188626
5.691555 0.085041
4.535924 0.769827
7.011775 0.791091
6.571744 1.243243
6.194231 0.895706
5.912936 1.113830
5.857788 1.589485
5.685344 1.887223
5.840861 0.361501
6.843019 -0.114408
5.293394 0.482094
5.221733 -1.561559
2.795372 -1.417494
4.703453 -1.132437
5.486881 -0.363124
5.422714 -0.558001
3.247626 -0.866539
5.957841 0.552521
8.267447 3.674762
7.495110 2.733719
6.502369 1.974838
6.736974 0.229698
7.205039 0.894789
8.154275 4.475003
8.051930 2.938141
9.513831 1.462199
12.309208 2.890026
13.604583 -0.542574
14.684606 0.264139
13.045401 0.959123
12.578029 -0.622697
18.550879 1.104582
