13.899428 -12.360211
9.971515 -5.558565
8.052522 -6.510003
7.850193 -5.504998
6.708457 -6.192724
5.102935 -6.565964
5.230219 -5.926328
8.888558 -8.763314
7.747273 -8.046218
8.913959 -6.023187
3.617682 -5.841467
5.700701 -5.740808
3.129893 -2.718235
4.781309 -3.025091
4.066353 -6.572680
7.401013 -5.848312
6.551670 -6.483457
2.432628 -6.671199
2.146593 -6.905567
3.809219 -7.640251
7.975646 -7.110506
4.932661 -5.277807
5.166580 -4.768432
5.133964 -3.046111
7.069886 1.459802
6.050175 1.036361
5.405725 -3.048209
13.418571 -1.357903
13.508286 -0.782243
13.239249 0.110466
9.785402 2.050609
9.381239 1.590887
5.968579 0.460102
8.328326 3.647300
9.579074 -8.447334
10.508098 -4.593838
9.301290 2.761682
8.470306 1.809189
9.349960 4.424441
6.018516 -0.202073
7.343831 0.356664
7.034286 0.187741
7.246988 0.361484
11.143274 1.435031
9.542840 2.880440
10.901270 2.099880
9.979771 2.738504
9.580385 2.591821
6.986422 1.453866
7.808141 2.382954
8.073833 1.288959
10.080671 1.891046
7.331567 1.507702
6.623085 -0.130343
5.970301 -0.186730
6.479088 0.607749
6.552896 0.444171
7.395928 0.376815
6.137265 0.573816
4.478683 -0.951748
5.769951 0.498650
6.715887 1.458372
4.396150 -0.054222
6.401628 -0.080933
3.198737 -0.401971
4.427032 -1.101619
3.699123 -1.723198
3.314473 -1.335297
3.826119 -3.233914
1.811919 -3.930040
2.190071 -7.072719
4.111538 -8.140234
4.685580 -2.426867
5.030991 -3.382526
4.968480 -2.974329
4.115230 -3.388552
3.747361 -3.206041
5.152815 -3.854391
5.658805 -8.562882
6.843894 -6.474444
6.356262 -5.761809
8.922895 -5.751349
9.058148 -5.651242
8.004346 -5.816091
8.313923 -7.747703
7.994156 -11.497598
8.603419 -10.184124
9.468134 -5.845681
7.036420 -7.470077
7.304175 -6.579214
5.814120 -8.905668
7.429898 -6.774082
7.519159 -6.441464
9.802749 -10.564193
9.213200 -8.512189
5.958677 -8.529697
3.575530 -3.259090
6.076842 1.484673
9.520404 1.431709
10.834125 2.425647
9.892262 3.440926
11.459412 1.507722
11.233372 1.959566
10.785196 1.852605
11.219085 2.773511
8.769745 2.628970
8.780901 3.008539
6.974832 1.036980
3.568137 -1.185525
3.928588 -1.793358
5.143876 -2.315871
4.882100 0.363503
5.544186 0.317780
4.619026 0.484881
4.775040 1.208935
10.521182 1.950700
9.531296 3.108122
13.040298 1.814325
12.795975 -0.015713
5.470487 0.469827
3.696363 -1.215377
2.633620 -1.202607
6.752718 0.477329
4.514082 0.048307
3.719456 -1.087403
3.887239 0.163292
5.539143 -0.215371
2.327021 0.821368
5.173863 -0.792302
5.233103 0.526693
3.703380 1.377358
7.111564 -0.161203
4.689021 0.952632
3.439340 -0.272022
4.040907 -0.911384
4.984162 -2.591946
5.435793 -5.517776
5.437927 -6.152110
3.510599 -3.527596
4.738867 0.688413
7.126605 -0.138971
2.802112 0.873215
6.661636 1.816453
7.923922 1.385270
5.838071 2.236260
6.223366 0.153548
6.001850 1.482310
10.987411 2.715237
12.010782 1.616834
8.742670 1.616777
9.416309 1.287878
7.829132 1.908260
6.660076 0.933395
7.634371 2.288363
5.884124 1.631154
4.149726 -1.009949
5.290323 -1.324792
5.073453 -0.741252
5.142504 2.127896
7.831044 1.287189
10.671219 3.651086
10.739435 3.076327
11.711658 1.557024
8.078528 2.002912
8.738595 2.207871
7.092421 2.454372
8.477896 1.351838
9.787584 1.331128
11.100234 2.398858
11.598635 3.295596
9.850718 3.603877
9.408224 3.930592
8.766881 3.771558
8.738831 4.991684
9.419115 9.679474
12.217343 14.730594
12.769022 8.853469
17.117336 13.630935
15.184591 6.391970
15.678673 6.885614
15.515676 5.129345
15.232239 8.522667
15.648960 7.188747
9.348703 6.837983
9.080585 8.379047
11.983700 3.310117
13.452615 2.544773
11.111792 3.318747
6.537032 3.652791
9.449122 7.283978
5.453931 7.083357
9.894621 10.712854
8.135920 6.918638
9.291261 8.992781
9.790665 5.729955
9.726892 7.344369
8.526418 9.613506
5.645226 10.856042
8.775736 5.439686
8.221960 6.137655
11.326769 11.567812
4.702981 8.003708
8.559299 3.696257
5.902667 4.191707
6.928516 1.198932
8.840535 5.878268
8.380582 5.776442
8.158746 6.077743
9.352386 6.659608
9.310542 2.186376
10.721900 1.720629
9.955467 3.409008
7.383557 2.103638
2.883949 -2.643062
3.456046 -3.266119
5.153041 -7.753934
4.666991 -6.582025
5.741660 -6.981401
6.042507 -7.079962
5.275125 -4.731973
5.103870 -8.109230
7.123692 -5.639589
5.950085 -6.939515
5.086410 -8.430402
3.795408 -3.649201
3.176496 -5.149132
4.161539 -7.247807
8.414845 -5.263033
7.281807 -6.297377
9.821232 -5.560567
10.936877 -9.025249
10.733235 -3.850713
12.635519 -10.540850
14.114970 -8.214702
10.596759 -6.564437
7.848864 -6.940423
10.735197 -9.837952
5.467532 -10.272756
3.069984 -10.110517
10.773859 -5.528009
7.688963 -8.652724
12.869300 -6.921387
8.832386 -7.774523
5.965020 -5.890394
4.776096 -4.748556
4.416611 -4.794855
8.497665 2.044295
9.828181 2.814613
11.856054 3.772295
12.925007 0.664011
15.212715 -7.101559
9.918087 -5.272090
10.058707 1.456379
8.127167 1.301161
9.267698 2.889353
6.870296 0.973677
7.393026 0.417352
6.953222 0.194667
5.546136 0.657081
6.633331 0.050057
5.930229 0.790196
6.025640 0.072736
9.416569 2.821125
4.318665 0.461216
8.877387 2.201804
8.674448 2.258596
13.339985 2.263199
14.268415 0.384018
13.350868 -1.455421
13.704102 -1.501200
14.652706 -0.027227
16.555220 7.876224
15.093785 6.218629
17.383781 4.185436
10.899466 1.434182
12.143858 1.452992
14.120903 1.045854
10.754065 3.354519
8.416719 1.750596
6.935781 2.407962
7.192726 0.884672
5.909482 0.510252
5.612287 1.593686
11.135274 2.493311
9.036397 4.039269
8.705171 5.433410
9.530481 7.558336
7.389721 3.567745
6.763886 0.240378
6.811954 1.272918
10.053518 2.657815
8.563643 1.319435
9.963653 1.331629
6.995693 3.957567
7.346642 0.725124
6.014933 1.113677
10.512891 2.370384
11.380426 3.076578
7.415050 3.011306
9.644791 3.050850
13.671921 0.591517
12.980895 0.390823
13.228288 0.190593
13.141661 1.033827
8.754481 2.919672
6.072371 0.376380
3.843424 -0.361048
4.165826 -2.972421
4.881063 -3.149406
2.196053 -4.578780
4.191044 -3.579607
