-11.010715 1.128325
-7.936386 3.013811
-8.310541 3.397428
-8.536781 6.857183
-5.687167 8.130478
-4.947456 6.478044
-4.978155 7.193162
-3.969605 6.942904
-2.625311 8.024500
-2.029676 5.548481
-1.539677 6.283762
-2.293256 4.798957
-1.441176 5.870180
-1.390443 4.773339
-0.745091 3.245347
0.715004 1.075496
-3.324069 1.012291
-1.708777 0.072310
-2.412414 5.017712
-2.131934 5.412972
-1.091313 4.852195
-2.035645 5.674139
-1.515208 8.029029
-3.308700 7.151344
-3.834226 6.470946
-3.283738 6.917229
-4.988278 6.353687
-4.979938 7.560611
-4.528051 7.937140
-2.962812 6.703784
-4.309223 12.097276
-3.359741 8.219487
6.406999 9.131246
6.644378 13.448915
