-4.714358 13.786182
-5.503112 7.300988
-4.904627 8.691049
-5.143037 7.150157
-4.980694 7.454417
-1.403048 7.169252
-4.750371 7.567643
-1.125121 5.895577
-1.905007 5.076674
0.208080 3.576064
-1.842797 4.037334
-1.230865 2.342923
-1.380535 1.179721
-2.985516 1.143383
-2.771241 0.700606
-4.008686 -0.319208
-3.523111 0.657315
-5.236057 1.136428
-2.277269 0.225457
-4.533270 0.317094
-6.481999 -0.232207
-7.868916 1.465973
-9.318920 3.202464
-7.550634 2.894729
-8.250398 3.468861
-7.675059 2.205120
-4.945538 0.218964
-4.094931 1.065094
-5.360167 0.776418
-3.792037 0.805330
-1.193331 0.053008
-1.991552 1.662700
-2.395616 1.820190
-1.517638 2.607937
0.349581 2.079443
0.034962 3.568697
-1.591922 6.150547
-5.019918 7.027619
-5.679452 7.488808
-4.429801 7.020018
-2.561439 7.030515
-0.187302 3.111204
-2.303942 2.816339
-2.015418 2.979948
-1.882717 1.525100
-2.721150 0.823788
-3.860331 0.399272
-3.088117 1.101324
-1.600654 -0.367181
-3.704602 0.384401
-2.771798 1.068889
-2.036315 0.932960
-2.841174 0.964216
-1.239090 0.890735
-2.397249 2.430280
-1.663795 1.259902
-3.139655 0.723080
-3.471802 1.236344
-5.089514 -2.145582
-4.590295 0.096467
-5.031024 0.299636
-8.261610 1.339636
-7.701599 2.143560
-7.904355 2.664335
-7.793813 1.199127
-6.642484 -1.673473
-6.344400 0.806475
-5.679440 0.578801
-8.366133 -2.439838
