14.968869 -10.223722
9.545184 -8.371634
6.927323 -6.828367
7.466210 -6.668294
5.753548 -10.239157
3.977808 -8.619735
4.455428 -6.943429
4.584992 -2.963685
4.344446 -3.712289
5.643340 1.024263
9.505453 1.694381
8.798813 1.808695
10.989647 2.765230
10.765059 1.478692
12.180588 1.929615
13.387407 -0.036257
14.588216 -0.192113
12.228945 2.465855
12.111846 1.449417
11.452398 2.745862
14.184675 2.024725
13.183145 2.371194
11.952320 3.212240
12.624823 3.388421
13.781437 3.008588
9.733783 5.084127
8.923154 4.515270
9.672250 6.652452
6.961096 4.655440
6.827065 8.330701
10.396448 1.757745
6.394137 2.457225
6.625412 0.261455
2.603789 -0.812743
2.884302 -2.417115
4.700170 -6.674596
6.854643 -6.313345
7.934228 -6.358980
7.253875 -5.331464
4.228571 -3.173548
4.402650 -0.105376
6.728736 1.058105
10.934389 -4.582196
9.276253 -7.147112
10.357506 -7.658171
10.018521 -7.175398
9.159447 -10.068084
9.513979 -7.323924
9.183110 -5.346673
9.992380 -7.802597
14.032337 -12.876345
10.849769 -6.974839
8.976428 -8.918252
8.339880 -8.744531
11.123718 -5.160243
10.580142 -8.905758
9.007142 -7.764002
10.266172 -11.313510
11.625463 -7.997829
9.639424 -7.362506
12.860797 -7.168293
15.042938 -8.562593
15.201715 -8.916368
11.598896 -9.912575
14.262466 -8.018007
11.088961 -9.390940
12.669934 -10.237388
15.981015 -11.114256
14.720904 -10.394683
13.978671 -9.327686
8.302302 -6.583078
5.866829 -8.620776
3.980867 -1.848160
4.120944 -1.342481
5.803028 0.408417
6.318918 1.008311
3.516183 -0.068084
4.421947 -2.975798
6.089845 -0.052711
6.461640 1.467064
8.289988 1.453108
8.130109 3.252095
17.387318 2.539838
15.222025 -1.369786
16.550440 2.255321
10.556208 2.678333
8.808676 4.384611
8.151415 1.869476
10.192895 1.509389
14.216805 1.453713
10.375839 2.391135
12.749187 3.023874
9.597239 1.986441
-4.527199 9.358445
-3.383096 13.248458
-4.793295 14.264132
