8.547400 19.146618
4.554787 12.977325
2.075260 11.150912
-1.795685 10.035241
-1.568485 10.075650
-1.794343 10.037275
-1.566849 10.078376
-1.790733 10.041736
-1.562500 10.084212
-1.781238 10.051105
-1.551144 10.096096
-1.756858 10.069637
-1.522232 10.118550
-1.694767 10.103301
-1.449292 10.155924
-1.544033 10.156363
-1.268850 10.205577
-1.197027 10.210969
-0.861809 10.229295
-1.661072 9.683112
-1.216000 9.722344
-0.988597 8.639045
-1.443727 8.664178
-1.157048 6.282622
-2.206352 5.303271
-2.186539 5.516811
-2.086635 5.681351
-2.285010 1.547787
-1.992222 1.132853
-2.741143 0.463116
-3.313508 0.086853
-3.467391 -0.171485
-3.953111 -0.159288
-4.299764 -0.080190
-4.245924 -0.195577
-4.572419 -0.136675
-4.279315 -0.322188
-4.094970 -0.370386
-4.416353 -0.145381
-4.348228 -0.216638
-3.846633 -0.385809
-3.685824 -0.413941
-4.037915 -0.194317
-4.014108 -0.249243
-4.380949 -0.180409
-4.104500 -0.342598
-3.922992 -0.384789
-4.253973 -0.165955
-4.201886 -0.230160
-4.536953 -0.156870
-4.243520 -0.327702
-4.058776 -0.372776
-4.381451 -0.150031
-4.316080 -0.219912
-3.815560 -0.388649
-3.658174 -0.416242
-6.680775 1.237088
-7.361390 1.270376
-7.948032 1.455232
-7.579542 1.378568
-7.978641 1.513349
-8.957235 1.251206
-9.464199 1.381929
-9.704147 1.383528
-9.621969 -0.121645
-12.258699 -2.117084
-18.277422 -5.657183
