15.260266 -11.361129
9.193951 -9.843183
9.300259 -9.870948
9.193951 -9.843183
9.300259 -9.870948
9.193949 -9.843183
9.300257 -9.870949
9.193943 -9.843180
9.300248 -9.870944
9.193901 -9.843162
9.300196 -9.870921
9.193653 -9.843028
9.299893 -9.870756
9.192321 -9.842111
9.298286 -9.869609
9.186208 -9.835732
9.291185 -9.861556
9.170114 -9.790999
9.276222 -9.804165
9.266036 -9.483372
9.133260 -9.544630
9.281330 -9.089979
9.152197 -9.197335
9.270235 -9.036487
9.140777 -9.160056
9.266573 -9.031337
9.137871 -9.156543
9.265892 -9.030906
9.137368 -9.156258
9.265788 -9.030877
9.137293 -9.156240
9.265774 -9.030877
9.137283 -9.156240
9.265772 -9.030877
9.137282 -9.156240
9.265772 -9.030877
9.137282 -9.156240
9.265772 -9.030877
9.137282 -9.156240
11.018687 -7.709741
8.914198 -6.101588
7.398720 -4.457733
2.833820 3.143689
1.779399 4.923518
0.140970 5.300717
-0.599702 5.551434
-1.016108 6.597596
-1.353288 7.556025
-1.028980 7.672829
-1.179888 10.576386
-0.459669 11.562179
1.384712 13.903309
