17.786795 -0.740406
12.644598 1.145244
11.846915 2.145897
11.514031 1.977619
10.606462 1.662390
8.780848 1.411440
8.449653 1.324605
8.560135 1.429756
8.562984 1.485961
8.271289 1.331621
8.373667 1.407490
8.386585 1.451610
8.126701 1.298570
8.204906 1.367154
8.218390 1.406566
8.050712 1.326991
8.062234 1.364396
7.910005 1.291127
7.916340 1.326161
7.909669 1.359069
7.787578 1.294562
7.741902 1.327785
7.660830 1.271189
7.573248 1.299686
7.586982 1.332448
7.566272 1.293383
7.549282 1.276246
7.495389 1.125794
7.427428 0.870527
5.795392 0.218631
4.408797 -0.334674
3.371661 -1.251972
2.127860 -2.550902
0.798402 -4.210029
