12.382086 1.265083
10.332210 1.531627
9.596554 1.598965
9.037195 1.522715
8.225192 1.359090
8.264750 1.420946
8.080971 1.322514
7.877393 1.271743
7.845881 1.301501
7.876442 1.342247
7.846018 1.319072
7.877597 1.354325
7.847226 1.322259
7.879010 1.356652
7.848508 1.323021
7.880363 1.357309
7.787103 1.263069
7.849715 1.323355
7.881614 1.357661
7.788085 1.263288
7.850825 1.323600
7.882761 1.357941
7.788986 1.263470
7.851844 1.323812
7.883813 1.358190
7.498849 0.993517
6.826025 0.388985
3.664757 -0.314319
-6.240466 -6.894393
-7.788025 -7.952231
-10.834639 -9.628362
-11.840758 -10.159770
-14.093407 -11.390233
-14.406097 -11.612028
-15.169457 -12.126549
-15.194942 -12.179231
-14.233679 -11.165259
-13.829297 -10.704307
-14.168236 -11.128288
-15.047434 -11.908552
-15.100355 -12.031602
-14.169930 -11.072029
-13.780558 -10.638368
-14.127993 -11.079224
-15.028809 -11.885468
-15.086600 -12.015433
-14.160814 -11.061770
-13.773719 -10.631053
-14.122486 -11.073627
-15.026307 -11.882802
-15.084793 -12.013526
-14.159622 -11.060555
-13.772829 -10.630180
-14.121777 -11.072951
-15.025986 -11.882476
-18.951868 -16.413801
