-19.065119 -18.399134
-19.020117 -10.535763
-12.343714 -9.403739
-9.938099 -15.686523
-6.792849 -9.465810
-8.654841 -8.168539
-7.267575 -14.347796
-9.102549 -9.117584
-9.834794 -11.535343
-11.854424 -9.900293
-9.106090 -14.088899
-9.497890 -13.035960
-11.928528 -10.421712
-13.372506 -12.058229
-9.602233 -9.919709
-11.596819 -10.334371
-10.397681 -10.085982
-9.712269 -8.243320
-6.161280 -8.826796
-8.044994 -8.940231
-7.641357 -6.810382
-7.441536 -5.142437
-6.101397 -5.129492
-8.252048 -2.389949
-6.645457 -3.027819
-8.977016 -2.184410
-7.281173 -3.264394
-7.855623 -1.368667
-7.742794 -5.229109
-5.601286 -10.205703
-11.013551 -9.466981
-10.156567 -8.344850
-6.874743 -8.077211
-7.773093 -3.532812
-7.350979 -0.582206
-10.488706 0.478325
-11.044565 1.264251
-13.507472 -4.278291
-13.252675 -5.630925
-16.014420 -7.266020
-14.004111 -7.031401
-15.781557 -6.568305
-15.142527 -5.955837
-14.466697 -7.109075
-14.424225 -6.214019
-10.656186 -12.207808
-5.430069 -9.819505
-7.270138 -8.458959
-5.781785 -7.297248
-5.711684 -8.010635
-10.570393 -8.547956
-10.497269 -8.023202
-5.611910 -8.202410
-7.344501 -7.689270
-6.714874 -3.794950
-7.510264 -6.803822
-5.449642 -6.097456
-6.067739 -6.642853
-7.805764 -7.798841
-7.617540 -6.791410
-6.343850 -4.121608
-9.030799 -1.851832
-10.176735 -2.044238
-10.384783 1.751247
-10.475619 -1.955423
-11.649856 -2.570886
-10.286247 -1.486595
-10.856318 -1.738208
-14.864697 -4.153332
-11.935387 1.489025
-11.334443 -1.599176
-9.546627 -1.510906
-7.552948 -1.157238
-7.772359 -5.439722
-7.928778 -8.892083
-8.215958 -8.359888
-10.858772 -9.118682
-9.091194 -8.952537
-11.238974 -9.007720
-10.756071 -8.786592
-13.284618 -10.487866
-6.488406 -7.784371
-7.759254 -7.434061
-7.646912 -6.811545
-7.025013 -7.010356
-7.675027 -4.117650
-7.409870 -5.643628
-6.961061 -9.256232
-8.609743 -8.254573
-12.901617 -9.435005
-13.830023 -4.914233
-13.496794 -6.320688
-14.514693 -8.149011
-12.405115 -10.112165
-12.936747 -8.792024
-7.720112 -9.613244
-8.750710 -9.031792
-8.710491 -8.517137
-10.759832 -9.151973
-11.064518 -9.454574
-12.483430 -10.010554
-7.433406 -4.540259
-5.876082 -0.129357
-11.006942 -1.913832
-9.532997 -1.055485
-9.483402 0.378933
-9.419816 -0.692286
-6.749276 -2.353604
-5.393585 -0.463186
-5.962044 -3.881649
-9.508474 -2.296514
-12.825861 0.382318
-13.070040 -5.694436
-13.422507 -5.906567
-13.416869 -6.501851
-13.670033 -9.120614
-10.709272 -9.527002
-10.423998 -9.960938
-10.704073 -8.485537
-7.502586 -11.112243
-6.738045 -7.660729
-5.283229 -5.719551
-6.192410 -3.974043
-5.377503 -2.969216
-7.405332 -8.842562
-5.877247 -8.663986
-5.050828 -6.481522
-6.133777 -7.838424
-9.044346 -8.310913
-6.952196 -7.976458
-11.281956 -9.046540
-11.107603 -8.292403
-8.543506 -8.799779
-14.838881 -7.666198
-9.304399 -9.433056
-6.914642 -10.681159
-11.002789 -9.596400
-9.701756 -8.474445
-8.065125 -8.253850
-5.263216 -5.847666
-7.377742 -5.913321
-7.010327 -6.765659
-7.258714 -8.088134
-5.645458 -9.091370
-10.415659 -10.624646
-8.193481 -10.615983
-6.585148 -9.371774
-8.586806 -10.230958
-7.150516 -9.627137
-8.891496 -8.994946
-9.583452 -8.244249
-9.788778 -8.125396
-9.768839 -10.138459
-8.167406 -9.360421
-7.005610 -4.840100
-7.507057 -5.712309
-7.142395 -7.245370
-5.086576 -7.434406
-6.308170 -5.555809
-7.577006 -1.873868
-6.555959 -3.265782
-7.538195 -5.386382
-7.956177 -1.833700
-9.945485 -2.741246
-10.320199 -2.783466
-9.037398 -1.122590
-7.049293 -1.995582
-10.989563 0.025271
-14.831156 1.950741
-11.412486 -2.473042
-9.394341 -8.676983
-10.904490 -8.065556
-13.735473 -8.672206
-13.126949 -5.946528
-13.378222 -6.068447
-12.934781 -3.202281
-12.959131 -4.796048
-13.106520 -0.200749
-10.630964 -1.559748
-9.313728 0.877695
-8.876011 0.649300
-7.735913 -3.097005
-8.466304 -2.442740
-9.935867 -1.831425
-11.562948 -2.027485
-12.225678 -2.207732
-9.859461 -2.534155
-8.459840 -0.442691
-6.667774 -2.453099
-7.587138 -5.156832
-5.749509 -6.898316
-5.530494 -6.569475
-5.444893 -5.600871
-6.203062 -4.691686
-5.671989 -3.567043
-8.422011 -1.395468
-6.912631 -2.965469
-9.369514 -2.968153
-4.529417 -5.151220
-10.278111 -10.055986
-9.901965 -8.247460
-8.277615 -8.311157
-6.331535 -6.870173
-4.898353 -3.998081
-5.811736 -5.522268
-6.620366 -7.434453
-7.757828 -6.657578
-7.711433 -5.276670
-6.291573 -8.681344
-7.919182 -8.363196
-10.624395 -10.593858
-12.984748 -7.939110
-12.961819 -5.425733
-15.902395 -6.506411
-12.921232 -7.198376
-17.347359 -6.977160
-12.677540 -10.313090
-9.752054 -13.734710
-11.048475 -11.646190
-9.007781 -8.391405
-9.092424 -8.475096
-10.327427 -9.832433
-8.740045 -11.899014
-10.565290 -9.143372
-7.827046 -8.252224
-7.877340 -6.734131
-6.259451 -7.064335
-6.221128 -8.865950
-6.448242 -8.632257
-6.220459 -6.579388
-7.644146 -6.638579
-7.778981 -7.162203
-9.710238 -8.581318
-12.618603 -9.994366
-10.155144 -8.853548
-6.558577 -6.717646
-7.690800 -11.427032
-10.820084 -9.690172
-12.792023 -0.483412
-11.837400 -2.923697
-12.111772 -1.155457
-9.671962 -0.243091
-12.990650 -3.019394
-13.614373 -5.268457
-15.769693 -4.240525
-10.086936 -1.597015
-9.696567 -0.925448
-11.149889 -1.469116
-6.480687 -3.336535
-8.767389 -1.932481
-10.665047 -0.761979
-12.997883 0.626227
-13.786986 -7.035139
-15.290863 -6.045714
-13.749639 -7.448770
-13.553399 -6.033448
-14.834730 -6.409705
-14.371180 -8.168412
-9.704283 -8.198703
-6.072824 -8.391531
-7.194558 -7.709415
-7.530207 -5.343320
-7.418090 -5.561122
-6.492561 -10.034715
-6.325482 -5.849581
-6.677153 -5.618080
-6.794488 -5.976224
-6.445051 -6.481313
-8.088676 -8.272159
-8.290760 -8.501220
-10.161402 -8.223520
-11.310316 -8.808699
-9.107959 -8.813117
-6.742112 -8.183421
-6.520797 -5.571164
-6.144090 -4.649882
-7.167736 -8.420637
-7.828373 -8.312932
-8.283094 -8.421546
-13.718312 -8.749597
-19.929987 -6.701776
-16.734615 -4.320940
-11.382278 -2.084606
-8.400519 -1.721922
-11.719471 -2.052000
-13.688728 -2.694679
-6.880102 -1.167057
-7.420799 -4.844896
-7.815197 -5.657889
-4.550401 -3.751422
