18.114746 -4.631829
14.206314 1.590765
14.385571 -0.366860
13.029263 -7.610714
13.827407 -3.700934
11.685808 -3.132722
11.621426 -3.153025
12.560019 -1.923203
14.383055 -7.225038
9.189841 -7.735028
8.167326 -7.501984
11.207726 -9.849180
13.159293 -9.413920
12.447524 -4.592349
11.756941 -2.172634
14.919939 -3.280346
8.669229 0.307441
6.949223 0.275747
6.752908 1.088101
5.253438 1.709993
7.799993 -1.596282
8.153868 -0.249903
8.415383 -1.283063
9.096507 0.753458
7.408490 -1.217592
7.417370 -1.327931
8.347223 -0.512535
7.967659 -1.481486
7.765816 0.610294
5.746909 1.736134
3.075790 1.726476
4.944372 1.142006
4.594491 1.173684
2.408327 1.087878
2.166933 1.107970
0.734784 2.105115
1.090556 0.489499
1.585100 0.035721
0.641700 -3.718049
0.126593 -3.878754
1.330038 -3.165094
-0.341114 -2.163989
0.830444 -0.382616
0.717340 -0.753937
0.263143 1.351025
1.420843 0.688790
2.112683 1.385094
2.058141 2.438221
1.402806 0.909137
1.701234 -0.357622
1.671664 0.284554
0.942453 0.080009
0.971068 -2.096416
0.993183 -2.091947
0.975434 -5.785969
2.592319 -4.471858
5.211431 -4.478186
5.117674 -4.443438
6.007907 -5.013757
4.911321 -7.313280
5.793872 -7.406521
7.435343 -6.894934
8.041020 -8.357062
4.634727 -8.989202
9.553967 -7.783869
8.018178 -7.326573
10.104059 -7.744278
7.899261 -6.944973
5.152033 -7.600460
2.437508 -5.402463
4.554188 -6.678247
4.012723 -4.082397
3.648094 -4.182461
2.988714 -4.203342
1.193543 -4.183559
1.308202 -3.484897
1.076100 -4.057573
1.747704 -0.956443
0.714501 -1.780574
0.541630 -1.689058
1.708115 -1.678520
1.017150 1.356948
3.095028 1.407857
3.447832 1.364145
3.630656 1.149859
2.905833 1.387388
1.364346 2.409067
1.515878 -1.151493
0.479823 0.094751
1.766431 -1.807593
0.658052 0.055323
0.112665 -1.346217
1.202470 -1.046257
0.277596 0.490749
1.780077 0.053732
1.696906 0.121911
1.782892 1.284101
1.929863 1.229879
1.121858 0.323454
0.928410 -0.587818
0.865707 -0.071897
0.602460 -0.621481
0.220786 -0.417320
1.515963 1.579408
3.291625 1.309682
2.580080 1.263633
2.576774 2.075868
2.819422 1.256953
2.273567 1.688493
5.067439 1.818740
8.047077 5.150281
8.024336 2.775778
8.462281 4.392939
6.906069 2.741836
7.404392 1.376435
7.132368 1.707364
8.409147 0.945148
8.564762 0.814060
6.834791 -0.420484
8.968142 -1.236189
5.012527 -7.420031
5.333406 -6.137836
5.954999 -7.042058
6.150548 -4.916081
7.116952 -8.394237
7.340834 -7.594565
4.666558 -9.156478
5.186839 2.183634
6.302618 5.039471
8.454617 4.180793
8.605338 -0.362529
9.958664 -1.629062
11.598337 -3.849508
13.529676 -1.858085
11.885993 -2.256207
7.567104 1.960934
8.283973 -0.597507
7.713554 0.470281
8.816133 1.322101
7.938301 1.368841
8.479575 3.848401
13.165707 5.635236
10.575157 4.495642
11.335313 3.731293
12.558017 5.071940
10.557092 4.735783
8.108917 3.443340
4.786423 3.077391
8.661543 0.757334
6.469937 3.023476
9.956345 3.736943
12.368085 4.624514
12.576326 4.137701
16.175508 2.549588
13.338475 3.757460
12.721621 3.813695
12.661311 3.884906
11.165936 3.499206
9.097134 3.502722
9.383965 4.390483
8.648105 1.017550
9.036164 0.815802
6.208580 3.350241
8.007595 0.968880
6.988769 -0.764246
8.702262 -0.619527
8.846444 -0.333903
6.921601 -0.043012
6.750716 1.748310
6.715628 3.947077
6.598311 4.377471
12.135207 3.881578
8.048896 1.763633
9.275774 5.559860
11.583785 -3.534057
6.588762 -9.633564
1.957683 -7.310930
3.732693 -4.849341
7.203430 -1.294076
7.345441 -1.018534
7.420392 -1.639835
6.171157 -6.215500
5.624955 -4.910883
5.016702 -6.449682
5.790511 -6.078290
5.461408 -5.368193
7.522012 -9.095322
5.432698 -9.518748
6.230772 -5.587848
7.267136 -1.101167
7.299716 0.758099
8.458705 1.150952
8.972445 3.702763
12.561561 3.429340
11.063711 4.576836
13.425996 -3.201541
13.530796 -1.842700
12.640320 -3.676381
14.670832 -4.428741
12.287148 -2.570697
11.762428 -2.119032
12.669644 -1.728608
15.646169 -5.878763
15.260661 1.083179
15.876648 1.663401
15.033398 4.833232
15.869611 5.850943
16.573978 -3.474630
16.992254 -7.972611
13.525767 -3.866269
14.658249 -2.142486
15.691837 1.199936
14.889380 6.580403
12.069005 6.101181
11.563571 7.562407
11.819820 4.598420
10.241713 5.252657
7.515867 4.746242
8.920962 4.477305
7.799481 5.113903
7.841269 5.491072
7.000257 3.803404
8.547903 3.405533
9.819931 4.637069
5.660577 2.441818
8.418877 5.022902
7.205857 5.260744
9.338191 4.173904
8.333988 4.275395
6.176497 4.062406
10.320020 5.314601
12.221457 5.529224
12.200212 6.198461
13.565513 6.478215
9.238562 4.495349
10.077356 5.259786
9.986651 4.556545
9.462133 5.560154
6.561944 5.353243
5.636329 3.973731
5.747203 4.772289
3.363600 7.423772
4.695624 6.829731
5.294835 7.686737
6.106984 2.944679
6.213337 5.926620
6.439424 9.560520
4.653985 9.404258
5.739665 2.620493
7.719260 5.420251
9.154071 4.965683
8.650129 2.839911
9.638224 4.207011
9.912748 4.756675
11.098862 5.173684
10.347769 5.418168
8.373610 3.007038
9.031275 1.692912
7.028088 4.287228
7.405747 2.456813
8.561238 0.943230
3.933654 1.587878
3.377868 1.355997
0.892372 1.851552
0.757382 0.529292
1.064280 -0.383492
-0.804085 -0.304545
0.525747 -0.394328
1.259594 -2.923529
1.476377 -2.491137
1.373384 -1.664184
1.679393 -0.171988
1.490616 0.591401
1.651965 0.497088
3.916119 2.852829
6.200428 3.274026
5.667236 3.040823
4.753272 3.196726
7.693470 2.383743
8.452422 2.178785
8.203372 1.535556
7.713372 0.086957
6.791751 1.257494
5.464947 2.392072
6.325803 1.095727
5.417072 1.615805
5.433581 1.470034
7.116060 0.668109
7.950377 4.099123
5.199464 2.118658
5.102409 1.559084
6.781404 1.154223
8.890258 -1.420444
8.630293 -1.573963
7.047159 -0.386948
7.155896 2.179018
6.641898 1.063906
7.233361 -0.725686
4.631632 -5.192538
5.727279 -5.249810
4.703856 -4.275520
6.917451 -7.900928
8.065946 -7.391142
5.726727 -8.605086
8.831304 0.909816
8.683086 -0.077145
6.911096 -0.187062
8.215240 -0.243445
6.983153 -1.504442
7.931484 -1.430915
6.306284 2.696006
5.986908 1.587730
7.595928 1.700141
11.869486 5.965012
16.381289 4.946864
14.779758 3.308684
12.839104 -3.561143
12.476926 -3.398614
12.772942 -1.926614
11.705254 -1.725226
12.621252 -2.211346
6.762978 1.263699
8.584535 1.796399
8.422713 -0.548324
6.836295 -0.274547
5.735823 -3.972313
4.797568 -7.075137
9.442373 -7.827250
7.537960 -10.187753
6.509588 -8.086848
3.473904 -9.772985
0.876480 -6.796056
2.412122 -6.512059
4.735626 -6.881466
5.152977 -6.449286
5.640013 -6.727002
6.872192 -7.559535
8.856138 -8.276368
5.811545 -7.867670
10.495939 -7.889666
10.707438 -9.138747
11.761166 -8.186209
11.939606 -4.351977
13.399678 -3.432780
4.216031 -6.417822
5.663356 -7.363935
7.813936 -1.044132
7.922716 0.388312
8.449586 2.116063
8.944314 2.444340
7.666590 1.630117
8.153204 -1.231464
7.890255 0.945526
8.541034 1.167492
9.018050 0.185586
8.730318 0.769678
7.480577 -0.315929
6.629592 -7.622791
3.904651 -9.016385
4.810835 -7.496259
5.362226 -5.906099
5.646073 -4.249497
5.079996 -8.399081
6.279696 -9.042274
5.198787 -10.279027
5.591248 -7.747775
6.116415 -9.932111
9.027246 -7.945097
14.089921 -5.537049
14.430575 -4.754298
14.215465 -1.278798
14.591354 1.849156
14.094524 4.065012
15.220245 5.616306
13.210846 4.272987
14.298807 3.520015
14.823937 6.553736
9.553732 4.118209
12.141735 7.057024
11.734762 4.608747
10.552513 -1.627020
8.679261 -7.161186
13.337116 -8.495839
9.363286 -7.870413
6.563627 -6.689965
6.826390 -7.607378
6.103690 -5.878535
7.734739 0.340329
8.689692 -0.430631
7.864414 -1.558579
8.234388 -1.077122
5.795074 -5.506627
4.743933 -7.844037
6.985207 -6.990204
5.127917 -4.588149
3.125151 -7.941664
3.679360 -5.047378
6.213428 -7.681631
4.142555 -9.894907
7.589348 -8.610158
7.430106 -6.938581
8.981387 -0.923077
4.788963 -4.422272
6.313160 -7.982509
5.740180 -5.350633
5.982423 -4.649261
8.740898 -0.773488
7.243895 -1.081196
7.644090 -1.434834
5.974945 -4.203580
6.430889 -6.540473
2.519479 -4.762472
1.861755 -4.719539
1.122439 -4.045216
6.901590 0.057183
6.882429 -1.233771
8.452811 -0.408606
8.103677 2.741631
13.436579 -5.202048
13.573048 -6.828073
15.093205 1.606250
14.612745 3.819553
13.793649 3.676843
10.146465 3.588434
9.710199 4.492620
4.735595 -5.715398
1.576497 -4.038524
1.950594 -4.218815
8.003691 0.910256
8.616282 1.970133
11.802053 4.350305
10.101843 4.003702
13.188850 5.313941
16.085503 8.404849
13.197607 9.612237
13.846582 11.486727
8.523481 11.733778
11.463247 10.851699
8.773162 4.856115
9.641410 3.752685
15.083693 -2.045640
16.102983 -0.963958
11.472214 -7.165846
9.091510 -0.478301
7.516500 0.095793
8.789965 1.591960
8.787114 2.839434
8.810298 0.611548
7.434210 -0.414364
6.984823 -7.359146
6.891362 -9.990013
12.406484 -11.586822
8.263995 -9.217317
9.873220 -7.216876
7.434841 -9.428685
10.495462 -8.188195
8.868624 -8.935905
7.278662 0.890514
7.625902 -0.748599
1.454330 0.852896
1.354599 0.853165
6.091686 -4.702363
4.692991 -6.827558
7.092923 -9.348263
7.950688 -7.546547
6.141429 -7.469442
8.655337 -8.298297
8.978996 -6.712084
9.307734 -10.097434
4.732440 -6.526952
4.034371 -4.087057
5.392083 -4.181256
3.183451 -6.508725
6.344964 -4.273020
7.516521 -0.433003
8.445705 1.624712
8.122288 -1.244808
8.954499 -1.468331
7.022295 0.069509
4.212677 1.655673
3.670782 1.488125
3.950810 -4.086033
6.482744 1.936105
7.322692 0.741182
6.482733 2.309076
8.381196 0.656523
6.970181 0.394848
1.571275 0.274129
3.179033 -4.333974
2.070679 -4.317916
1.001207 -2.788695
1.453946 -1.776148
1.575255 -1.813254
3.515965 -3.968485
5.995072 -4.373256
5.563560 -4.064802
2.731175 -8.637734
1.879788 -4.693312
1.085367 -7.559009
1.637162 -7.382216
0.793850 -6.727581
0.764053 -4.645121
2.270149 -6.520824
4.984197 -4.632540
7.104017 -1.271820
8.134437 -1.589436
8.062080 1.268182
8.179841 0.953604
8.648215 0.591468
8.402493 0.258291
8.803797 1.439121
7.996924 -0.102081
7.788632 0.104191
7.300320 0.784420
7.065348 1.212433
6.799904 2.001514
1.904693 1.230730
0.701450 -0.256440
1.100231 0.760879
1.792730 -1.829379
0.846025 -1.049778
1.392296 -0.167496
1.355955 -3.319921
0.607211 -3.730961
1.640484 -0.331548
-0.607203 -4.364726
1.974400 -4.742024
4.005499 -4.047793
1.352361 -4.762175
2.573832 -4.773242
4.844975 -5.490922
5.508182 -5.381442
4.327661 -5.511896
4.997856 -7.250687
5.379619 -4.089556
4.346188 -5.290463
3.635558 -7.432662
7.827546 -6.685466
6.245958 -7.237465
9.701161 -10.746980
12.328285 -6.340455
13.305578 -3.177680
13.551256 -2.890620
11.822804 -3.035263
12.131227 -2.326540
14.121556 -2.455394
15.179294 0.941219
14.746973 0.834944
18.254110 0.427593
14.483504 2.747510
15.464518 6.483509
12.594512 3.561360
11.411678 4.959874
9.438592 4.817593
10.330099 4.972311
12.459734 4.001269
10.586657 5.011319
10.682314 5.148370
11.619012 3.979289
8.477274 3.432052
15.244690 5.504413
14.646320 2.225846
16.477282 5.250869
18.458088 6.757113
14.453010 7.914824
15.835775 10.130672
15.847289 7.689641
16.683470 5.052652
12.410641 4.560975
11.755024 6.500173
13.148705 7.982632
14.833494 7.563756
10.590471 4.904959
9.353517 5.238719
8.517830 3.187700
9.107167 3.193279
7.754264 1.726449
8.575792 2.613323
-6.839533 7.967114
-7.712061 8.484695
-13.176728 9.751453
