-12.703474 0.909928
-7.367073 5.033283
-3.105505 8.793948
-2.211772 9.977916
-0.334810 10.014728
-1.727046 10.421445
-3.713801 11.390076
0.312123 10.498460
4.641438 9.874135
5.346493 10.816327
7.639592 12.625546
5.315941 11.418092
0.037995 8.894055
3.283109 9.240396
-2.404305 11.640109
-5.080342 14.028899
-3.930949 13.032063
-1.613035 10.725129
-1.699891 11.549163
-1.455234 10.130355
-3.739933 9.392090
-2.863590 9.073554
-3.339718 13.836034
-1.803036 11.593026
1.868156 9.097738
3.011570 9.358386
3.035525 8.225327
8.157223 15.068571
5.626052 8.984495
3.406426 16.770624
2.322469 16.608885
